sample_id,BART_post_rouge1,PEGASUS_post_rouge1,BART_post_rouge2,PEGASUS_post_rouge2,BART_post_rougel,PEGASUS_post_rougel,BART_post_bleu,PEGASUS_post_bleu,BART_post_meteor,PEGASUS_post_meteor
0,0.39506172839506176,0.5277777777777778,0.20253164556962025,0.37142857142857144,0.345679012345679,0.4722222222222222,0.08557205355606828,0.24654059869001407,0.3567287010193585,0.4532202871398803
1,0.4044943820224719,0.45,0.1379310344827586,0.25641025641025644,0.35955056179775285,0.4,0.10655498022151062,0.14115050213610963,0.20454545454545456,0.27875514403292184
2,0.35443037974683544,0.3661971830985915,0.12987012987012986,0.14492753623188406,0.22784810126582275,0.22535211267605634,0.03320585776558893,0.032549018577030416,0.19366068824730243,0.27186761229314416
3,0.36956521739130443,0.3835616438356164,0.13333333333333333,0.16901408450704225,0.2826086956521739,0.273972602739726,0.08369019961300535,0.07801185830984425,0.21220877731623622,0.19604086845466157
4,0.40425531914893614,0.3188405797101449,0.10869565217391304,0.059701492537313446,0.2340425531914894,0.17391304347826086,0.02728291212250173,0.02223926481691886,0.2143098661731207,0.18014527845036318
5,0.5217391304347827,0.5079365079365079,0.2686567164179105,0.2950819672131147,0.3478260869565218,0.4126984126984126,0.017839797286123647,0.05767333312444645,0.40944370026002685,0.5267716535433071
6,0.5565217391304348,0.6086956521739131,0.2831858407079646,0.37777777777777777,0.3652173913043478,0.4565217391304348,0.18786283717957036,0.2136523051104195,0.3753837818313166,0.4245917597261262
7,0.3404255319148936,0.34782608695652173,0.08695652173913043,0.11940298507462685,0.1702127659574468,0.2028985507246377,0.011782386561983231,0.009250348961589995,0.12387387387387387,0.13936768908924838
8,0.3823529411764706,0.4,0.21212121212121213,0.15094339622641512,0.3235294117647059,0.18181818181818185,0.08008975904759519,0.0497074547280084,0.30443686006825943,0.2958928571428572
9,0.37333333333333335,0.5106382978723404,0.24657534246575344,0.3555555555555555,0.3466666666666667,0.5106382978723404,0.11274892861807176,0.10682827247639556,0.3686430506498406,0.41105990783410135
10,0.4473684210526315,0.43333333333333324,0.2972972972972973,0.20689655172413793,0.4210526315789474,0.3333333333333333,0.14289435396260283,0.09092735920162837,0.38716814159292035,0.27616099071207434
11,0.5671641791044777,0.2909090909090909,0.3384615384615385,0.11320754716981132,0.41791044776119407,0.14545454545454545,0.21601402337783326,0.017554679594930896,0.5674009454651787,0.18930041152263374
12,0.4415584415584416,0.4102564102564102,0.21333333333333332,0.21052631578947364,0.2857142857142857,0.28205128205128205,0.0425257311229647,0.041745110800962694,0.30202321724709785,0.3165549802010356
13,0.24742268041237112,0.14492753623188406,0.06315789473684211,0.0,0.16494845360824742,0.057971014492753624,0.013513353086126568,0.0047586135417494535,0.17516673916195444,0.07009345794392523
14,0.1639344262295082,0.2727272727272727,0.10169491525423728,0.09523809523809523,0.09836065573770493,0.2727272727272727,0.028028496487689646,0.019320990745681776,0.219704433497537,0.22680260047281325
15,0.202020202020202,0.2619047619047619,0.020618556701030927,0.07317073170731707,0.0808080808080808,0.19047619047619047,0.010746774156890347,0.028306790463609788,0.11224287974683544,0.1381521739130435
16,0.43373493975903615,0.4848484848484849,0.24691358024691357,0.3125,0.3614457831325301,0.4242424242424243,0.21151425622674594,0.2514934804881174,0.4330734243014945,0.40377010532719876
17,0.2524271844660194,0.5581395348837208,0.0,0.28571428571428575,0.15533980582524273,0.3488372093023256,0.006103269581378325,0.2398851693759729,0.08687258687258687,0.401886203440514
18,0.37681159420289856,0.32142857142857145,0.11940298507462689,0.07407407407407408,0.2898550724637681,0.2857142857142857,0.09968499639681352,0.03964265232954298,0.2941820371079853,0.2184256055363322
19,0.41463414634146345,0.3333333333333333,0.15,0.0,0.3170731707317074,0.16666666666666666,0.03248429723773907,0.0076859346443516685,0.3691567665289256,0.08797653958944282
20,0.30769230769230765,0.3283582089552239,0.05263157894736842,0.061538461538461535,0.20512820512820512,0.1791044776119403,0.013529171154975211,0.008283969733745658,0.13020833333333334,0.13440860215053765
21,0.2882882882882883,0.23529411764705882,0.03669724770642202,0.030303030303030304,0.16216216216216214,0.08823529411764706,0.009765230681943161,0.009860491533760967,0.18290649593170602,0.10128002111375031
22,0.30434782608695654,0.35294117647058826,0.02222222222222222,0.030303030303030304,0.15217391304347827,0.17647058823529413,0.012916905368871115,0.011330942044636678,0.14348785871964678,0.12761020881670534
23,0.48648648648648646,0.711864406779661,0.3055555555555555,0.5614035087719298,0.35135135135135137,0.4067796610169491,0.09982191811055816,0.3157068149588752,0.35200489745944286,0.4849137931034482
24,0.2820512820512821,0.4074074074074074,0.07894736842105263,0.2692307692307692,0.20512820512820515,0.37037037037037035,0.013716549481565737,0.17040655590590223,0.18837116686579056,0.23981589022239427
25,0.4347826086956522,0.48101265822784806,0.3555555555555555,0.3896103896103896,0.41304347826086957,0.48101265822784806,0.29666782564265565,0.2788718294852382,0.3655737704918033,0.37874325703455314
26,0.32432432432432434,0.4210526315789474,0.1388888888888889,0.21818181818181817,0.21621621621621623,0.2105263157894737,0.08496143264866135,0.11120792862901521,0.2910504361016306,0.29045830202854983
27,0.18666666666666668,0.3137254901960784,0.027397260273972605,0.08163265306122448,0.08,0.11764705882352941,0.005164611437214954,0.010128952330932188,0.10330578512396693,0.13761467889908258
28,0.2891566265060241,0.35714285714285715,0.04938271604938272,0.037037037037037035,0.1927710843373494,0.25,0.01064011414355274,0.016237908184412748,0.24973703981968443,0.35823780325246596
29,0.4057971014492754,0.5555555555555556,0.26865671641791045,0.5,0.31884057971014496,0.5555555555555556,0.10500614219885059,0.328101346468689,0.33448760413530065,0.4706842123931473
30,0.5523809523809524,0.6792452830188679,0.27184466019417475,0.5,0.39999999999999997,0.6226415094339622,0.11389209493166368,0.3228611398122214,0.34745398333367455,0.5068010977210357
31,0.15053763440860218,0.3058823529411765,0.021978021978021976,0.0963855421686747,0.08602150537634408,0.21176470588235297,0.010422323780099494,0.01661994177903604,0.09209263258939283,0.17516673916195444
32,0.3870967741935484,0.3529411764705882,0.3,0.24242424242424243,0.3548387096774194,0.29411764705882354,0.10989565913846457,0.06134227411504095,0.41682242990654206,0.3484848484848485
33,0.43243243243243246,0.4912280701754386,0.16666666666666666,0.1090909090909091,0.29729729729729726,0.2456140350877193,0.04983342786155735,0.04222241460226927,0.3902994791666667,0.3202166140464591
34,0.4842105263157894,0.12307692307692307,0.3225806451612903,0.0,0.4421052631578947,0.12307692307692307,0.19630192405290037,0.0067105893980628495,0.42311466942148757,0.053908355795148244
35,0.4369747899159664,0.33333333333333326,0.27350427350427353,0.11428571428571428,0.4033613445378151,0.25000000000000006,0.12069877686647176,0.011581004275291674,0.3888603696098563,0.14443181818181816
36,0.3296703296703297,0.3478260869565218,0.0449438202247191,0.05970149253731344,0.1758241758241758,0.14492753623188406,0.010766864701312811,0.016373682488441264,0.18005540166204984,0.14705882352941177
37,0.425531914893617,0.2777777777777778,0.2391304347826087,0.1142857142857143,0.3404255319148936,0.19444444444444442,0.1542676522500534,0.026688295287802827,0.335009765625,0.09234828496042216
38,0.20689655172413793,0.3235294117647059,0.04705882352941177,0.12121212121212123,0.1839080459770115,0.2647058823529412,0.01000100025007503,0.016008747877889758,0.07633587786259542,0.19893048128342247
39,0.3846153846153846,0.15384615384615385,0.21052631578947367,0.0,0.3589743589743589,0.15384615384615385,0.16377871493148724,0.0063161840849674045,0.43402671872140547,0.07194244604316546
40,0.29729729729729726,0.391304347826087,0.08333333333333334,0.13636363636363635,0.21621621621621623,0.34782608695652173,0.02319549797997616,0.028489318277723965,0.24727626459143964,0.17391304347826086
41,0.2702702702702703,0.10126582278481013,0.05504587155963303,0.0,0.12612612612612611,0.05063291139240506,0.024901562613130094,0.0035071046240403745,0.19814944134078213,0.04960317460317461
42,0.48,0.5098039215686274,0.3835616438356165,0.44897959183673464,0.32,0.5098039215686274,0.18589156725031486,0.3387144423286913,0.5763187265037594,0.4159439512974866
43,0.5161290322580645,0.4776119402985075,0.30769230769230765,0.3076923076923077,0.45161290322580644,0.417910447761194,0.1932222766511934,0.13602610394115028,0.4390267175572519,0.3576294277929155
44,0.3,0.3283582089552239,0.1020408163265306,0.12307692307692308,0.16,0.1791044776119403,0.009193868999275986,0.01474489249346001,0.3013349038084021,0.2289795918367347
45,0.2647058823529412,0.2692307692307692,0.06060606060606061,0.08,0.20588235294117643,0.19230769230769232,0.012705304373125515,0.009514689526368848,0.18096301020408162,0.08992805755395683
46,0.6410256410256411,0.2413793103448276,0.5526315789473684,0.07142857142857142,0.4102564102564103,0.13793103448275862,0.3338672631836167,0.01801210737536247,0.7868008314436886,0.12867647058823528
47,0.2051282051282051,0.3103448275862069,0.0,0.07142857142857142,0.10256410256410255,0.2758620689655172,0.005846046710803097,0.020027703443529585,0.10447761194029849,0.1811547403771635
48,0.2716049382716049,0.3492063492063492,0.05063291139240506,0.13114754098360656,0.1728395061728395,0.22222222222222224,0.02406853061875214,0.052930314574135356,0.2000979344729345,0.23772628886265246
49,0.5753424657534247,0.36000000000000004,0.4507042253521127,0.125,0.5753424657534247,0.28,0.2676968770041834,0.023103257620595934,0.7988802756244617,0.26861702127659576
50,0.2368421052631579,0.07017543859649122,0.05405405405405406,0.0,0.15789473684210525,0.07017543859649122,0.012517970592156697,0.0068089414888111745,0.1602503765060241,0.03194888178913737
51,0.4040404040404041,0.38202247191011235,0.22680412371134018,0.16091954022988508,0.3434343434343435,0.3146067415730337,0.1739934781943615,0.02837860690283222,0.24727626459143967,0.21196464143426297
52,0.28888888888888886,0.19047619047619047,0.11363636363636365,0.06557377049180328,0.22222222222222224,0.19047619047619047,0.03094541404865462,0.013410223515542797,0.25889598540145986,0.09637305699481867
53,0.3294117647058824,0.32499999999999996,0.16867469879518074,0.10256410256410256,0.2588235294117647,0.275,0.01959168274759532,0.029224865149786863,0.22620100206307106,0.14745308310991959
54,0.29411764705882354,0.24,0.12121212121212123,0.0,0.2058823529411765,0.07999999999999999,0.0613651675146949,0.010713701843513142,0.23554104477611942,0.10000000000000002
55,0.21951219512195125,0.25,0.05,0.05714285714285715,0.1951219512195122,0.25,0.008608987765421757,0.010422323780099494,0.17439703153988867,0.1509433962264151
56,0.4631578947368421,0.3582089552238806,0.17204301075268816,0.06153846153846154,0.27368421052631586,0.1791044776119403,0.03484913991633375,0.004337234134163037,0.2341170758773755,0.09615384615384616
57,0.4132231404958678,0.49484536082474223,0.16806722689075632,0.3368421052631579,0.21487603305785125,0.4123711340206186,0.02487408211381916,0.22842487751934476,0.2516678558031084,0.2797461749507667
58,0.5057471264367815,0.4444444444444445,0.2117647058823529,0.19672131147540983,0.41379310344827586,0.31746031746031744,0.0842816865856957,0.10415881222618376,0.35197751264233257,0.2497874149659864
59,0.3157894736842105,0.4230769230769231,0.10810810810810809,0.16,0.2105263157894737,0.2692307692307692,0.027142760758873147,0.023928177367020565,0.26449017568824906,0.29802158273381296
60,0.4166666666666667,0.4324324324324324,0.10638297872340426,0.13888888888888887,0.25,0.24324324324324323,0.0669537460987888,0.06949465979308633,0.19427402862985685,0.22785064239828692
61,0.36363636363636365,0.24137931034482762,0.125,0.07142857142857142,0.2727272727272727,0.20689655172413796,0.018256517093880095,0.01883240896070105,0.32237354085603115,0.22897959183673466
62,0.5714285714285714,0.5964912280701755,0.13333333333333333,0.18181818181818185,0.3116883116883116,0.38596491228070173,0.038078550433225805,0.024139780622364045,0.37940298507462683,0.3211992945326279
63,0.30303030303030304,0.33333333333333337,0.0625,0.08695652173913043,0.2121212121212121,0.24999999999999994,0.030901532587310255,0.037634395103175636,0.24077669902912624,0.21692439862542953
64,0.5161290322580645,0.5194805194805194,0.2637362637362637,0.2933333333333333,0.4516129032258064,0.4675324675324675,0.12450235054059636,0.08769317641069697,0.31166140062326864,0.2470281281393013
65,0.35135135135135137,0.4615384615384615,0.19444444444444445,0.23999999999999996,0.2162162162162162,0.4615384615384615,0.07611137668875849,0.13106569744194646,0.2560894227560894,0.30812362148228856
66,0.24096385542168672,0.31746031746031744,0.09876543209876543,0.13114754098360656,0.24096385542168672,0.2857142857142857,0.01728874123127798,0.011751670124473734,0.11194029850746269,0.17923739711934156
67,0.3492063492063492,0.45454545454545453,0.06557377049180327,0.14285714285714288,0.19047619047619047,0.2727272727272727,0.01643434939684039,0.03152861344254501,0.3381818181818182,0.3896391856480548
68,0.4578313253012048,0.3823529411764706,0.1728395061728395,0.15151515151515152,0.40963855421686746,0.23529411764705882,0.03248913034272643,0.015763621832060752,0.2781231442992874,0.1837037037037037
69,0.5882352941176471,0.3728813559322034,0.3614457831325301,0.2456140350877193,0.3764705882352941,0.3728813559322034,0.16900153025370454,0.09792005300040355,0.5786032815491626,0.21780746991717456
70,0.273972602739726,0.3111111111111111,0.08450704225352113,0.046511627906976744,0.19178082191780824,0.26666666666666666,0.009555383603768257,0.009410489957951634,0.15151515151515152,0.09803921568627452
71,0.37681159420289856,0.5185185185185185,0.1492537313432836,0.2692307692307692,0.3188405797101449,0.4074074074074074,0.06695900686562911,0.19172507328474903,0.2716871872716028,0.41165616847998987
72,0.5714285714285715,0.39344262295081966,0.4,0.2711864406779661,0.5454545454545455,0.39344262295081966,0.2828696562913071,0.13863728423657268,0.4709881938169376,0.24846796657381612
73,0.21176470588235297,0.1875,0.024096385542168672,0.0,0.1411764705882353,0.15625,0.005015716481729794,0.007511251053510192,0.09433962264150943,0.08445945945945947
74,0.410958904109589,0.5283018867924528,0.30985915492957744,0.39215686274509803,0.410958904109589,0.49056603773584906,0.13861101660212471,0.20949186953975754,0.3867073097842328,0.4175441235459285
75,0.24242424242424243,0.3188405797101449,0.10309278350515463,0.08955223880597014,0.1616161616161616,0.2028985507246377,0.009429247283039352,0.013691530604546248,0.12315538194444446,0.17121184202444564
76,0.47887323943661975,0.15384615384615383,0.2318840579710145,0.0,0.4225352112676056,0.11538461538461538,0.14362555317755926,0.005978466911072287,0.41806175595238093,0.06309148264984228
77,0.34693877551020413,0.30379746835443033,0.16666666666666666,0.18181818181818182,0.14285714285714285,0.2531645569620253,0.04396100679967982,0.0677167233689321,0.27508960573476704,0.22713343857368376
78,0.4782608695652174,0.48484848484848486,0.17777777777777776,0.21875,0.2391304347826087,0.33333333333333337,0.03670497302030555,0.03906036868131432,0.3425930541412387,0.31727091438098665
79,0.5454545454545455,0.5333333333333333,0.40625,0.3103448275862069,0.4848484848484849,0.43333333333333335,0.21741738855233972,0.17226307014894687,0.5402644230769231,0.5267716535433071
80,0.4752475247524752,0.48837209302325585,0.2424242424242424,0.2619047619047619,0.2574257425742574,0.3023255813953488,0.18962033979726695,0.1997562600237626,0.3563070900391475,0.3100754278039596
81,0.3384615384615385,0.6938775510204083,0.15873015873015875,0.5531914893617021,0.27692307692307694,0.6938775510204083,0.01772677765822576,0.4617761861611047,0.2502805836139169,0.5768339768339766
82,0.29473684210526313,0.27848101265822783,0.06451612903225808,0.025974025974025976,0.14736842105263157,0.12658227848101267,0.010393938326032186,0.005585506947238123,0.1664045140189249,0.12777912850852313
83,0.33333333333333337,0.5352112676056338,0.2105263157894737,0.43478260869565216,0.33333333333333337,0.5352112676056338,0.09209528016186676,0.2800586479608628,0.3987919132149902,0.6509202393509528
84,0.4634146341463415,0.5797101449275363,0.15,0.417910447761194,0.2926829268292683,0.3768115942028986,0.03954263161320086,0.19065410307334288,0.2559839370178724,0.35847749960800707
85,0.22222222222222224,0.4050632911392405,0.020618556701030927,0.12987012987012986,0.1414141414141414,0.27848101265822783,0.005803565809959765,0.016027156563267888,0.11930585683297179,0.22994949494949496
86,0.44680851063829785,0.4878048780487805,0.1956521739130435,0.2,0.40425531914893614,0.3902439024390244,0.0168918351148984,0.02033949092454382,0.23359214969827824,0.30272848481000597
87,0.24615384615384617,0.2962962962962963,0.09523809523809522,0.03846153846153846,0.1846153846153846,0.18518518518518517,0.027060259329508684,0.014782064491589643,0.3107715707964602,0.22306597057427618
88,0.40449438202247195,0.2985074626865672,0.16091954022988506,0.0923076923076923,0.3370786516853933,0.26865671641791045,0.03089483867541766,0.010247909039448841,0.22839227489340358,0.09501187648456055
89,0.30769230769230765,0.2916666666666667,0.12698412698412698,0.13043478260869565,0.24615384615384617,0.24999999999999994,0.030002843173508643,0.047326568651956204,0.26574193240859906,0.2365491651205937
90,0.4473684210526316,0.4363636363636364,0.2702702702702703,0.18867924528301888,0.42105263157894735,0.3636363636363636,0.10022838135213871,0.023103257620595934,0.42651982564383334,0.20306536259541988
91,0.40579710144927533,0.34615384615384615,0.1492537313432836,0.28,0.2608695652173913,0.34615384615384615,0.02958403749882612,0.14942825782038724,0.3048703551826383,0.30864197530864196
92,0.2469135802469136,0.2413793103448276,0.0759493670886076,0.14285714285714288,0.19753086419753085,0.20689655172413793,0.009439944120751184,0.07434360163166209,0.23019117222015772,0.21336553945249595
93,0.2535211267605634,0.42857142857142855,0.05797101449275363,0.23529411764705885,0.16901408450704222,0.3142857142857143,0.012534724690717635,0.07790345908226494,0.15505050505050505,0.38881394884092724
94,0.3582089552238806,0.23076923076923075,0.15384615384615383,0.0,0.29850746268656714,0.15384615384615383,0.06708839685423082,0.009498525867740094,0.33150363883064016,0.11857707509881422
95,0.3950617283950617,0.36619718309859156,0.20253164556962025,0.17391304347826086,0.34567901234567905,0.2535211267605634,0.019140997885527082,0.0371749241029078,0.3533635676492819,0.25357470812016264
96,0.5250000000000001,0.49275362318840576,0.20512820512820515,0.1791044776119403,0.3,0.34782608695652173,0.12487443097651743,0.15588565984515926,0.46413058339731383,0.3841869026091449
97,0.3181818181818182,0.39999999999999997,0.1627906976744186,0.2413793103448276,0.29545454545454547,0.3666666666666667,0.0643346787307468,0.06941635502669709,0.20326369758187943,0.14273566569484936
98,0.379746835443038,0.5,0.15584415584415584,0.25806451612903225,0.30379746835443033,0.40625000000000006,0.09559579550755593,0.020588815727980117,0.38163265306122446,0.37913270161790874
99,0.36619718309859156,0.3492063492063492,0.057971014492753624,0.09836065573770493,0.22535211267605634,0.1904761904761905,0.01500243980428485,0.01806193387447607,0.21666666666666667,0.1718213058419244
100,0.3658536585365854,0.2894736842105263,0.1,0.1081081081081081,0.29268292682926833,0.2105263157894737,0.03167596767729106,0.03330914317374546,0.27212520645916516,0.26013049450549447
101,0.3181818181818182,0.14285714285714285,0.0697674418604651,0.058823529411764705,0.20454545454545459,0.14285714285714285,0.01386133441519391,0.00408978207689963,0.1480637813211845,0.02380952380952381
102,0.3466666666666667,0.21818181818181817,0.10958904109589042,0.0,0.21333333333333332,0.14545454545454545,0.011440503453835606,0.008517399705356638,0.22119341563786013,0.0816326530612245
103,0.30303030303030304,0.27692307692307694,0.12371134020618559,0.031746031746031744,0.2626262626262626,0.15384615384615383,0.025678384507197637,0.0041257047293647596,0.17184257003261524,0.058823529411764705
104,0.35820895522388063,0.34782608695652173,0.1846153846153846,0.22727272727272724,0.29850746268656714,0.34782608695652173,0.07569298710889658,0.16981150619483193,0.369873046875,0.3151260504201681
105,0.1348314606741573,0.3333333333333333,0.0,0.17142857142857143,0.0898876404494382,0.25,0.005484236895303142,0.11739801836534854,0.09138381201044386,0.2746586417535034
106,0.15686274509803924,0.16901408450704225,0.02,0.028985507246376812,0.07843137254901962,0.11267605633802817,0.008608987765421757,0.010395801520111285,0.1097464157287629,0.0914004914004914
107,0.41463414634146345,0.4383561643835617,0.125,0.19718309859154928,0.2926829268292683,0.3835616438356164,0.036400758840074536,0.0570664802350437,0.30449413808076425,0.36457765667574943
108,0.2285714285714286,0.5555555555555555,0.029411764705882356,0.4615384615384615,0.1142857142857143,0.4814814814814815,0.006550873947814101,0.355402294764931,0.1079136690647482,0.4141389953171562
109,0.2826086956521739,0.3098591549295775,0.08888888888888888,0.057971014492753624,0.17391304347826086,0.14084507042253522,0.0123260848753246,0.01222498616281612,0.22773062414266118,0.132013201320132
110,0.2857142857142857,0.3673469387755102,0.13333333333333333,0.1702127659574468,0.2077922077922078,0.2857142857142857,0.08117578843952025,0.05305477078596419,0.18181818181818182,0.16194331983805668
111,0.37499999999999994,0.360655737704918,0.0425531914893617,0.0,0.22916666666666666,0.16393442622950818,0.01064011414355274,0.009251727247302393,0.28420724094881394,0.13975155279503104
112,0.2702702702702703,0.25,0.027777777777777776,0.03703703703703704,0.16216216216216217,0.2142857142857143,0.011125382292406935,0.018085293154390277,0.20110759493670882,0.19530120979396345
113,0.20588235294117646,0.31578947368421056,0.030303030303030307,0.03636363636363636,0.14705882352941174,0.21052631578947367,0.01286057341226582,0.00822870241275069,0.17162298387096775,0.1426049795615013
114,0.2921348314606742,0.27272727272727276,0.1839080459770115,0.03125,0.2921348314606742,0.21212121212121213,0.1367919212312189,0.01317990097295627,0.22100242588709346,0.10610079575596817
115,0.41025641025641024,0.3492063492063492,0.2105263157894737,0.19672131147540986,0.30769230769230765,0.28571428571428564,0.07480984787441011,0.08658455882529464,0.29457199546485263,0.2717391304347826
116,0.5121951219512195,0.4482758620689655,0.05,0.17857142857142855,0.21951219512195125,0.3448275862068965,0.01608038629582936,0.044459863949964804,0.29347070074769604,0.3024524132031083
117,0.5,0.4047619047619048,0.35294117647058826,0.24390243902439024,0.4230769230769231,0.35714285714285715,0.18763486533936,0.10704534893118657,0.2959177817132363,0.23057851239669422
118,0.5070422535211269,0.5818181818181818,0.34782608695652173,0.41509433962264153,0.3098591549295775,0.3272727272727273,0.1431983145394352,0.2061927630692647,0.532714092123094,0.5417004048582996
119,0.5866666666666667,0.6233766233766234,0.4383561643835616,0.45333333333333337,0.5066666666666666,0.5194805194805194,0.3330577003188322,0.38820652309792664,0.4663923182441701,0.5452289023717595
120,0.4516129032258064,0.3235294117647059,0.24175824175824176,0.15151515151515152,0.3440860215053763,0.29411764705882354,0.14575465060263532,0.08121862281842253,0.34440578087086365,0.20458715596330276
121,0.393939393939394,0.41269841269841273,0.125,0.09836065573770492,0.30303030303030304,0.31746031746031744,0.013819585494830136,0.014917074526563963,0.25064848887012126,0.29213236905544593
122,0.5434782608695652,0.360655737704918,0.26666666666666666,0.23728813559322035,0.43478260869565216,0.26229508196721313,0.14006148376527852,0.07634005864175868,0.5226917916514955,0.2137931034482759
123,0.31884057971014496,0.3098591549295775,0.059701492537313425,0.11594202898550723,0.2028985507246377,0.22535211267605634,0.011649284259158212,0.01062966632179831,0.14869888475836432,0.12915129151291516
124,0.5000000000000001,0.42857142857142855,0.38461538461538464,0.3703703703703704,0.4749999999999999,0.3928571428571428,0.30517234077296923,0.2606501373387296,0.44184435998196236,0.3255736358503157
125,0.5901639344262295,0.723404255319149,0.3389830508474576,0.4444444444444444,0.5245901639344263,0.46808510638297873,0.1176345357444555,0.20333448190047887,0.5621848739495798,0.4804012345679012
126,0.3614457831325301,0.35135135135135137,0.07407407407407406,0.11111111111111112,0.24096385542168675,0.24324324324324323,0.014385671495255964,0.014612432574893431,0.26267043992796496,0.2043978748524203
127,0.2115384615384615,0.2686567164179105,0.058823529411764705,0.0,0.11538461538461538,0.1492537313432836,0.010813180880884479,0.004565738249796413,0.15403726708074533,0.06726457399103138
128,0.22499999999999995,0.16949152542372883,0.02564102564102564,0.03508771929824561,0.15,0.16949152542372883,0.005510788236970715,0.007678432706586176,0.12152777777777778,0.05639097744360902
129,0.4,0.3272727272727273,0.1643835616438356,0.18867924528301888,0.18666666666666668,0.2545454545454545,0.08246811684697279,0.1307118752097732,0.3114134081620204,0.2521141410030298
130,0.2921348314606742,0.2686567164179105,0.04597701149425287,0.0,0.20224719101123595,0.1791044776119403,0.012660998324628945,0.006760248928851019,0.14423076923076922,0.08838383838383838
131,0.3829787234042553,0.3703703703703704,0.19565217391304346,0.22784810126582278,0.2127659574468085,0.3209876543209877,0.08038616175563093,0.12180160375286396,0.2937420178799489,0.2820048729550992
132,0.3614457831325301,0.2622950819672131,0.07407407407407407,0.06779661016949153,0.1686746987951807,0.13114754098360654,0.015920362546548064,0.016369893867773447,0.18461743535057318,0.12182539682539682
133,0.26666666666666666,0.5714285714285714,0.13793103448275862,0.35000000000000003,0.23333333333333334,0.4285714285714286,0.013555314602787177,0.05406964703993758,0.3024326101249178,0.5010893246187365
134,0.4848484848484849,0.43636363636363634,0.1875,0.15094339622641512,0.33333333333333337,0.29090909090909095,0.034487891886160985,0.011371681934875243,0.3169683851502033,0.12396694214876033
135,0.5094339622641509,0.46511627906976744,0.1923076923076923,0.14285714285714285,0.3396226415094339,0.2790697674418604,0.01791983198090658,0.043276894311245165,0.36381086415229474,0.378310502283105
136,0.40404040404040403,0.5128205128205128,0.26804123711340205,0.34210526315789475,0.36363636363636365,0.46153846153846156,0.21392605090610853,0.20831565110446984,0.3871957403651115,0.38765856236786467
137,0.26506024096385544,0.3466666666666667,0.07407407407407407,0.1095890410958904,0.21686746987951808,0.23999999999999996,0.0146418265191986,0.03513922183453499,0.1470908355878969,0.21353092783505156
138,0.7733333333333333,0.5294117647058822,0.4383561643835616,0.24242424242424243,0.56,0.3823529411764706,0.2843877927900334,0.04835076372066878,0.5131559763967434,0.28552084792454596
139,0.4,0.2388059701492537,0.12903225806451613,0.030769230769230767,0.29473684210526313,0.1791044776119403,0.032803387829280016,0.005514105007507416,0.28037975184689573,0.06067961165048543
140,0.48717948717948717,0.537313432835821,0.3157894736842105,0.36923076923076925,0.358974358974359,0.417910447761194,0.17130713161056582,0.21826364135152002,0.4592884948096886,0.45459142394822005
141,0.22535211267605634,0.22580645161290322,0.028985507246376812,0.0,0.16901408450704225,0.12903225806451615,0.006734719128165655,0.008840994001530048,0.07598784194528876,0.09345794392523364
142,0.3870967741935484,0.47619047619047616,0.17582417582417584,0.13114754098360656,0.27956989247311825,0.2857142857142857,0.08695659942316884,0.01717043639695851,0.3765352551864579,0.29621764907080156
143,0.22222222222222224,0.19277108433734938,0.0909090909090909,0.04938271604938271,0.15555555555555559,0.14457831325301204,0.01377964428530467,0.011467883049659112,0.14674556213017753,0.12574701195219126
144,0.641025641025641,0.5333333333333333,0.39473684210526316,0.17241379310344826,0.3589743589743589,0.33333333333333337,0.18433853343955847,0.022112682810265228,0.5600240096038415,0.3262951334379906
145,0.3666666666666667,0.33962264150943394,0.10344827586206896,0.11764705882352941,0.30000000000000004,0.30188679245283023,0.017824493553370194,0.03819633968206938,0.3146781467814678,0.17045454545454544
146,0.2916666666666667,0.27027027027027023,0.0425531914893617,0.05555555555555555,0.18750000000000003,0.16216216216216217,0.011637341978820975,0.010769927778110347,0.16962524654832342,0.13181729509795728
147,0.23076923076923078,0.3846153846153846,0.05263157894736841,0.16,0.15384615384615383,0.30769230769230765,0.00994291166603031,0.023705266435224467,0.1717557251908397,0.29164051056706425
148,0.5641025641025642,0.42105263157894735,0.3157894736842105,0.2545454545454545,0.4358974358974359,0.3508771929824561,0.22370926446464987,0.17964659774364786,0.4496578690127077,0.3515625
149,0.2,0.23655913978494625,0.016949152542372885,0.0,0.11666666666666665,0.15053763440860213,0.004703082641557888,0.005905576710856581,0.12572533849129594,0.1016260162601626
150,0.37499999999999994,0.3728813559322034,0.15384615384615383,0.14035087719298248,0.275,0.1694915254237288,0.014143550190952823,0.01052691762848815,0.2603159724256449,0.2449365142129081
151,0.4473684210526316,0.26666666666666666,0.08108108108108107,0.034482758620689655,0.2894736842105263,0.19999999999999998,0.015702080675779346,0.013926465631932233,0.16949152542372883,0.10324483775811209
152,0.47619047619047616,0.3142857142857143,0.14634146341463414,0.08823529411764706,0.26190476190476186,0.22857142857142856,0.03657625693065175,0.02025632763886133,0.3166045259873216,0.2268026004728132
153,0.35714285714285715,0.37974683544303794,0.0975609756097561,0.1038961038961039,0.23809523809523808,0.25316455696202533,0.036400758840074536,0.02109602786023896,0.18203883495145634,0.23509403761504608
154,0.7090909090909091,0.3373493975903615,0.5555555555555556,0.14814814814814814,0.6545454545454547,0.24096385542168675,0.3921313139117088,0.022439485435211418,0.637754684559365,0.155
155,0.28205128205128205,0.22222222222222224,0.07894736842105263,0.03278688524590165,0.25641025641025644,0.15873015873015872,0.02415323056907325,0.011976212358012274,0.30347963621984975,0.13157894736842105
156,0.5432098765432098,0.5507246376811594,0.3291139240506329,0.2686567164179105,0.2716049382716049,0.2898550724637681,0.13662878209636195,0.1469932896692712,0.4887905604719764,0.4454136555254441
157,0.4444444444444444,0.1851851851851852,0.2571428571428571,0.03846153846153846,0.3055555555555556,0.11111111111111112,0.04378927488067234,0.016891032976324306,0.5144321518456376,0.13285714285714287
158,0.0,0.0,0.0,0.0,0.0,0.0,0,0,0.0,0.0
159,0.4444444444444444,0.5245901639344263,0.27848101265822783,0.30508474576271183,0.4444444444444444,0.4918032786885245,0.17235368135473184,0.12681030654890574,0.38459556398416883,0.35358990392814504
160,0.49504950495049505,0.8354430379746837,0.3434343434343434,0.7792207792207793,0.3564356435643564,0.759493670886076,0.20857298750602535,0.5097066132948824,0.33160844362367903,0.6549232158988256
161,0.2777777777777778,0.1568627450980392,0.14285714285714288,0.04081632653061224,0.1388888888888889,0.0784313725490196,0.009752505550693367,0.013686241957588646,0.24562256809338523,0.10828625235404896
162,0.25581395348837205,0.1851851851851852,0.11904761904761905,0.03846153846153846,0.09302325581395349,0.1851851851851852,0.013334969390643912,0.017166428231324887,0.21849892220262593,0.1300699300699301
163,0.40860215053763443,0.3880597014925373,0.0879120879120879,0.06153846153846154,0.23655913978494625,0.208955223880597,0.017093577453940946,0.01324545317624318,0.295285492947355,0.1765493212092885
164,0.3870967741935484,0.380952380952381,0.0879120879120879,0.07317073170731708,0.23655913978494622,0.23809523809523808,0.01536873417281978,0.014089011087858525,0.2116689911668991,0.2256296135475467
165,0.2653061224489796,0.2894736842105263,0.125,0.13513513513513514,0.22448979591836735,0.18421052631578944,0.05519704587038259,0.0737751516991571,0.2292413381123058,0.1785112359550562
166,0.4109589041095891,0.4230769230769231,0.16901408450704225,0.27999999999999997,0.24657534246575344,0.30769230769230765,0.07732307904627223,0.2116508492951693,0.4224715716544921,0.38565737051792826
167,0.2826086956521739,0.30769230769230765,0.04444444444444444,0.0,0.17391304347826086,0.15384615384615383,0.02452625300522044,0.006754730492612331,0.21080959856470063,0.12471655328798185
168,0.325,0.28125,0.10256410256410256,0.09677419354838711,0.175,0.18750000000000003,0.03172414419318193,0.014558123660963266,0.19183711159333303,0.08746355685131196
169,0.3564356435643565,0.2727272727272727,0.10101010101010101,0.06250000000000001,0.17821782178217824,0.18181818181818182,0.02288434592267591,0.005162794962271352,0.24157791458829522,0.08158508158508158
170,0.547945205479452,0.576271186440678,0.2535211267605634,0.2807017543859649,0.4657534246575342,0.5084745762711863,0.07198169585307328,0.1525997183583147,0.4000000000000001,0.4564024858063527
171,0.22857142857142856,0.25,0.0,0.043478260869565216,0.11428571428571428,0.125,0.005844941052207697,0.017209538164201187,0.20270270270270271,0.186
172,0.4835164835164835,0.3783783783783784,0.24719101123595508,0.08333333333333333,0.2857142857142857,0.2162162162162162,0.14174433624289717,0.011662414303246112,0.3227765726681128,0.16655693503887634
173,0.41379310344827586,0.21818181818181817,0.14285714285714288,0.03773584905660378,0.3448275862068966,0.10909090909090909,0.08968235248346601,0.016041048674590542,0.31988416988416996,0.1171875
174,0.33333333333333337,0.17142857142857143,0.13157894736842105,0.029411764705882353,0.20512820512820512,0.14285714285714285,0.023537559464014493,0.005959978627465526,0.12857142857142856,0.05830903790087464
175,0.45783132530120485,0.4571428571428571,0.3209876543209876,0.3529411764705882,0.3614457831325301,0.4571428571428571,0.20973933112665913,0.26441196108278087,0.48576402238455296,0.45780635941407644
176,0.41666666666666663,0.3243243243243243,0.14893617021276598,0.1111111111111111,0.24999999999999994,0.1891891891891892,0.0973834065412635,0.08017642238797912,0.275959350353814,0.21087470449172577
177,0.3384615384615385,0.3103448275862069,0.1904761904761905,0.21428571428571425,0.3384615384615385,0.3103448275862069,0.04089349842971757,0.016496625424967437,0.40024154589371985,0.2100437876299945
178,0.5777777777777778,0.4444444444444444,0.29545454545454547,0.26229508196721313,0.39999999999999997,0.25396825396825395,0.05580206059152058,0.034400658991167156,0.48471323565729274,0.28553299492385786
179,0.5161290322580645,0.14814814814814814,0.16666666666666669,0.07692307692307693,0.22580645161290322,0.07407407407407407,0.019074322507642787,0.008854416306086708,0.31235867446393767,0.07194244604316546
180,0.28125,0.16666666666666666,0.032258064516129024,0.0,0.18750000000000003,0.08333333333333333,0.01239892724105193,0.009186672262412125,0.27392241379310345,0.06944444444444445
181,0.22222222222222224,0.35897435897435903,0.08247422680412371,0.13157894736842105,0.1414141414141414,0.2564102564102564,0.00994291166603031,0.012765791294684792,0.13856812933025406,0.155
182,0.24615384615384617,0.10714285714285714,0.06349206349206349,0.0,0.2153846153846154,0.10714285714285714,0.011930191477839875,0.006510755202591488,0.2525,0.06224066390041494
183,0.32941176470588235,0.16666666666666666,0.07228915662650601,0.034482758620689655,0.21176470588235294,0.16666666666666666,0.01456620999076292,0.011633431123066515,0.2295288306260093,0.07936507936507936
184,0.22916666666666666,0.29729729729729726,0.0,0.0,0.125,0.16216216216216217,0.004776020403411886,0.006877439247346583,0.1785714285714286,0.15873015873015875
185,0.48,0.33333333333333337,0.1917808219178082,0.0689655172413793,0.4266666666666667,0.20000000000000004,0.10052741725411836,0.01707015605292927,0.4037701053271987,0.18139367816091956
186,0.24691358024691354,0.5098039215686274,0.12658227848101267,0.4897959183673469,0.2222222222222222,0.5098039215686274,0.023843495420892105,0.35555782812108616,0.23808262711864406,0.43318248023304196
187,0.3486238532110092,0.23529411764705882,0.07476635514018691,0.024096385542168676,0.1834862385321101,0.18823529411764708,0.010375288361422121,0.0013733278042819396,0.18078966479379277,0.06420545746388442
188,0.22413793103448273,0.2222222222222222,0.0,0.07594936708860758,0.10344827586206895,0.2222222222222222,0.00502727015690302,0.016690381984434052,0.10619469026548672,0.15602636534839925
189,0.2916666666666667,0.24719101123595508,0.0425531914893617,0.09195402298850575,0.18749999999999997,0.20224719101123595,0.010968473790606286,0.08175897195793544,0.08456659619450316,0.16452074391988555
190,0.3010752688172043,0.30952380952380953,0.021978021978021976,0.024390243902439025,0.15053763440860216,0.16666666666666669,0.0066880719573044435,0.007800772536265703,0.15476190476190474,0.10975609756097561
191,0.34920634920634913,0.2127659574468085,0.13114754098360656,0.08888888888888888,0.2857142857142857,0.1702127659574468,0.012603820262803964,0.007044465025934878,0.1573390733907339,0.039525691699604744
192,0.4318181818181818,0.4285714285714286,0.2790697674418604,0.2647058823529412,0.4318181818181818,0.4285714285714286,0.14562215828264896,0.1529495641019804,0.40335269910433313,0.30122193805058256
193,0.39999999999999997,0.32142857142857145,0.17647058823529407,0.1851851851851852,0.2857142857142857,0.28571428571428575,0.08382475612465994,0.10738037495669005,0.3599374021909233,0.21201814058956914
194,0.3893805309734513,0.39603960396039606,0.1081081081081081,0.16161616161616163,0.2831858407079646,0.19801980198019803,0.053695555656362484,0.07931657420136301,0.2537780463062418,0.22398100514444008
195,0.2564102564102564,0.21538461538461537,0.05263157894736842,0.031746031746031744,0.15384615384615383,0.12307692307692308,0.025281749639974697,0.008447063994683927,0.2289230769230769,0.09615384615384617
196,0.2884615384615385,0.34210526315789475,0.058823529411764705,0.08108108108108107,0.19230769230769232,0.21052631578947367,0.012640956753821412,0.0136196482260743,0.1886064030131827,0.11235955056179775
197,0.3,0.37499999999999994,0.10344827586206896,0.16129032258064516,0.26666666666666666,0.34375000000000006,0.030827693272137056,0.01320382335228747,0.2576530612244898,0.194956031192965
198,0.3773584905660377,0.5,0.11538461538461538,0.1914893617021277,0.20754716981132076,0.33333333333333337,0.061561234720484616,0.05915534151228881,0.24747767857142858,0.23385131017672148
199,0.22857142857142854,0.2903225806451613,0.08823529411764705,0.09999999999999999,0.14285714285714285,0.2903225806451613,0.011326402345230238,0.009131246806741877,0.11477272727272726,0.11278195488721804
200,0.2061855670103093,0.32876712328767116,0.021052631578947368,0.056338028169014086,0.12371134020618556,0.2191780821917808,0.010746774156890347,0.010141292577298164,0.09316770186335403,0.11982570806100218
201,0.2933333333333334,0.5777777777777778,0.10958904109589042,0.3255813953488372,0.2666666666666667,0.4444444444444445,0.025902791308876957,0.09599586356860705,0.23801498127340823,0.4560771214252226
202,0.3,0.0425531914893617,0.13793103448275862,0.0,0.26666666666666666,0.0425531914893617,0.08279070605814123,0.006032401726201458,0.41557550816810074,0.05434782608695652
203,0.2784810126582279,0.35294117647058826,0.15584415584415584,0.21212121212121213,0.25316455696202533,0.35294117647058826,0.10260020371628424,0.13582344277578873,0.29952076677316297,0.37006578947368424
204,0.3181818181818182,0.3492063492063492,0.06976744186046513,0.09836065573770493,0.27272727272727276,0.25396825396825395,0.010746774156890347,0.014990663526166943,0.11204481792717087,0.1280447113780447
205,0.19999999999999998,0.22727272727272727,0.03448275862068966,0.0,0.13333333333333333,0.22727272727272727,0.005495155913866061,0.011191021613657745,0.09900990099009901,0.13440860215053765
206,0.3877551020408163,0.4444444444444444,0.20833333333333334,0.20253164556962025,0.30612244897959184,0.32098765432098764,0.11099472319966315,0.09736943255257251,0.3342974351010689,0.27445652173913043
207,0.11428571428571427,0.27450980392156865,0.0,0.04081632653061224,0.08571428571428572,0.19607843137254902,0.006211915815063893,0.008639497127516708,0.08012820512820513,0.10238907849829353
208,0.4444444444444445,0.5348837209302325,0.13636363636363635,0.21428571428571427,0.3333333333333333,0.37209302325581395,0.041573072492480975,0.10831932427978662,0.30692369540408754,0.3510593220338983
209,0.4675324675324676,0.43333333333333335,0.26666666666666666,0.27586206896551724,0.33766233766233766,0.3666666666666667,0.09771952318338673,0.14170562170415987,0.4872869318181818,0.3443526170798898
210,0.32911392405063294,0.33333333333333326,0.15584415584415584,0.07692307692307693,0.25316455696202533,0.2592592592592593,0.021427386748400726,0.022261720385938513,0.20930129651754503,0.24852362204724412
211,0.30303030303030304,0.425531914893617,0.15625,0.26666666666666666,0.2727272727272727,0.3829787234042553,0.026220538724357412,0.12991916506579942,0.27209051724137934,0.39837677183356196
212,0.577319587628866,0.3768115942028985,0.3368421052631579,0.1492537313432836,0.4536082474226804,0.2898550724637681,0.17091134990857404,0.06331284226066865,0.46211000537923613,0.16216422466422467
213,0.32941176470588235,0.2807017543859649,0.14457831325301204,0.10909090909090909,0.23529411764705882,0.14035087719298245,0.032464544235500985,0.03550467708240432,0.3795918367346939,0.23950712360415863
214,0.4421052631578948,0.525,0.19354838709677422,0.25641025641025644,0.2947368421052632,0.275,0.11182745276405306,0.10845010400821956,0.22682926829268293,0.3074734693286618
215,0.20289855072463772,0.21739130434782608,0.08955223880597016,0.09090909090909093,0.20289855072463772,0.21739130434782608,0.012394301594156368,0.01700463072175106,0.22319262493934983,0.15321601941747576
216,0.5316455696202532,0.375,0.31168831168831174,0.16129032258064516,0.4050632911392405,0.28125,0.18046993572382383,0.036944114719977245,0.4872679357665484,0.18525856944719632
217,0.4952380952380952,0.16393442622950818,0.2524271844660194,0.0,0.43809523809523804,0.16393442622950818,0.123792096906446,0.0045584716380193515,0.36958430913348944,0.026178010471204192
218,0.31111111111111117,0.43478260869565216,0.11363636363636363,0.23880597014925375,0.22222222222222224,0.43478260869565216,0.015378421668191944,0.0349386452132961,0.22769660132297492,0.335796645702306
219,0.25641025641025644,0.32142857142857145,0.06956521739130435,0.10909090909090909,0.11965811965811966,0.125,0.01933989749128927,0.03236335236988571,0.14314701264847893,0.2181561996779388
220,0.36144578313253006,0.3582089552238805,0.07407407407407407,0.0923076923076923,0.21686746987951808,0.2686567164179104,0.029200991840057363,0.017056895752906656,0.16049382716049382,0.1765493212092885
221,0.3225806451612903,0.3773584905660377,0.06666666666666667,0.07843137254901962,0.1935483870967742,0.18867924528301885,0.012517970592156697,0.01588436203293868,0.26069223985890655,0.2716049382716049
222,0.31067961165048547,0.21951219512195125,0.0396039603960396,0.025,0.21359223300970875,0.1219512195121951,0.014413835300763277,0.009163539675413937,0.1812755900770713,0.11702417180039093
223,0.20930232558139536,0.24324324324324326,0.0,0.02777777777777778,0.13953488372093023,0.10810810810810811,0.0065749473089553884,0.012942593392556358,0.1201923076923077,0.1573019801980198
224,0.25,0.16901408450704225,0.09302325581395349,0.08695652173913045,0.2272727272727273,0.16901408450704225,0.010831815605992019,0.012240393993770707,0.16253196930946287,0.1134013002364066
225,0.32558139534883723,0.45901639344262296,0.16666666666666669,0.1694915254237288,0.2558139534883721,0.36065573770491804,0.0479882650088652,0.12729922658368398,0.35715328680314223,0.4157318376068376
226,0.2823529411764706,0.36734693877551017,0.14457831325301204,0.0851063829787234,0.25882352941176473,0.20408163265306123,0.06099612220013523,0.021729983079834318,0.37983590849203497,0.21984762396694213
227,0.4367816091954023,0.27272727272727276,0.21176470588235297,0.0625,0.3218390804597701,0.15151515151515152,0.10550228980824229,0.012620115663519262,0.36743079584775085,0.16655672823218998
228,0.4318181818181818,0.4827586206896552,0.1627906976744186,0.21428571428571427,0.29545454545454547,0.3793103448275862,0.07761223619627698,0.038330318078039625,0.2960450836599267,0.24575728466218377
229,0.17283950617283952,0.14285714285714285,0.025316455696202535,0.0,0.12345679012345678,0.11428571428571428,0.005919382824640357,0.007094069687750042,0.06631299734748011,0.08152173913043478
230,0.39436619718309857,0.36,0.14492753623188404,0.12499999999999997,0.3098591549295775,0.27999999999999997,0.059596152114584695,0.04276438225788649,0.3037111523112214,0.21984762396694213
231,0.39534883720930236,0.35820895522388063,0.28571428571428564,0.24615384615384614,0.20930232558139536,0.26865671641791045,0.189009029194945,0.1321470572276545,0.3565134447674418,0.24060975609756097
232,0.17910447761194026,0.19999999999999998,0.0,0.041666666666666664,0.059701492537313425,0.16,0.006409912521492096,0.010713701843513142,0.10373443983402489,0.11210762331838564
233,0.28169014084507044,0.3214285714285714,0.11594202898550726,0.14814814814814814,0.2535211267605634,0.2857142857142857,0.02797885522495011,0.04222241460226927,0.20205903712247428,0.145985401459854
234,0.27027027027027023,0.5106382978723405,0.16666666666666669,0.39999999999999997,0.24324324324324323,0.5106382978723405,0.0655556926587826,0.19940445989088912,0.26574193240859906,0.4518737532060416
235,0.4554455445544554,0.46153846153846156,0.18181818181818185,0.3146067415730337,0.25742574257425743,0.3516483516483516,0.11814277944903066,0.1817115586667643,0.4056756858749387,0.40406908665105384
236,0.26530612244897955,0.2820512820512821,0.0625,0.10526315789473685,0.12244897959183673,0.15384615384615383,0.012988310144953831,0.010483981491537498,0.13918629550321196,0.11928951793721973
237,0.17499999999999996,0.4444444444444444,0.0,0.22950819672131148,0.15,0.3174603174603175,0.00572914229501893,0.14494568696092858,0.12779552715654954,0.3051222281991513
238,0.3870967741935484,0.5217391304347826,0.19780219780219777,0.3880597014925373,0.3440860215053763,0.5217391304347826,0.11385988964970627,0.11182217616769984,0.269836942410552,0.3440075217078701
239,0.43589743589743585,0.32786885245901637,0.21052631578947367,0.13559322033898305,0.20512820512820512,0.22950819672131148,0.09771259394929364,0.015835941955444344,0.29683243760583083,0.1490283613445378
240,0.5102040816326531,0.48717948717948717,0.2916666666666667,0.3421052631578947,0.40816326530612246,0.43589743589743585,0.24764434501753327,0.18189880678166712,0.3846605612347899,0.34767427360019953
241,0.441860465116279,0.5135135135135136,0.26190476190476186,0.3055555555555555,0.39534883720930236,0.4324324324324324,0.14187543102220676,0.23526907148891102,0.35847479423868317,0.3425677688412273
242,0.5319148936170213,0.2769230769230769,0.4130434782608695,0.06349206349206349,0.46808510638297873,0.15384615384615383,0.2554380257185643,0.011802495109051979,0.5041792880406313,0.12424658982764089
243,0.46153846153846156,0.4418604651162791,0.13483146067415733,0.11904761904761904,0.3076923076923077,0.1627906976744186,0.04092095440932367,0.027594287340187196,0.21228040277705743,0.23031655844155843
244,0.4166666666666667,0.3793103448275862,0.14285714285714288,0.14285714285714285,0.2777777777777778,0.3448275862068965,0.025464661429775496,0.03572673091368897,0.26170023001455195,0.25351405622489953
245,0.34210526315789475,0.5084745762711863,0.13513513513513514,0.42105263157894735,0.28947368421052627,0.5084745762711863,0.01584749856323526,0.07496263447644966,0.31501901140684413,0.41254849047056835
246,0.5287356321839081,0.3823529411764706,0.30588235294117644,0.12121212121212123,0.4137931034482758,0.2647058823529412,0.23918715008205768,0.01600640672644415,0.395072682857362,0.1734284998747809
247,0.3513513513513513,0.33333333333333337,0.13888888888888887,0.15384615384615385,0.2972972972972973,0.25925925925925924,0.025560860212461137,0.04886639374854163,0.3539560765203648,0.35620757842980066
248,0.33333333333333337,0.3294117647058823,0.07547169811320754,0.0963855421686747,0.18518518518518517,0.2352941176470588,0.010959611470090962,0.017001494817340018,0.1705756929637527,0.15398584293814624
249,0.21621621621621617,0.32,0.027777777777777776,0.08333333333333333,0.16216216216216214,0.20000000000000004,0.010831815605992019,0.019463404667337623,0.16424377970366233,0.15910033167495852
250,0.29213483146067415,0.2424242424242424,0.16091954022988506,0.03125,0.2471910112359551,0.1212121212121212,0.09844216025434945,0.006542088143860145,0.2833905839563548,0.12587712250254432
251,0.17142857142857143,0.19047619047619047,0.058823529411764705,0.03278688524590164,0.14285714285714285,0.12698412698412698,0.011103047724581823,0.007442192167913468,0.12690145502645503,0.07598784194528876
252,0.4225352112676056,0.21212121212121213,0.14492753623188406,0.125,0.3098591549295775,0.1818181818181818,0.014577516118523641,0.07103702656973529,0.2516798164493245,0.18082446653875225
253,0.5102040816326531,0.5128205128205129,0.31249999999999994,0.3157894736842105,0.2857142857142857,0.3076923076923077,0.041888153808889,0.12496619333521206,0.4618226600985222,0.37470878856041134
254,0.45070422535211263,0.5,0.2318840579710145,0.2903225806451613,0.3943661971830986,0.43750000000000006,0.15701014973532346,0.20361544504705104,0.4792332268370607,0.5009829452614379
255,0.24444444444444444,0.2571428571428571,0.022727272727272724,0.029411764705882353,0.15555555555555559,0.1714285714285714,0.0065020699986389945,0.007004803424943693,0.10075566750629723,0.10582010582010581
256,0.325,0.31884057971014496,0.1282051282051282,0.11940298507462688,0.19999999999999998,0.2318840579710145,0.03248913034272643,0.03070372621088007,0.23538000461077385,0.23691460055096417
257,0.4210526315789473,0.24489795918367346,0.18918918918918917,0.0425531914893617,0.3684210526315789,0.20408163265306123,0.0731214927375959,0.017860092878992276,0.4507472280250683,0.1646017699115044
258,0.21951219512195125,0.22641509433962265,0.049999999999999996,0.0392156862745098,0.17073170731707316,0.22641509433962265,0.012780140290701365,0.020144990145560468,0.23025362318840575,0.19183673469387758
259,0.379746835443038,0.3050847457627119,0.07792207792207792,0.0,0.2278481012658228,0.13559322033898305,0.00611867791405416,0.007987276352377327,0.19530120979396345,0.08928571428571429
260,0.5542168674698795,0.4666666666666666,0.3950617283950617,0.3793103448275862,0.45783132530120485,0.3666666666666667,0.29215021962379045,0.23863463613918331,0.533550180997849,0.35397584501904844
261,0.4,0.40909090909090917,0.12962962962962962,0.20930232558139533,0.23636363636363636,0.2272727272727273,0.036593790494907276,0.0870894982091382,0.25827267066074006,0.25865946918578503
262,0.4842105263157894,0.45945945945945943,0.15053763440860216,0.1111111111111111,0.2526315789473684,0.24324324324324323,0.014699644170609557,0.018743785289208153,0.3263180272108844,0.23802733214497923
263,0.30303030303030304,0.34146341463414637,0.0,0.025,0.22222222222222224,0.2682926829268293,0.006170031539043551,0.01386650588751477,0.15873015873015872,0.176056338028169
264,0.2823529411764706,0.30303030303030304,0.14457831325301204,0.09375000000000001,0.2588235294117647,0.2121212121212121,0.018288128465325883,0.05621355757954795,0.17588652482269504,0.17036425864808702
265,0.6764705882352942,0.6031746031746031,0.48484848484848486,0.39344262295081966,0.588235294117647,0.5079365079365079,0.2885396381319584,0.23458352759629744,0.6300996853034844,0.5445935752684954
266,0.39999999999999997,0.4578313253012048,0.20454545454545456,0.2962962962962963,0.35555555555555557,0.4096385542168674,0.04389931794863787,0.04624379094943785,0.2840937863979339,0.31894164701056305
267,0.4931506849315069,0.3870967741935484,0.3380281690140845,0.19999999999999998,0.4657534246575343,0.3548387096774193,0.11564823299925049,0.034149771065243,0.31992220335910065,0.19721249425165374
268,0.3584905660377358,0.14285714285714285,0.09615384615384615,0.0,0.11320754716981131,0.07142857142857142,0.06186489407911844,0.006240589473963285,0.24005357523363074,0.09195402298850575
269,0.26666666666666666,0.22641509433962265,0.0821917808219178,0.0784313725490196,0.16,0.1509433962264151,0.0137502039388798,0.01628137155846647,0.2698697068403909,0.1780874951606659
270,0.3305785123966942,0.2528735632183908,0.050420168067226885,0.07058823529411765,0.18181818181818182,0.20689655172413793,0.026602910452974263,0.006052409981528816,0.1724137931034483,0.08226691042047532
271,0.5208333333333334,0.5714285714285714,0.3191489361702128,0.411764705882353,0.4166666666666667,0.4857142857142858,0.23362148807893654,0.14038277612835703,0.37850859498536976,0.29940004799616027
272,0.20289855072463772,0.28070175438596495,0.11940298507462686,0.07272727272727274,0.14492753623188406,0.14035087719298248,0.01332691735545882,0.017166428231324887,0.1609368579646624,0.1048951048951049
273,0.16901408450704225,0.24000000000000002,0.028985507246376812,0.041666666666666664,0.08450704225352113,0.12000000000000001,0.006409912521492096,0.011712916466550741,0.09999999999999999,0.08695652173913043
274,0.45714285714285713,0.23076923076923075,0.17647058823529413,0.08,0.34285714285714286,0.1923076923076923,0.038489116364924886,0.021366468781218815,0.3961257309941521,0.1490870240870241
275,0.4375,0.40540540540540543,0.2127659574468085,0.1388888888888889,0.3125,0.24324324324324326,0.11718227243914524,0.09548488097718572,0.38987744876090435,0.2975442254039305
276,0.5789473684210527,0.5588235294117648,0.32432432432432434,0.3333333333333333,0.4473684210526316,0.411764705882353,0.23647235972003527,0.20841486501210174,0.545990274182436,0.4042296072507553
277,0.2564102564102564,0.1791044776119403,0.05263157894736842,0.061538461538461535,0.15384615384615385,0.1791044776119403,0.013202927207088249,0.007512632746460884,0.16311469756534933,0.08645533141210374
278,0.380952380952381,0.39215686274509803,0.19672131147540983,0.24489795918367346,0.2857142857142857,0.35294117647058826,0.07984434410510546,0.12090340630072073,0.28288973384030414,0.37202380952380953
279,0.5,0.47368421052631576,0.3513513513513513,0.27027027027027023,0.39473684210526316,0.368421052631579,0.1818759733952115,0.15756751766261828,0.4569332876175548,0.33452971093800293
280,0.3614457831325302,0.46875000000000006,0.09876543209876543,0.2903225806451613,0.19277108433734938,0.40625000000000006,0.014319831453943518,0.12842090773397027,0.2337973031752936,0.30119986850756086
281,0.4102564102564102,0.39999999999999997,0.18421052631578946,0.1724137931034483,0.28205128205128205,0.26666666666666666,0.06688071957304445,0.020053583653512702,0.41332056288219265,0.2872586872586873
282,0.14,0.14492753623188406,0.0,0.0,0.1,0.08695652173913043,0.0038060718506189493,0.006510755202591488,0.07309941520467836,0.04792332268370607
283,0.5490196078431373,0.23076923076923078,0.33999999999999997,0.05263157894736842,0.47058823529411764,0.1794871794871795,0.1916387602738141,0.011169797192028872,0.4984252719984731,0.13430851063829788
284,0.1891891891891892,0.32352941176470584,0.08333333333333333,0.15151515151515152,0.16216216216216214,0.23529411764705882,0.011680274914060781,0.01888979634684977,0.11923076923076924,0.2069672131147541
285,0.5588235294117647,0.5454545454545454,0.27272727272727276,0.33962264150943394,0.4411764705882353,0.509090909090909,0.09687064314891682,0.13849381357995486,0.5413603717786227,0.4924679978311605
286,0.3695652173913043,0.15625,0.06666666666666667,0.03225806451612904,0.1956521739130435,0.15625,0.012845402703346848,0.013233894914572525,0.2442622689357087,0.09175145348837209
287,0.625,0.2641509433962264,0.4102564102564103,0.0392156862745098,0.525,0.22641509433962265,0.22080303938019144,0.010060559285741328,0.6882710675554672,0.08992805755395683
288,0.23880597014925378,0.37500000000000006,0.0,0.21739130434782608,0.1492537313432836,0.37500000000000006,0.00771678504430642,0.13844426326233075,0.1374570446735395,0.2563298357664233
289,0.42424242424242425,0.3614457831325302,0.18556701030927836,0.09876543209876543,0.2626262626262626,0.24096385542168677,0.03699294782475985,0.011156301102992056,0.2733713306363219,0.16424764247642476
290,0.2619047619047619,0.16666666666666666,0.04878048780487805,0.0,0.2142857142857143,0.1111111111111111,0.012819825042984193,0.006620999797041479,0.1187648456057007,0.07334963325183373
291,0.4444444444444445,0.64,0.20253164556962022,0.4166666666666667,0.2469135802469136,0.36,0.1034094067304739,0.2173840265882341,0.3360072544642857,0.41218637992831536
292,0.29411764705882354,0.17241379310344826,0.18181818181818182,0.07142857142857142,0.17647058823529413,0.17241379310344826,0.013713605456973251,0.014635261651441165,0.1870748299319728,0.14966442953020132
293,0.3,0.2727272727272727,0.02564102564102564,0.03125000000000001,0.22500000000000003,0.24242424242424246,0.010320361584657317,0.013529171154975211,0.1896551724137931,0.23025362318840578
294,0.28205128205128205,0.39393939393939387,0.07894736842105263,0.125,0.17948717948717952,0.2727272727272727,0.05506209809653264,0.02263735935476447,0.18479449914049073,0.2586089824425259
295,0.1282051282051282,0.10714285714285714,0.0,0.03703703703703704,0.05128205128205129,0.10714285714285714,0.004273297457822545,0.014614031921776127,0.08250825082508251,0.05319148936170212
296,0.4556962025316456,0.3947368421052631,0.15584415584415584,0.10810810810810809,0.30379746835443033,0.23684210526315788,0.040655607858153364,0.016952707579135296,0.4881665722242986,0.3747205596019327
297,0.37209302325581395,0.4375,0.1904761904761905,0.2903225806451613,0.27906976744186046,0.28125,0.12761151535061618,0.09742555924681479,0.23717452951791693,0.2563195861706642
298,0.3636363636363636,0.32,0.125,0.125,0.24242424242424246,0.23999999999999996,0.03250804687495712,0.043748114312246435,0.32078728135683227,0.26861702127659576
299,0.5263157894736842,0.6575342465753424,0.3225806451612903,0.3943661971830986,0.4421052631578948,0.5205479452054794,0.20236849505031676,0.2708565650933103,0.5052275216568755,0.5195801815212938
300,0.25531914893617014,0.26086956521739135,0.10869565217391304,0.059701492537313425,0.23404255319148934,0.2318840579710145,0.05113237542365032,0.01588436203293868,0.19237447044933678,0.1602503765060241
301,0.42857142857142855,0.25,0.1764705882352941,0.07407407407407407,0.3428571428571429,0.21428571428571427,0.07367654273937431,0.017379110740253053,0.40309276082796247,0.16721132897603486
302,0.3733333333333333,0.5357142857142857,0.136986301369863,0.29629629629629634,0.26666666666666666,0.42857142857142855,0.028993532021834398,0.16743498908156962,0.32538659793814434,0.46668667466986785
303,0.2666666666666667,0.1923076923076923,0.10958904109589042,0.04,0.18666666666666665,0.15384615384615383,0.05264942003563017,0.00821807407726565,0.3430769230769231,0.17991092358180966
304,0.2933333333333334,0.2641509433962264,0.0273972602739726,0.03921568627450981,0.2133333333333333,0.1886792452830189,0.006256262221561363,0.016158153049858754,0.1465798045602606,0.16827783745076982
305,0.43678160919540227,0.21875,0.1647058823529412,0.03225806451612903,0.20689655172413793,0.15625,0.01699960348373781,0.011554485177250395,0.17985611510791366,0.12172381643012534
306,0.17499999999999996,0.24615384615384617,0.0,0.06349206349206349,0.15,0.2153846153846154,0.005512554695624458,0.016587560311800354,0.09584664536741215,0.1609368579646624
307,0.40540540540540543,0.4727272727272728,0.2222222222222222,0.3018867924528302,0.3243243243243243,0.4363636363636364,0.1928243190846078,0.22628895874296737,0.3855907780979827,0.41332696220482146
308,0.19047619047619047,0.2388059701492537,0.024390243902439025,0.061538461538461535,0.11904761904761904,0.11940298507462685,0.00879423328912265,0.024635236830568785,0.21870809636103022,0.23264964832029908
309,0.3170731707317073,0.39344262295081966,0.075,0.06779661016949153,0.21951219512195122,0.22950819672131148,0.013565030331410086,0.022685468590292905,0.27378036790074906,0.27081961816984856
310,0.46153846153846156,0.2597402597402597,0.2921348314606741,0.08,0.32967032967032966,0.1818181818181818,0.25042141881007957,0.025952500371487594,0.36134903640256955,0.182488986784141
311,0.5869565217391305,0.3614457831325302,0.3333333333333333,0.17283950617283952,0.41304347826086957,0.24096385542168675,0.2016006518435586,0.034985237495651494,0.4502051282051282,0.16304347826086957
312,0.44155844155844154,0.41975308641975306,0.13333333333333333,0.12658227848101264,0.31168831168831174,0.32098765432098764,0.032803387829280016,0.030190361446695617,0.31876189098677105,0.32969018596655725
313,0.42424242424242425,0.375,0.1443298969072165,0.10638297872340424,0.26262626262626265,0.25,0.06799708699317523,0.027058119547332345,0.24071896180175525,0.21082687548180307
314,0.5588235294117647,0.27999999999999997,0.39393939393939387,0.08333333333333333,0.3529411764705882,0.16,0.17506196011658026,0.02022202784230022,0.6070143884892086,0.24278846153846156
315,0.3174603174603175,0.2553191489361702,0.032786885245901634,0.0,0.2222222222222222,0.1702127659574468,0.013565907333537271,0.011191021613657745,0.19575177009579345,0.08658008658008658
316,0.3838383838383838,0.39506172839506176,0.08247422680412371,0.0759493670886076,0.22222222222222224,0.19753086419753088,0.024289783953423513,0.028610713594879558,0.23365412656751242,0.17759562841530055
317,0.4358974358974359,0.46875000000000006,0.2631578947368421,0.2903225806451613,0.358974358974359,0.40625000000000006,0.15394307238244553,0.15945551868293495,0.2835452362763287,0.28474156607861345
318,0.4722222222222222,0.5,0.2571428571428572,0.34782608695652173,0.36111111111111116,0.45833333333333337,0.10789117169394803,0.10116905680857378,0.35786122990997327,0.2738095238095238
319,0.29473684210526313,0.34782608695652173,0.06451612903225806,0.08955223880597014,0.1894736842105263,0.26086956521739135,0.01143354672983217,0.019454290935168924,0.26867890013148116,0.25686077643908967
320,0.3725490196078432,0.3218390804597701,0.13999999999999999,0.09411764705882353,0.19607843137254902,0.20689655172413796,0.014503107473696394,0.0131733287014308,0.20408249728850325,0.17764806226344682
321,0.5168539325842696,0.5882352941176471,0.3218390804597701,0.42424242424242425,0.38202247191011235,0.4411764705882353,0.25954076962044603,0.3212782191128373,0.44839345659934987,0.48526056332654166
322,0.4358974358974359,0.40624999999999994,0.15789473684210525,0.1935483870967742,0.358974358974359,0.34374999999999994,0.08612673997304696,0.07729505483684171,0.2833464052287582,0.24431679120056432
323,0.5454545454545455,0.5813953488372093,0.24742268041237114,0.35714285714285715,0.2626262626262626,0.37209302325581395,0.04066408146675681,0.1686449821873912,0.33691653982749875,0.467217426971502
324,0.3098591549295775,0.6122448979591837,0.20289855072463767,0.3829787234042554,0.25352112676056343,0.44897959183673475,0.14066507265491465,0.27004734632486077,0.353968253968254,0.518816500959358
325,0.6185567010309279,0.2702702702702703,0.37894736842105264,0.13888888888888887,0.43298969072164945,0.24324324324324323,0.1417443362428972,0.02976619254125989,0.4198987884160756,0.15294924554183814
326,0.21739130434782608,0.23529411764705882,0.0,0.0,0.17391304347826086,0.14705882352941177,0.005697859151313652,0.006690636134941092,0.14492753623188406,0.10256410256410256
327,0.6,0.46153846153846156,0.27272727272727276,0.1842105263157895,0.35555555555555557,0.23076923076923078,0.11149713698322002,0.042430427725728935,0.5076506441531261,0.29683243760583083
328,0.37362637362637363,0.5,0.15730337078651685,0.3548387096774193,0.21978021978021978,0.28125,0.013433582022038107,0.20195252980133674,0.22244389027431422,0.3220240350782222
329,0.2857142857142857,0.2608695652173913,0.01818181818181818,0.044444444444444446,0.16071428571428573,0.17391304347826086,0.006076444609687688,0.009113707052630367,0.12544802867383514,0.10185185185185185
330,0.32142857142857145,0.49275362318840576,0.1818181818181818,0.35820895522388063,0.28571428571428564,0.43478260869565216,0.09676840486068537,0.25087428990920285,0.35025951557093427,0.4327256944444444
331,0.7708333333333333,0.5647058823529412,0.5319148936170214,0.2891566265060241,0.4375,0.2823529411764706,0.3530577005090593,0.10052721842115749,0.6026820520817091,0.36774024384914566
332,0.49462365591397844,0.6153846153846153,0.24175824175824173,0.368421052631579,0.3225806451612903,0.5128205128205129,0.07065593148109758,0.1863574744519168,0.3601856704349779,0.4092315938721167
333,0.48837209302325574,0.4827586206896552,0.2857142857142857,0.25,0.32558139534883723,0.3793103448275862,0.09362537959985184,0.13322655456845015,0.4219994163505231,0.2505446623093682
334,0.39285714285714285,0.22222222222222224,0.0909090909090909,0.045454545454545456,0.2678571428571429,0.13333333333333333,0.013097361072761467,0.00535826973165314,0.17200689249023934,0.09526111211809964
335,0.41025641025641024,0.4545454545454545,0.10526315789473684,0.18750000000000003,0.20512820512820512,0.393939393939394,0.03559124161707976,0.039496260432385966,0.27782310704960833,0.327231970955498
336,0.1967213114754098,0.22222222222222224,0.033898305084745756,0.0,0.1311475409836066,0.17777777777777778,0.00670929504614591,0.01041441909198652,0.08130081300813008,0.06493506493506493
337,0.3333333333333333,0.24,0.09090909090909091,0.0547945205479452,0.26666666666666666,0.13333333333333333,0.03242462538865722,0.012553598891556623,0.2426680054172699,0.1350115517905275
338,0.24324324324324328,0.19230769230769232,0.027777777777777776,0.08,0.13513513513513514,0.19230769230769232,0.0058609033660640365,0.016891032976324306,0.12367491166077739,0.07633587786259544
339,0.4415584415584416,0.3421052631578948,0.16,0.13513513513513514,0.20779220779220778,0.23684210526315788,0.020361437565224235,0.034089811462827725,0.3040178571428571,0.271310888252149
340,0.29629629629629634,0.2950819672131147,0.1772151898734177,0.10169491525423728,0.2222222222222222,0.26229508196721313,0.15265831690810036,0.01214276484645176,0.31292968931048865,0.1461624313186813
341,0.3880597014925373,0.4666666666666666,0.1846153846153846,0.3448275862068965,0.26865671641791045,0.4,0.10032055247005964,0.233464833213293,0.32992160278745647,0.4820422792773023
342,0.38461538461538464,0.33962264150943394,0.10526315789473684,0.15686274509803924,0.1794871794871795,0.30188679245283023,0.015920362546548064,0.022205954724920075,0.3104154283072453,0.2680652680652681
343,0.3551401869158879,0.29268292682926833,0.09523809523809523,0.075,0.16822429906542055,0.26829268292682923,0.02413980539783668,0.003727514318139825,0.1559633027522936,0.07677543186180422
344,0.30588235294117644,0.26666666666666666,0.12048192771084337,0.05479452054794521,0.21176470588235294,0.10666666666666667,0.01456620999076292,0.007048793693474341,0.23691460055096422,0.1232876712328767
345,0.39473684210526316,0.4444444444444444,0.2162162162162162,0.22950819672131148,0.3157894736842105,0.3492063492063492,0.1300321874998285,0.14808207875816087,0.3462450068784911,0.358288311465569
346,0.3448275862068966,0.380952380952381,0.09411764705882354,0.09836065573770493,0.20689655172413793,0.25396825396825395,0.027834360690819338,0.027377270597078618,0.2088409990862016,0.1322751322751323
347,0.3855421686746988,0.276923076923077,0.04938271604938271,0.031746031746031744,0.1927710843373494,0.1846153846153846,0.008139457119898304,0.006637536046485965,0.15776699029126212,0.11392405063291138
348,0.49315068493150693,0.4482758620689655,0.25352112676056343,0.25,0.2191780821917808,0.3103448275862069,0.11590595821995023,0.14632932071932153,0.4069355980184005,0.36150594574507616
349,0.4666666666666667,0.23684210526315788,0.1818181818181818,0.05405405405405406,0.26666666666666666,0.13157894736842105,0.08750038373449508,0.012982698797568037,0.35513126491646774,0.09876543209876544
350,0.3544303797468354,0.32142857142857145,0.15584415584415584,0.07407407407407407,0.2278481012658228,0.17857142857142858,0.0282000268650528,0.020068932752887545,0.33938172043010756,0.2070160505836576
351,0.23157894736842108,0.23529411764705882,0.04301075268817204,0.08163265306122448,0.1263157894736842,0.23529411764705882,0.004555836373025256,0.0167591968502468,0.17350157728706625,0.13527272727272727
352,0.23333333333333334,0.18604651162790697,0.06896551724137931,0.04878048780487805,0.23333333333333334,0.18604651162790697,0.00606212098164554,0.008301095462822575,0.12755102040816327,0.05555555555555555
353,0.18181818181818182,0.1851851851851852,0.0,0.038461538461538464,0.11363636363636363,0.14814814814814814,0.00439603664946057,0.006471824245088331,0.1079136690647482,0.04081632653061225
354,0.43835616438356156,0.47058823529411764,0.28169014084507044,0.32653061224489793,0.4109589041095891,0.4313725490196078,0.151033820468191,0.23660362391696815,0.39574468085106385,0.36278735632183906
355,0.2,0.1764705882352941,0.029411764705882353,0.030303030303030304,0.0857142857142857,0.08823529411764705,0.01062966632179831,0.011976212358012274,0.1372693726937269,0.13984962406015036
356,0.3846153846153846,0.5925925925925926,0.2105263157894737,0.3076923076923077,0.1794871794871795,0.5185185185185185,0.03919422304459002,0.07519011917183101,0.3396087117017349,0.45661430039641754
357,0.4857142857142857,0.4615384615384615,0.3235294117647059,0.24,0.3714285714285715,0.2692307692307692,0.04744188024111084,0.04257479661839979,0.3357712765957447,0.2882205513784461
358,0.35897435897435903,0.3103448275862069,0.05263157894736841,0.07142857142857142,0.2051282051282051,0.2758620689655172,0.013497799374797769,0.018672907725471578,0.2569242333712391,0.13986013986013987
359,0.5384615384615385,0.5352112676056338,0.42105263157894735,0.37681159420289856,0.48717948717948717,0.36619718309859156,0.20302764816548735,0.19884875959516454,0.5305513096194203,0.48716173023652254
360,0.6590909090909092,0.7,0.5116279069767441,0.5172413793103449,0.5681818181818182,0.6333333333333334,0.334725389298265,0.40561222455106916,0.687235004364634,0.5627956531003623
361,0.4285714285714286,0.3368421052631579,0.14583333333333334,0.15053763440860213,0.2653061224489796,0.29473684210526313,0.03413021475209325,0.045419074028473394,0.2121835005405949,0.26130424903431043
362,0.35955056179775285,0.3561643835616438,0.13793103448275862,0.11267605633802816,0.15730337078651685,0.2465753424657534,0.05382598430511784,0.0317901171581787,0.41165616847998976,0.283969465648855
363,0.3516483516483517,0.39999999999999997,0.0449438202247191,0.1282051282051282,0.15384615384615383,0.275,0.011431164199686563,0.019049156651279906,0.20780713275409174,0.26915207707448463
364,0.4473684210526315,0.3870967741935484,0.027027027027027025,0.0,0.21052631578947364,0.1935483870967742,0.007272006626202577,0.009812163258584559,0.20634920634920634,0.14950166112956811
365,0.2891566265060241,0.19999999999999998,0.024691358024691357,0.03448275862068965,0.19277108433734938,0.13333333333333333,0.005697859151313652,0.007436655722908642,0.15432098765432098,0.05033557046979867
366,0.34090909090909094,0.3773584905660377,0.09302325581395349,0.11764705882352941,0.20454545454545456,0.22641509433962262,0.026695839582617332,0.015286975343034264,0.28211284513805523,0.18959435626102294
367,0.3013698630136986,0.3050847457627119,0.11267605633802817,0.14035087719298248,0.2191780821917808,0.23728813559322032,0.03330561328164072,0.048368805592847286,0.2820411911321002,0.22942386831275718
368,0.6813186813186813,0.47619047619047616,0.49438202247191015,0.1951219512195122,0.6373626373626374,0.3333333333333333,0.38329907645169775,0.08119817965183831,0.5892301464821514,0.3282817706993413
369,0.3255813953488372,0.6153846153846154,0.14285714285714285,0.38095238095238093,0.20930232558139536,0.5230769230769231,0.08496143264866135,0.11571955427727679,0.29458853666346463,0.4116923076923077
370,0.4096385542168675,0.4838709677419355,0.29629629629629634,0.4000000000000001,0.3855421686746988,0.41935483870967744,0.2341362347814209,0.3564327325475998,0.3433719758064516,0.42292388653574636
371,0.19753086419753085,0.18181818181818185,0.0759493670886076,0.0,0.14814814814814817,0.14545454545454548,0.01122604871362541,0.009152541620698935,0.13377926421404684,0.09191176470588236
372,0.41379310344827586,0.46341463414634143,0.2588235294117647,0.275,0.3448275862068966,0.3902439024390244,0.08466919880918329,0.1306886997553758,0.41142709101416924,0.44505461165048543
373,0.16666666666666666,0.21276595744680854,0.0,0.0,0.13333333333333333,0.21276595744680854,0.007711727065811939,0.011191021613657745,0.11904761904761905,0.10416666666666669
374,0.41025641025641024,0.33333333333333337,0.07894736842105263,0.08571428571428572,0.20512820512820512,0.2222222222222222,0.018187597339521158,0.014134950514814832,0.22255555555555556,0.17430884758988127
375,0.6666666666666666,0.5333333333333333,0.3191489361702128,0.3409090909090909,0.4166666666666667,0.4666666666666667,0.1841905603237335,0.24469151369682932,0.6036822345532216,0.4685427630171566
376,0.26262626262626265,0.24324324324324323,0.041237113402061855,0.05555555555555556,0.18181818181818182,0.18918918918918917,0.0056989542032516195,0.006680562875581473,0.13793103448275862,0.12976371951219512
377,0.28571428571428575,0.47457627118644075,0.02666666666666666,0.14035087719298248,0.18181818181818185,0.2711864406779661,0.011692093421606195,0.010170107718895784,0.15772870662460567,0.16722408026755853
378,0.6388888888888888,0.5714285714285714,0.48571428571428565,0.3333333333333333,0.611111111111111,0.4642857142857143,0.28158176099464166,0.23700625273122525,0.6562711864406781,0.4131369460644502
379,0.3013698630136986,0.3636363636363636,0.05633802816901408,0.0,0.136986301369863,0.1818181818181818,0.005977500645731284,0.012055613990073604,0.17021276595744678,0.16746411483253587
380,0.38636363636363635,0.3380281690140845,0.18604651162790697,0.17391304347826086,0.34090909090909094,0.2535211267605634,0.14552750619606428,0.12343090068889868,0.3087647609447004,0.2592092992272848
381,0.4752475247524752,0.5567010309278351,0.20202020202020202,0.3157894736842105,0.27722772277227725,0.4742268041237114,0.08853380818464777,0.14009073608903239,0.3026884752773078,0.34769463340891915
382,0.23655913978494625,0.2727272727272727,0.04395604395604395,0.0625,0.15053763440860213,0.1818181818181818,0.010052070847919934,0.014303056983062482,0.14138817480719792,0.09641873278236913
383,0.36585365853658536,0.3243243243243243,0.22500000000000003,0.1388888888888889,0.36585365853658536,0.3243243243243243,0.12512236921161915,0.06708839685423082,0.33772801155860577,0.19199395770392746
384,0.5148514851485149,0.2,0.2222222222222222,0.05128205128205129,0.31683168316831684,0.1,0.11547589376640158,0.008819901191327934,0.3397436910386676,0.11358114674441203
385,0.5252525252525252,0.6136363636363638,0.24742268041237112,0.3023255813953488,0.3838383838383838,0.4772727272727273,0.1426571434194312,0.13915091583167843,0.4163553387248006,0.35673894670656975
386,0.3170731707317073,0.19999999999999998,0.0,0.0,0.14634146341463414,0.11428571428571428,0.006256262221561363,0.007088735373874833,0.1187335092348285,0.08174386920980926
387,0.6557377049180327,0.7272727272727272,0.3389830508474576,0.4285714285714286,0.36065573770491804,0.31818181818181823,0.17627564495170006,0.27880322048747486,0.5121883376321247,0.42808219178082185
388,0.48101265822784806,0.2711864406779661,0.23376623376623376,0.14035087719298245,0.4050632911392405,0.2711864406779661,0.13783619018637294,0.03681706206604831,0.4175301401107852,0.21879867601246106
389,0.40963855421686746,0.3859649122807018,0.1728395061728395,0.10909090909090909,0.26506024096385544,0.2456140350877193,0.07094237342606405,0.015509609753512968,0.3374347082132565,0.125
390,0.3684210526315789,0.5142857142857143,0.08108108108108109,0.2058823529411765,0.2894736842105263,0.2857142857142857,0.0275748768055379,0.039239490178721324,0.3020710059171598,0.4124048706240488
391,0.32,0.3157894736842105,0.0273972602739726,0.03636363636363636,0.18666666666666665,0.2456140350877193,0.012640874819987349,0.01867506984330751,0.1791530944625407,0.15463917525773196
392,0.380952380952381,0.5161290322580646,0.14634146341463417,0.3666666666666667,0.1904761904761905,0.4193548387096774,0.06856374867510526,0.15712458099633225,0.2669260342088906,0.32169725529100535
393,0.3888888888888889,0.4150943396226415,0.14285714285714285,0.11764705882352941,0.27777777777777785,0.2641509433962264,0.035181547884111326,0.02829559628326351,0.2729264347576831,0.2549154092363969
394,0.3142857142857143,0.4,0.11764705882352941,0.1509433962264151,0.2571428571428572,0.2545454545454545,0.012360545410216943,0.03507841920856979,0.40019358201176386,0.3576923076923077
395,0.40740740740740744,0.22222222222222224,0.15094339622641512,0.02531645569620253,0.2222222222222222,0.09876543209876543,0.032998928639199246,0.003968352709703392,0.2664399092970522,0.07782101167315175
396,0.3404255319148936,0.24,0.08695652173913045,0.0,0.21276595744680854,0.16,0.022374670607080465,0.010457394713217499,0.30154497195512825,0.11194029850746268
397,0.6067415730337079,0.5675675675675675,0.3908045977011494,0.3888888888888889,0.449438202247191,0.5135135135135135,0.17658659134099386,0.1461866428845062,0.47434905903583385,0.37742816127720663
398,0.4444444444444445,0.125,0.2061855670103093,0.02564102564102564,0.3434343434343434,0.1,0.09450806185604826,0.0038875826013206292,0.2887266383643195,0.03080082135523614
399,0.32499999999999996,0.3548387096774194,0.12820512820512822,0.16666666666666666,0.225,0.22580645161290322,0.08388039553626574,0.013943632358895194,0.2651147986863616,0.14640638864241348
400,0.3260869565217391,0.5373134328358209,0.11111111111111112,0.21538461538461537,0.26086956521739135,0.4477611940298507,0.02875994764482578,0.18282965826998562,0.24247946198453607,0.322624650433122
401,0.38596491228070173,0.45714285714285713,0.1607142857142857,0.19417475728155342,0.22807017543859648,0.26666666666666666,0.060697661272074814,0.02927079156777755,0.26041599670701426,0.2514087988136431
402,0.4571428571428572,0.4,0.1941747572815534,0.1590909090909091,0.3619047619047619,0.31111111111111117,0.14491938341443947,0.12320718995892381,0.3351641202929259,0.22354254201680673
403,0.3636363636363636,0.16,0.09302325581395349,0.0,0.22727272727272727,0.08,0.013513353086126568,0.006909792747415067,0.2054055719921104,0.06702412868632708
404,0.26865671641791045,0.1886792452830189,0.12307692307692307,0.03921568627450981,0.2388059701492537,0.1886792452830189,0.0661507607186886,0.009498525867740094,0.289308176100629,0.0790513833992095
405,0.21621621621621623,0.41666666666666663,0.1388888888888889,0.17391304347826086,0.18918918918918923,0.20833333333333331,0.009036923864070349,0.04840461225938483,0.13932584269662923,0.2385204081632653
406,0.2333333333333333,0.3157894736842105,0.06896551724137931,0.07272727272727272,0.2,0.21052631578947367,0.014612432574893431,0.00670929504614591,0.2833905839563548,0.26469216417910446
407,0.11965811965811966,0.4197530864197531,0.017391304347826087,0.20253164556962022,0.06837606837606838,0.2716049382716049,0.007447938959763117,0.07684457840674387,0.08737864077669903,0.22565819995360703
408,0.2696629213483146,0.28169014084507044,0.0689655172413793,0.08695652173913043,0.20224719101123595,0.19718309859154928,0.011953994172857826,0.01643434939684039,0.18002832861189802,0.18857566765578632
409,0.5376344086021506,0.3287671232876712,0.17582417582417584,0.08450704225352113,0.2795698924731182,0.1917808219178082,0.0790942888526308,0.00809703639132091,0.3125215248387072,0.14519595338353747
410,0.125,0.125,0.032258064516129024,0.043478260869565216,0.09375000000000001,0.125,0.004392487796991638,0.014761667142304912,0.06493506493506494,0.1461226851851852
411,0.48387096774193544,0.6666666666666666,0.3,0.47826086956521735,0.41935483870967744,0.5833333333333334,0.1471645476710016,0.31138788080750657,0.49562682215743437,0.6691244239631335
412,0.4444444444444445,0.43243243243243246,0.25,0.2222222222222222,0.37777777777777777,0.3783783783783784,0.17000367490395704,0.10065558703797962,0.24368776537072573,0.20100220634979993
413,0.12121212121212122,0.4411764705882353,0.02061855670103093,0.21212121212121213,0.06060606060606061,0.3823529411764707,0.00846177132910779,0.10619843546829401,0.09732360097323603,0.22441520467836257
414,0.3695652173913044,0.3218390804597701,0.11111111111111112,0.1411764705882353,0.2173913043478261,0.2758620689655172,0.08117578843952025,0.13816591886424687,0.18306636155606407,0.24434543402614503
415,0.18181818181818182,0.17543859649122806,0.08,0.036363636363636355,0.12987012987012989,0.10526315789473684,0.009009106352492559,0.007205335066302803,0.20282186948853617,0.06465517241379311
416,0.29213483146067415,0.16666666666666666,0.16091954022988506,0.10344827586206896,0.2247191011235955,0.16666666666666666,0.031442247438515224,0.027335478649910806,0.2401161492070583,0.10997067448680352
417,0.4444444444444445,0.6216216216216216,0.2954545454545454,0.3611111111111111,0.2666666666666667,0.37837837837837834,0.1705068231673708,0.20526216298027716,0.42721518987341767,0.5142725515887974
418,0.39999999999999997,0.23529411764705882,0.21917808219178084,0.0,0.32,0.1568627450980392,0.05623975733856201,0.008517399705356638,0.4048325010403662,0.0816326530612245
419,0.38461538461538464,0.6666666666666666,0.15789473684210525,0.34782608695652173,0.3076923076923077,0.5833333333333334,0.025678384507197637,0.06893826633458064,0.3472080527783446,0.5278393966282166
420,0.372093023255814,0.24324324324324323,0.09523809523809525,0.05555555555555555,0.2558139534883721,0.16216216216216214,0.029431253130712022,0.013819585494830136,0.30492146809895837,0.14263572386058979
421,0.3529411764705882,0.36111111111111116,0.08,0.1142857142857143,0.23529411764705882,0.22222222222222224,0.023154497083563267,0.033395278874432575,0.2781231442992874,0.26143790849673204
422,0.36170212765957444,0.3243243243243243,0.17391304347826086,0.08333333333333334,0.23404255319148937,0.21621621621621623,0.058520616494745624,0.013185646781095042,0.22320517678607865,0.15128254333781108
423,0.4888888888888889,0.24657534246575344,0.36363636363636365,0.056338028169014086,0.4444444444444444,0.1917808219178082,0.2706043472486931,0.012534724690717635,0.5846507617131361,0.14189107595701
424,0.641025641025641,0.4615384615384615,0.39473684210526316,0.16,0.5128205128205128,0.23076923076923075,0.272701844762718,0.01619319301532491,0.6265052604892889,0.2309636258182119
425,0.26666666666666666,0.28571428571428575,0.07766990291262135,0.0898876404494382,0.1714285714285714,0.19780219780219782,0.06488461462667575,0.08145291049897864,0.18433179723502305,0.17857142857142858
426,0.4565217391304348,0.619718309859155,0.33333333333333337,0.40579710144927544,0.4130434782608696,0.5070422535211268,0.22122004414484805,0.16904948746449486,0.4225815135795566,0.42781774580335735
427,0.38202247191011235,0.24242424242424243,0.0689655172413793,0.09374999999999999,0.24719101123595508,0.1818181818181818,0.028993532021834398,0.01376078408504083,0.20901416122004357,0.1648555526106546
428,0.37113402061855666,0.3235294117647059,0.23157894736842102,0.2121212121212121,0.3092783505154639,0.2647058823529412,0.0849942979610878,0.12047113836499036,0.3569812309451219,0.26536888059086783
429,0.3111111111111111,0.3934426229508197,0.13636363636363635,0.2711864406779661,0.28888888888888886,0.3934426229508197,0.027077231216607787,0.19984292351706157,0.2874368686868687,0.29024767801857587
430,0.33663366336633666,0.4358974358974359,0.06060606060606061,0.2631578947368421,0.17821782178217824,0.33333333333333337,0.013350097003610487,0.22988219199630278,0.20860760809312637,0.30523255813953487
431,0.49056603773584906,0.7272727272727272,0.25,0.56,0.3584905660377359,0.5714285714285715,0.029511455453362707,0.24551004409649385,0.4047515954743124,0.5236847409796411
432,0.4666666666666667,0.2368421052631579,0.3181818181818182,0.027027027027027025,0.3777777777777778,0.18421052631578944,0.269865498431692,0.007259447857267675,0.34716037888601037,0.06666666666666667
433,0.29545454545454547,0.20689655172413793,0.0697674418604651,0.047058823529411764,0.13636363636363635,0.1839080459770115,0.020874365970730738,0.005405463811495536,0.1998427672955975,0.11146496815286625
434,0.26804123711340205,0.3142857142857143,0.12631578947368421,0.14705882352941174,0.22680412371134023,0.2571428571428572,0.07968371423736574,0.08960338051669547,0.19293614881850174,0.17927710843373493
435,0.15,0.08333333333333333,0.025641025641025637,0.0,0.09999999999999999,0.041666666666666664,0.004701712638603976,0.009410489957951634,0.11070110701107011,0.08333333333333333
436,0.2595419847328244,0.20952380952380953,0.0310077519379845,0.01941747572815534,0.15267175572519084,0.1523809523809524,0.007262290340076324,0.0017433072102071838,0.10996119016817595,0.07362784471218208
437,0.4158415841584159,0.2790697674418604,0.18181818181818182,0.02380952380952381,0.33663366336633666,0.1395348837209302,0.11546837198241817,0.011064891248476136,0.4427942794279429,0.16666666666666666
438,0.46808510638297873,0.5405405405405406,0.17391304347826086,0.25,0.2765957446808511,0.2702702702702703,0.020087890504089986,0.172534299532988,0.3307577565632458,0.2776343197507273
439,0.4318181818181818,0.24390243902439024,0.2558139534883721,0.025,0.22727272727272724,0.14634146341463414,0.09916058235566588,0.006026651369541695,0.3853050626321573,0.09433962264150943
440,0.5473684210526316,0.47368421052631576,0.3010752688172043,0.18918918918918917,0.4421052631578947,0.4210526315789474,0.1059585665648455,0.04227583015674264,0.47557873974878023,0.2927154843630816
441,0.30769230769230765,0.38596491228070173,0.052631578947368425,0.18181818181818182,0.15384615384615383,0.3157894736842105,0.016095596506318654,0.13926465631932228,0.23688271604938274,0.27654867256637167
442,0.5333333333333334,0.2857142857142857,0.27272727272727276,0.058823529411764705,0.24444444444444446,0.20000000000000004,0.051638734774279965,0.01711802890197846,0.3916168836400889,0.13404825737265416
443,0.16901408450704225,0.26666666666666666,0.0,0.0689655172413793,0.1408450704225352,0.19999999999999998,0.00670929504614591,0.01570861749562312,0.08090614886731393,0.12525252525252525
444,0.2727272727272727,0.2807017543859649,0.11627906976744187,0.07272727272727272,0.20454545454545456,0.21052631578947367,0.030932447039559215,0.01871980086991623,0.26994881553907735,0.22615658362989327
445,0.3614457831325301,0.33333333333333326,0.12345679012345678,0.0,0.26506024096385544,0.22222222222222224,0.028382799755956648,0.008667842943607578,0.2828569047420618,0.19964443590236403
446,0.25,0.25,0.046511627906976744,0.03225806451612904,0.1818181818181818,0.21875,0.01053386130113345,0.01522114047039258,0.12261580381471388,0.13941623160892266
447,0.3333333333333333,0.33333333333333337,0.12195121951219512,0.0625,0.19047619047619047,0.18181818181818185,0.0347260272613326,0.027071125005270258,0.23168687764961057,0.12626262626262627
448,0.2696629213483146,0.42105263157894735,0.06896551724137931,0.13513513513513514,0.17977528089887637,0.2894736842105263,0.028021847889907768,0.09245748656544604,0.12249443207126949,0.262591275042127
449,0.37037037037037035,0.225,0.07547169811320754,0.05128205128205128,0.18518518518518517,0.15,0.014003177719178032,0.010260185067668355,0.21740120196685486,0.1237281976744186
450,0.3037974683544304,0.3076923076923077,0.15584415584415584,0.12000000000000001,0.2784810126582279,0.2692307692307692,0.030062703782372878,0.03809096946542823,0.3486608077003558,0.22946977834195878
451,0.345679012345679,0.3548387096774193,0.1518987341772152,0.23333333333333334,0.2716049382716049,0.3548387096774193,0.10903316620080986,0.15866512558782103,0.2836559355464179,0.2473134328358209
452,0.19444444444444448,0.12765957446808512,0.0,0.0,0.1111111111111111,0.0851063829787234,0.005965518750356762,0.009009113474307318,0.13618677042801558,0.08620689655172413
453,0.3595505617977528,0.21538461538461537,0.09195402298850575,0.031746031746031744,0.20224719101123598,0.15384615384615385,0.012845402703346848,0.015254103061203186,0.3082872928176795,0.15740569526627218
454,0.3950617283950617,0.52,0.1518987341772152,0.24999999999999994,0.2962962962962963,0.48,0.06485986839234077,0.15326859947928292,0.36006326611308814,0.4306385568835768
455,0.34210526315789475,0.25,0.16216216216216214,0.09677419354838711,0.2894736842105263,0.125,0.08593358274399973,0.03835797351003419,0.32721387750973546,0.22615535889872176
456,0.48101265822784817,0.5,0.3376623376623376,0.3103448275862069,0.4050632911392405,0.43333333333333324,0.1836065327482796,0.0686591593675565,0.3510772250919583,0.36100021387324444
457,0.175,0.23529411764705882,0.0,0.030303030303030307,0.12499999999999997,0.14705882352941177,0.005107786384598448,0.011649284259158212,0.11029411764705883,0.1346153846153846
458,0.41071428571428575,0.37254901960784315,0.2,0.21999999999999997,0.23214285714285712,0.2941176470588235,0.11530675090782477,0.13184987279444993,0.30841872614024507,0.32794117647058824
459,0.2195121951219512,0.16666666666666666,0.075,0.0,0.14634146341463414,0.08333333333333333,0.010237869503610934,0.008301095462822575,0.2545362903225806,0.1388888888888889
460,0.40963855421686746,0.3829787234042554,0.2469135802469136,0.2666666666666666,0.2650602409638554,0.25531914893617025,0.14071433641721826,0.0558409705799529,0.41531385281385286,0.2104591836734694
461,0.23076923076923075,0.23333333333333334,0.026315789473684213,0.06896551724137931,0.1282051282051282,0.19999999999999998,0.012517970592156697,0.016143244255463658,0.13554216867469882,0.09523809523809525
462,0.30769230769230765,0.26229508196721313,0.13157894736842107,0.03389830508474576,0.23076923076923078,0.13114754098360656,0.07091931299614854,0.008071364532479952,0.3327307162534435,0.21627800640146325
463,0.271604938271605,0.16666666666666669,0.05063291139240506,0.03448275862068965,0.12345679012345678,0.13333333333333333,0.011562497201211533,0.01246538533017119,0.13192612137203166,0.1191030415890751
464,0.3888888888888889,0.44897959183673464,0.2571428571428571,0.21276595744680854,0.27777777777777773,0.3673469387755102,0.07274999134192134,0.05442133807846856,0.45231622154699086,0.31775
465,0.3838383838383838,0.10256410256410256,0.28865979381443296,0.0,0.3838383838383838,0.07692307692307691,0.2074316166602538,0.0056946527210349415,0.3953112833016327,0.04854368932038835
466,0.27906976744186046,0.48148148148148145,0.11904761904761904,0.4230769230769231,0.18604651162790697,0.48148148148148145,0.011953994172857826,0.3157927250431501,0.24882943143812705,0.4005797458986061
467,0.48148148148148145,0.5360824742268041,0.20754716981132074,0.23157894736842105,0.37037037037037035,0.41237113402061853,0.17353085446449262,0.14294632314630645,0.3412162162162162,0.3403203998541565
468,0.3185840707964601,0.2571428571428572,0.03603603603603604,0.02941176470588235,0.23008849557522124,0.11428571428571428,0.01287343936257182,0.0032698292158889475,0.16129032258064516,0.08196721311475409
469,0.2820512820512821,0.30303030303030304,0.05263157894736842,0.09375000000000001,0.10256410256410256,0.15151515151515152,0.012230008607350008,0.01525248677367606,0.18105413105413104,0.15694137168141592
470,0.31111111111111117,0.2909090909090909,0.045454545454545456,0.07547169811320754,0.15555555555555559,0.1818181818181818,0.00952741110691353,0.01522525602380041,0.24575728466218377,0.11884984025559105
471,0.4266666666666666,0.3859649122807017,0.30136986301369867,0.2909090909090909,0.3733333333333333,0.3859649122807017,0.20487520602172166,0.24636643452542223,0.4590482026143791,0.3232758620689655
472,0.4752475247524752,0.47368421052631576,0.2828282828282828,0.2702702702702703,0.21782178217821782,0.2894736842105263,0.15638350105502152,0.22476337499702773,0.3592405287907018,0.3556910569105691
473,0.29850746268656714,0.1568627450980392,0.061538461538461535,0.0,0.14925373134328357,0.0784313725490196,0.005528849622582646,0.007678432706586176,0.217155612244898,0.06521739130434782
474,0.37037037037037035,0.25806451612903225,0.15189873417721522,0.06666666666666667,0.2962962962962963,0.22580645161290322,0.04073415927163506,0.008833604779397005,0.33243234597914406,0.08417508417508418
475,0.21917808219178084,0.07692307692307691,0.05633802816901408,0.0,0.1643835616438356,0.07692307692307691,0.022433948264456518,0,0.24562256809338523,0.021186440677966104
476,0.2857142857142857,0.2580645161290323,0.1764705882352941,0.23333333333333334,0.2571428571428572,0.2580645161290323,0.01593368598072872,0.03609623953161197,0.24278846153846156,0.26684483317136376
477,0.24242424242424243,0.14705882352941177,0.04123711340206186,0.0,0.1616161616161616,0.058823529411764705,0.009092765040225756,0.007095584390260568,0.1986965996463961,0.06738544474393532
478,0.29126213592233013,0.15625,0.07920792079207921,0.03225806451612903,0.1941747572815534,0.125,0.06592309822529722,0.005436413239010918,0.24380187416331994,0.053475935828877004
479,0.4444444444444444,0.4776119402985074,0.22727272727272724,0.24615384615384614,0.4000000000000001,0.3880597014925373,0.14656217864044324,0.10878661088699644,0.44823212673908314,0.3256214794676333
480,0.2,0.2898550724637681,0.022727272727272728,0.11940298507462686,0.13333333333333333,0.2318840579710145,0.005357656987495008,0.03320585776558893,0.19230769230769232,0.19984276729559747
481,0.18421052631578946,0.35294117647058826,0.0,0.15151515151515152,0.10526315789473685,0.32352941176470584,0.0065020699986389945,0.03169692988032974,0.10769230769230768,0.2621835443037975
482,0.23728813559322035,0.41666666666666663,0.03508771929824562,0.26086956521739135,0.16949152542372883,0.29166666666666663,0.006243702571093031,0.1264203703898735,0.14285714285714285,0.4281063816718875
483,0.24657534246575344,0.4333333333333333,0.056338028169014086,0.3103448275862069,0.1643835616438356,0.33333333333333337,0.015894780290856184,0.21902395699884886,0.20423489760779573,0.29485060394151297
484,0.17977528089887643,0.3225806451612903,0.0,0.0,0.1348314606741573,0.16129032258064516,0.005923625523450718,0.008190662930307478,0.1038961038961039,0.12465373961218838
485,0.27586206896551724,0.21212121212121213,0.11764705882352941,0.0,0.20689655172413793,0.1515151515151515,0.06449817351457392,0.007095584390260568,0.21810173344700196,0.08086253369272237
486,0.23728813559322035,0.27906976744186046,0.034482758620689655,0.09523809523809525,0.15254237288135591,0.23255813953488372,0.011512387454711386,0.011384872985124752,0.12854481223383663,0.12601410266130866
487,0.4666666666666667,0.40476190476190477,0.22727272727272727,0.14634146341463414,0.24444444444444444,0.2380952380952381,0.020655103296731734,0.03921253723525171,0.25109052122138387,0.2820192557897476
488,0.15517241379310345,0.2,0.0,0.0,0.13793103448275862,0.1142857142857143,0.003787047284389884,0.006181380566936219,0.08830022075055188,0.08599508599508598
489,0.22988505747126436,0.23728813559322035,0.09411764705882354,0.03508771929824561,0.1839080459770115,0.16949152542372883,0.018597539127821375,0.008840994001530048,0.1947105372761349,0.1310861423220974
490,0.34343434343434337,0.2777777777777778,0.06185567010309277,0.08571428571428572,0.16161616161616163,0.16666666666666669,0.01164069729160941,0.017824493553370194,0.2680258186397985,0.20108108108108108
491,0.19512195121951217,0.17142857142857143,0.024999999999999998,0.029411764705882353,0.12195121951219512,0.14285714285714285,0.00611867791405416,0.006415822680456848,0.08997429305912596,0.05305039787798409
492,1.0,1.0,1.0,1.0,1.0,1.0,0.8364775258131331,0.8767721580981509,0.9352982515320176,0.9352982515320176
493,0.5806451612903226,0.6666666666666666,0.3076923076923077,0.4556962025316456,0.3010752688172043,0.5679012345679013,0.0584113068926237,0.11403594289672334,0.3287079549705812,0.41625257174739344
494,0.38095238095238093,0.4081632653061224,0.19672131147540986,0.1702127659574468,0.25396825396825395,0.24489795918367346,0.018256517093880095,0.018693000799960027,0.311435115356684,0.23057299843014128
495,0.5523809523809524,0.35616438356164387,0.42718446601941745,0.056338028169014086,0.45714285714285713,0.273972602739726,0.2493669127426506,0.01918778525150522,0.5774864428710582,0.24037480576962314
496,0.3170731707317073,0.3235294117647059,0.125,0.15151515151515152,0.2682926829268293,0.2941176470588235,0.06881570893204274,0.08415773232636646,0.24917763157894735,0.17363387978142078
497,0.12903225806451613,0.3333333333333333,0.0,0.05,0.09677419354838708,0.2857142857142857,0.0056414392419841305,0.008640609739997756,0.08426966292134831,0.09316770186335403
498,0.2790697674418604,0.36111111111111116,0.04761904761904762,0.14285714285714285,0.1627906976744186,0.33333333333333326,0.012300133122327495,0.031080622947819107,0.1393640350877193,0.19293614881850174
499,0.3695652173913044,0.5194805194805194,0.17777777777777776,0.3466666666666666,0.3043478260869565,0.36363636363636365,0.11634257687045618,0.16088989805620826,0.2535204678362573,0.3495485217182446
500,0.23684210526315788,0.2153846153846154,0.05405405405405405,0.0634920634920635,0.15789473684210528,0.18461538461538463,0.01182847553469211,0.015237428485138389,0.16339869281045752,0.18034957627118645
501,0.12195121951219512,0.17142857142857143,0.0,0.029411764705882353,0.07317073170731707,0.14285714285714285,0.005528849622582646,0.006405613236942248,0.06426735218508997,0.05319148936170213
502,0.43902439024390244,0.36666666666666664,0.05,0.06896551724137931,0.3170731707317073,0.26666666666666666,0.005982129067776496,0.009020544569112136,0.23648648648648649,0.16423357664233576
503,0.2333333333333333,0.18181818181818185,0.06896551724137931,0.0,0.2,0.13636363636363638,0.025984987978515034,0.009970222994544455,0.253025302530253,0.106951871657754
504,0.16216216216216217,0.30769230769230765,0.02777777777777778,0.039999999999999994,0.10810810810810811,0.23076923076923075,0.01064658810471376,0.02019074850994527,0.12411347517730496,0.22373586869116885
505,0.16216216216216217,0.48,0.018348623853211007,0.1917808219178082,0.10810810810810811,0.37333333333333335,0.007880037991443838,0.04688312827788285,0.11827956989247311,0.2942890442890443
506,0.3661971830985915,0.3859649122807018,0.05797101449275362,0.07272727272727272,0.16901408450704225,0.2105263157894737,0.006625722873170615,0.009188355573937162,0.18939393939393942,0.16064257028112447
507,0.3684210526315789,0.4000000000000001,0.13513513513513514,0.136986301369863,0.2631578947368421,0.3466666666666667,0.0738725448507191,0.12836983144668712,0.2885465551248044,0.34703810438680754
508,0.34375,0.37499999999999994,0.25806451612903225,0.25806451612903225,0.34375,0.34375,0.15573913180166843,0.17659857710927052,0.32548770144189987,0.2917647058823529
509,0.19178082191780824,0.24,0.05633802816901408,0.04166666666666667,0.136986301369863,0.12,0.005599757876912195,0.009871721786705418,0.11320754716981131,0.10288065843621398
510,0.5116279069767442,0.3235294117647059,0.11904761904761904,0.12121212121212123,0.27906976744186046,0.23529411764705882,0.02147126657948773,0.08219663827374646,0.32763002364066196,0.15730198019801978
511,0.39344262295081966,0.23529411764705882,0.13559322033898308,0.04081632653061224,0.26229508196721313,0.19607843137254902,0.019231042777837725,0.014672606369868058,0.3633771929824562,0.16832579185520363
512,0.125,0.11320754716981132,0.0,0.0,0.0625,0.07547169811320754,0.003522436526299483,0.0063161840849674045,0.14644351464435146,0.15228426395939085
513,0.2803738317757009,0.367816091954023,0.05714285714285714,0.14117647058823532,0.16822429906542055,0.32183908045977005,0.0110240219673992,0.08350123816860287,0.12544802867383514,0.13940520446096655
514,0.7200000000000001,0.4444444444444445,0.547945205479452,0.26229508196721313,0.4266666666666667,0.28571428571428564,0.4114032718007635,0.05986519894180952,0.6917687861271677,0.2538029100529101
515,0.3611111111111111,0.4528301886792453,0.1142857142857143,0.1568627450980392,0.25,0.33962264150943394,0.016319013503995054,0.017211925370929068,0.18898078229254067,0.1374570446735395
516,0.4044943820224719,0.3703703703703704,0.09195402298850576,0.15189873417721517,0.20224719101123595,0.24691358024691357,0.015037307654842394,0.034839486038063555,0.22767831770389313,0.24849317965528178
517,0.30303030303030304,0.25,0.09375,0.1111111111111111,0.2121212121212121,0.25,0.03234262986694916,0.017860092878992276,0.2303832116788321,0.16274385072094996
518,0.26315789473684215,0.33962264150943394,0.08108108108108109,0.1568627450980392,0.15789473684210525,0.2641509433962264,0.0137502039388798,0.02536839714399086,0.1342281879194631,0.1743970315398887
519,0.4444444444444444,0.4303797468354431,0.29545454545454547,0.3116883116883117,0.33333333333333326,0.379746835443038,0.22075733851844326,0.2579841711500382,0.43215389660682263,0.3766452680878553
520,0.5822784810126582,0.7586206896551724,0.4155844155844156,0.6785714285714287,0.5822784810126582,0.7586206896551724,0.19848822668112057,0.39356486574330024,0.6305283572205668,0.6927623990772779
521,0.37209302325581395,0.34782608695652173,0.16666666666666669,0.17910447761194026,0.3488372093023256,0.2898550724637681,0.031583799750225926,0.050117246628245134,0.3486557963431572,0.21325503355704697
522,0.2153846153846154,0.20689655172413793,0.06349206349206349,0.0,0.18461538461538457,0.10344827586206896,0.01320382335228747,0.008447063994683927,0.17332881662149957,0.10416666666666667
523,0.4507042253521127,0.25,0.2028985507246377,0.0,0.2535211267605634,0.14285714285714288,0.07978741405529227,0.009653392000388259,0.28425925925925927,0.1048951048951049
524,0.3058823529411765,0.34615384615384615,0.09638554216867469,0.08,0.21176470588235294,0.30769230769230765,0.011330065075897526,0.02314601931257507,0.2274095561271961,0.19851912313432835
525,0.4050632911392405,0.1132075471698113,0.15584415584415587,0.03921568627450981,0.2531645569620253,0.1132075471698113,0.013301506217521594,0.015718877363021206,0.26985146303328117,0.0943009430094301
526,0.37974683544303794,0.6551724137931035,0.23376623376623376,0.4642857142857143,0.35443037974683544,0.5862068965517241,0.13203863485306172,0.25055235392515157,0.3176104879037708,0.4476950354609929
527,0.32352941176470584,0.47058823529411764,0.12121212121212123,0.16326530612244897,0.1764705882352941,0.19607843137254902,0.01687183858966907,0.04885744139976472,0.27117519305019305,0.28323934359599656
528,0.08823529411764705,0.12000000000000002,0.0,0.0,0.058823529411764705,0.08,0.004753731294736233,0.005834347180338519,0.07211538461538462,0.07731958762886598
529,0.4339622641509434,0.34408602150537637,0.23076923076923075,0.1758241758241758,0.28301886792452835,0.27956989247311825,0.04032455828919385,0.13961385815754918,0.36346686822877305,0.30617848970251715
530,0.6199999999999999,0.3291139240506329,0.34693877551020413,0.07792207792207792,0.32,0.1518987341772152,0.1838908187931421,0.02636432048485377,0.514212389380531,0.14813519813519813
531,0.2535211267605634,0.08333333333333334,0.11594202898550725,0.0,0.22535211267605632,0.08333333333333334,0.025895688571946365,0.0072658577559704465,0.30065359477124187,0.04291845493562231
532,0.1388888888888889,0.0689655172413793,0.028571428571428574,0.0,0.1388888888888889,0.0689655172413793,0.011976212358012274,0.0069239933490731495,0.0911854103343465,0.04746835443037975
533,0.39344262295081966,0.2545454545454545,0.13559322033898305,0.07547169811320754,0.2622950819672131,0.14545454545454545,0.020068932752887545,0.013690946978928245,0.21544368600682595,0.10997386759581883
534,0.28205128205128205,0.5517241379310344,0.13157894736842107,0.2857142857142857,0.20512820512820512,0.5172413793103449,0.08117578843952025,0.252840740779747,0.19859374999999999,0.40140740740740743
535,0.1904761904761905,0.39436619718309857,0.07317073170731708,0.23188405797101447,0.09523809523809525,0.3380281690140845,0.009752505550693367,0.1361658548186748,0.07204610951008646,0.32557312583667997
536,0.44155844155844154,0.2641509433962264,0.32,0.11764705882352941,0.23376623376623376,0.18867924528301885,0.14221407536566424,0.024055423578881553,0.4124048706240488,0.2368260737130673
537,0.35443037974683544,0.38596491228070173,0.1038961038961039,0.14545454545454548,0.15189873417721522,0.17543859649122806,0.026037258624452747,0.03369903112869664,0.22275449101796405,0.16329428470003549
538,0.4210526315789474,0.2898550724637681,0.17204301075268819,0.029850746268656712,0.3157894736842105,0.20289855072463767,0.12232643533412038,0.013495135749758138,0.44280072475561205,0.1493479839600897
539,0.3714285714285714,0.7241379310344828,0.20588235294117646,0.6071428571428571,0.2571428571428571,0.44827586206896547,0.11265744222717027,0.42075611571135946,0.32877604166666663,0.6775663414829983
540,0.5,0.5161290322580645,0.4193548387096774,0.43333333333333335,0.4375,0.4516129032258065,0.32514518806226517,0.34401346933337906,0.5796150481189852,0.5842151675485009
541,0.27586206896551724,0.34146341463414637,0.07058823529411765,0.075,0.2298850574712644,0.24390243902439027,0.026067261737789418,0.028993532021834398,0.19678420043098346,0.22862533230426202
542,0.44,0.41666666666666663,0.12244897959183673,0.08571428571428572,0.25999999999999995,0.2222222222222222,0.013532313484936382,0.014988552732741946,0.2899076727156957,0.17967711301044637
543,0.2912621359223301,0.5121951219512195,0.019801980198019802,0.19999999999999998,0.1553398058252427,0.34146341463414637,0.009616468079553367,0.09393984874264465,0.15150866986082595,0.23950428442015537
544,0.20454545454545456,0.16470588235294117,0.06976744186046512,0.07228915662650601,0.20454545454545456,0.11764705882352941,0.008857886206902943,0.009417632649968437,0.15911460961415547,0.08241758241758242
545,0.35555555555555557,0.3174603174603175,0.1590909090909091,0.13114754098360654,0.2222222222222222,0.22222222222222224,0.09700218812681796,0.10499291531675065,0.3025577357881137,0.2295013850415512
546,0.15873015873015872,0.07142857142857142,0.03278688524590164,0.0,0.06349206349206349,0.03571428571428571,0.004286566854494811,0.005157142709886005,0.11015325670498086,0.022222222222222223
547,0.43971631205673756,0.4675324675324675,0.24460431654676262,0.42666666666666664,0.2836879432624113,0.4675324675324675,0.16167799751901343,0.2680193631820724,0.4206718948158501,0.35710078774939263
548,0.13114754098360654,0.12000000000000002,0.0,0.041666666666666664,0.13114754098360654,0.12000000000000002,0.0056414392419841305,0.013654398783491636,0.06726457399103139,0.07075471698113206
549,0.2727272727272727,0.20588235294117646,0.023255813953488375,0.030303030303030304,0.13636363636363635,0.14705882352941177,0.0053733870784451725,0.006214850400867667,0.11904761904761904,0.12110904968047825
550,0.4931506849315068,0.3728813559322034,0.1971830985915493,0.14035087719298245,0.3013698630136986,0.3050847457627119,0.02056135070154714,0.020750198923629275,0.3570679530201342,0.24234915666840554
551,0.1797752808988764,0.19672131147540986,0.022988505747126436,0.03389830508474576,0.11235955056179774,0.13114754098360656,0.004469945504361893,0.013357103092090346,0.11182108626198083,0.12195121951219512
552,0.16071428571428573,0.1379310344827586,0.0,0.0,0.08928571428571429,0.1379310344827586,0.0039610343210404915,0.006262564775137658,0.08676789587852496,0.06833712984054668
553,0.3466666666666666,0.17910447761194032,0.19178082191780818,0.030769230769230767,0.2933333333333334,0.17910447761194032,0.057696334522615064,0.005783214009218943,0.34440154440154436,0.11904761904761907
554,0.5287356321839081,0.47191011235955055,0.2823529411764706,0.18390804597701152,0.27586206896551724,0.17977528089887637,0.13262535617233528,0.07938382306602841,0.34619829149844944,0.286948020205312
555,0.44155844155844154,0.3287671232876712,0.21333333333333337,0.11267605633802817,0.3636363636363636,0.136986301369863,0.07910178336476144,0.01524542715420686,0.3747008062484253,0.231055900621118
556,0.28571428571428575,0.34285714285714286,0.024390243902439022,0.058823529411764705,0.16666666666666666,0.20000000000000004,0.0064334678730746785,0.016362052751079555,0.13774104683195593,0.16828548048528838
557,0.33802816901408445,0.3829787234042554,0.08695652173913043,0.08888888888888889,0.2535211267605634,0.2978723404255319,0.013792125616909453,0.026613685332453077,0.26209677419354843,0.26069223985890655
558,0.3170731707317073,0.3174603174603175,0.1,0.09836065573770493,0.2682926829268293,0.2222222222222222,0.012650662740918714,0.03462612267995555,0.22566282129123658,0.1860249125874126
559,0.21621621621621623,0.2641509433962264,0.05555555555555556,0.11764705882352941,0.13513513513513514,0.18867924528301885,0.013447816951247835,0.04085892079136996,0.18933496441281142,0.1965811965811966
560,0.3157894736842105,0.2564102564102564,0.08602150537634408,0.10526315789473685,0.16842105263157894,0.20512820512820512,0.014732563104963535,0.014907173545721804,0.16288018150600936,0.1342415212147013
561,0.16666666666666669,0.20338983050847456,0.04878048780487805,0.03508771929824561,0.11904761904761905,0.10169491525423728,0.009802862511942349,0.006764481288720863,0.14496764305177112,0.08797653958944282
562,0.3283582089552239,0.44067796610169496,0.09230769230769229,0.21052631578947367,0.1791044776119403,0.2711864406779661,0.014886459693587576,0.025074774546041706,0.25149402390438247,0.3928941908713693
563,0.33766233766233766,0.36,0.13333333333333333,0.125,0.2337662337662338,0.28,0.016131630585340586,0.02314601931257507,0.36756594122956576,0.19851912313432835
564,0.5066666666666666,0.5,0.1095890410958904,0.07407407407407408,0.21333333333333332,0.2142857142857143,0.01776410298921775,0.02221625021486898,0.3185815868263473,0.2187187450650103
565,0.32989690721649484,0.4411764705882353,0.08421052631578947,0.15151515151515152,0.18556701030927833,0.29411764705882354,0.02586673789307505,0.042565192546764476,0.2503407780224389,0.2563543085831063
566,0.30952380952380953,0.21052631578947367,0.12195121951219513,0.05405405405405405,0.23809523809523808,0.21052631578947367,0.031091006235412864,0.015492053781622543,0.12853470437017994,0.16481723237597912
567,0.271604938271605,0.28125,0.02531645569620253,0.03225806451612904,0.17283950617283952,0.18750000000000003,0.01064658810471376,0.015237428485138389,0.1943425076452599,0.16997803514376997
568,0.2417582417582418,0.1643835616438356,0.0449438202247191,0.0,0.15384615384615385,0.10958904109589042,0.01053386130113345,0.006862402168432802,0.12135922330097088,0.10152284263959391
569,0.24742268041237112,0.25974025974025977,0.0,0.026666666666666665,0.12371134020618556,0.12987012987012989,0.005599757876912195,0.006125178700360996,0.09174311926605505,0.08373205741626794
570,0.35443037974683544,0.4210526315789474,0.12987012987012989,0.13513513513513511,0.2278481012658228,0.2105263157894737,0.09051219069092384,0.09956611127608404,0.2517258382642998,0.3206997084548105
571,0.380952380952381,0.32098765432098764,0.17073170731707316,0.050632911392405056,0.1904761904761905,0.14814814814814814,0.028577262451992175,0.013716549481565737,0.2552959057661252,0.15895953757225434
572,0.2933333333333333,0.6956521739130435,0.10958904109589042,0.5,0.24,0.6956521739130435,0.0767962819531357,0.3654749251620566,0.41544809449318737,0.5989928438908031
573,0.37209302325581395,0.35714285714285715,0.16666666666666666,0.1851851851851852,0.20930232558139533,0.25,0.03290856103061146,0.10297243511247872,0.2867762714403415,0.2447190766550523
574,0.3925233644859813,0.49090909090909085,0.13333333333333333,0.33333333333333337,0.20560747663551404,0.45454545454545453,0.03344799688010315,0.22737269949330188,0.23362626166141304,0.33501365259399285
575,0.4680851063829788,0.16216216216216214,0.21739130434782608,0.0,0.3191489361702128,0.1081081081081081,0.07851064201125363,0.006186514593598648,0.24349256292906177,0.05966587112171838
576,0.19607843137254902,0.24742268041237106,0.04,0.10526315789473684,0.11764705882352941,0.20618556701030927,0.011738518622489053,0.011738518622489053,0.13707760969106825,0.22494470957979282
577,0.3725490196078431,0.4819277108433735,0.14,0.2716049382716049,0.23529411764705882,0.3373493975903614,0.09700218812681792,0.1824624624213024,0.3001469017094017,0.3657064471879287
578,0.5507246376811594,0.4482758620689655,0.3582089552238806,0.35714285714285715,0.463768115942029,0.4137931034482759,0.24651746779904413,0.23804727615014665,0.5280128362357942,0.3714442535318824
579,0.32608695652173914,0.33333333333333337,0.11111111111111112,0.15625,0.23913043478260868,0.27272727272727276,0.013513353086126568,0.026863161368964578,0.24719328290756867,0.23778274511412345
580,0.45783132530120485,0.43750000000000006,0.17283950617283952,0.16129032258064516,0.2891566265060241,0.25,0.030963693211365155,0.017616147989763443,0.2941816711757938,0.20866597789674712
581,0.31746031746031744,0.41666666666666663,0.22950819672131145,0.21739130434782608,0.31746031746031744,0.2916666666666667,0.11846592694382017,0.05697863655544794,0.2786524716349278,0.33045977011494254
582,0.48,0.4827586206896552,0.35616438356164387,0.32142857142857145,0.26666666666666666,0.2413793103448276,0.17631842566024142,0.1514422685380495,0.37402534113060426,0.3336367774237597
583,0.1694915254237288,0.30769230769230765,0.0,0.10810810810810811,0.1694915254237288,0.30769230769230765,0.004977587797754485,0.042601467364417965,0.08823529411764706,0.29536423841059606
584,0.5344827586206897,0.38461538461538464,0.21052631578947367,0.09803921568627451,0.3103448275862069,0.21153846153846156,0.12919490877300738,0.02403578878288384,0.27753415415753074,0.1517706576728499
585,0.26,0.14925373134328357,0.06122448979591836,0.030769230769230767,0.15999999999999998,0.11940298507462685,0.0105133490705884,0.007759974776462691,0.168178549349617,0.10999812769144356
586,0.47222222222222215,0.2857142857142857,0.2571428571428571,0.03703703703703704,0.3055555555555555,0.25,0.10410380146456027,0.01935526899434156,0.46529134114583337,0.1955997242647059
587,0.4594594594594595,0.4406779661016949,0.16666666666666666,0.14035087719298245,0.2972972972972973,0.3050847457627119,0.022478613858269398,0.0380995183800354,0.3308953639259172,0.2860649546827794
588,0.37500000000000006,0.34375,0.1702127659574468,0.0967741935483871,0.2708333333333333,0.21875,0.08856387214544856,0.015673632012070882,0.3119918699186992,0.1685676392572944
589,0.4736842105263158,0.4528301886792452,0.21621621621621623,0.19607843137254902,0.3157894736842105,0.30188679245283023,0.044308879348933725,0.0671647205235486,0.5132007554152883,0.3995034789141868
590,0.33333333333333337,0.42307692307692313,0.08571428571428572,0.15999999999999998,0.19444444444444445,0.23076923076923075,0.014011697931222915,0.017448767890681335,0.290409959889566,0.2869318181818181
591,0.4901960784313726,0.4259259259259259,0.36,0.24528301886792453,0.4313725490196078,0.38888888888888895,0.2532033002120121,0.12411017389499188,0.534779505076142,0.37293233082706767
592,0.3384615384615385,0.4444444444444445,0.06349206349206349,0.1395348837209302,0.30769230769230765,0.3555555555555555,0.013027212489884154,0.023160235033152364,0.20066604047476733,0.1698630136986301
593,0.2830188679245283,0.21052631578947367,0.17307692307692307,0.02150537634408602,0.2452830188679245,0.1263157894736842,0.0815395262270486,0.00952741110691353,0.32274012390501644,0.1336898395721925
594,0.3636363636363636,0.4242424242424243,0.125,0.15625,0.21212121212121215,0.24242424242424246,0.0407196676198392,0.02065105074049594,0.2906617192331479,0.2779794532979998
595,0.32,0.3513513513513513,0.0,0.08333333333333333,0.16,0.2432432432432432,0.0055913101225260695,0.011861490350648391,0.1552106430155211,0.1288056206088993
596,0.2954545454545454,0.3389830508474576,0.16279069767441862,0.14035087719298245,0.22727272727272727,0.2711864406779661,0.05803565809959766,0.040375498582521874,0.23219777051700935,0.24416135881104034
597,0.41237113402061853,0.4571428571428572,0.1894736842105263,0.2647058823529412,0.28865979381443296,0.42857142857142855,0.026773513307904413,0.04256340360904029,0.2515514184397163,0.27295524691358025
598,0.2637362637362637,0.2456140350877193,0.06741573033707865,0.07272727272727272,0.1758241758241758,0.2105263157894737,0.009584460320418755,0.011337899893858496,0.1760966306420852,0.14438166980539863
599,0.3611111111111111,0.6037735849056604,0.1142857142857143,0.3529411764705882,0.3055555555555556,0.339622641509434,0.03411645077034132,0.12332028114763072,0.2736196319018405,0.3743033081625315
600,0.17283950617283952,0.1886792452830189,0.05063291139240507,0.07843137254901962,0.17283950617283952,0.1886792452830189,0.008857886206902943,0.017881935836029296,0.16997803514377,0.13052631578947368
601,0.2750000000000001,0.2580645161290323,0.07692307692307691,0.1,0.175,0.16129032258064516,0.016017951809519034,0.010517009834786997,0.1584788029925187,0.09138381201044385
602,0.32989690721649484,0.5121951219512195,0.08421052631578947,0.25,0.24742268041237114,0.4390243902439025,0.013712360858743172,0.18158745002019744,0.21319444444444444,0.41232722769796787
603,0.5192307692307692,0.32558139534883723,0.29411764705882354,0.14285714285714285,0.34615384615384615,0.18604651162790697,0.19397719186233686,0.05513840266176554,0.3677816370462038,0.1647660032275417
604,0.3409090909090909,0.3103448275862069,0.11627906976744187,0.10714285714285714,0.20454545454545459,0.1724137931034483,0.06312871110271526,0.017680160167980685,0.2858380548985093,0.15602089442815248
605,0.3404255319148936,0.4691358024691358,0.17391304347826086,0.20253164556962025,0.3404255319148936,0.271604938271605,0.08627614350932425,0.11212743755997666,0.17967138871291663,0.20848295602393963
606,0.2376237623762376,0.25,0.0404040404040404,0.05128205128205128,0.15841584158415842,0.15,0.005868131535243178,0.011733787144503842,0.09615384615384616,0.14217002237136464
607,0.4871794871794872,0.4727272727272727,0.3684210526315789,0.3773584905660377,0.358974358974359,0.4727272727272727,0.24844959709309056,0.3099627272480552,0.5280128362357943,0.38603670634920634
608,0.40625,0.5714285714285715,0.22580645161290322,0.3703703703703704,0.25,0.39285714285714285,0.012595484949560398,0.18043239916836057,0.2934943844034753,0.532841691248771
609,0.39534883720930236,0.3448275862068965,0.23809523809523808,0.21428571428571427,0.25581395348837205,0.27586206896551724,0.07217661658783725,0.10081872911108908,0.30521033794356217,0.25136612021857924
610,0.5294117647058824,0.509090909090909,0.30303030303030304,0.37735849056603776,0.4411764705882353,0.4363636363636364,0.1778557374785206,0.21343856914627957,0.5158615136876006,0.4784158149542765
611,0.22222222222222218,0.25925925925925924,0.03278688524590164,0.038461538461538464,0.12698412698412698,0.2222222222222222,0.005097615802300061,0.007205335066302803,0.08968609865470853,0.11682242990654207
612,0.35714285714285715,0.2807017543859649,0.14634146341463417,0.07272727272727274,0.2619047619047619,0.17543859649122806,0.08952677771936643,0.01578075298751233,0.2851977567886659,0.1537153322867609
613,0.5416666666666666,0.3157894736842105,0.3829787234042554,0.10810810810810811,0.5208333333333333,0.2368421052631579,0.31037679382665134,0.08303611008735788,0.48975817284333706,0.21582532946169317
614,0.3132530120481927,0.1951219512195122,0.09876543209876544,0.025000000000000005,0.14457831325301207,0.12195121951219512,0.007391914510138049,0.006568967695528293,0.11933174224343675,0.08393285371702637
615,0.36585365853658536,0.4210526315789474,0.125,0.18181818181818185,0.1951219512195122,0.3508771929824561,0.02926636567364411,0.11202973215321309,0.28509706439393945,0.33405954974582425
616,0.3440860215053763,0.5428571428571428,0.10989010989010989,0.29411764705882354,0.1935483870967742,0.2571428571428571,0.016952707579135296,0.038208957746964235,0.26524718551150267,0.28070448070448073
617,0.25316455696202533,0.25,0.05194805194805195,0.03703703703703704,0.2278481012658228,0.14285714285714288,0.013433582022038107,0.017379110740253053,0.21043046357615894,0.15120173364854214
618,0.3902439024390244,0.47058823529411764,0.15,0.21212121212121213,0.3170731707317073,0.41176470588235287,0.05591310122526068,0.11620839902894889,0.2861670395227442,0.4501375018092343
619,0.225,0.35294117647058826,0.07692307692307693,0.08163265306122448,0.2,0.19607843137254902,0.026210756672153043,0.009876041910810221,0.1822024828767123,0.11235955056179774
620,0.39999999999999997,0.5671641791044776,0.26506024096385544,0.36923076923076925,0.39999999999999997,0.5074626865671643,0.214429589812531,0.23468675957668994,0.2818181818181818,0.38561301256613756
621,0.36065573770491804,0.3076923076923077,0.20338983050847456,0.12000000000000001,0.26229508196721313,0.23076923076923075,0.04503778123700043,0.035688169895915674,0.3112970711297071,0.24889086069210292
622,0.5684210526315789,0.3703703703703704,0.30107526881720426,0.10126582278481013,0.42105263157894735,0.22222222222222224,0.13733465907927722,0.028610713594879558,0.4833201996322563,0.23337802274194355
623,0.5294117647058824,0.22727272727272727,0.42424242424242425,0.14285714285714288,0.5294117647058824,0.22727272727272727,0.27769764384722045,0.02265672090880199,0.7817132999083509,0.18292682926829268
624,0.3614457831325301,0.32835820895522383,0.2222222222222222,0.12307692307692308,0.3614457831325301,0.2686567164179105,0.1964351708221123,0.0285132539073486,0.251890542440254,0.15548029556650245
625,0.6213592233009708,0.22222222222222224,0.4950495049504951,0.032786885245901634,0.5825242718446603,0.12698412698412698,0.3060823026054267,0.007207266852921943,0.7576873048907388,0.11844135802469137
626,0.32380952380952377,0.2388059701492537,0.03883495145631068,0.0,0.15238095238095242,0.1492537313432836,0.010282334695278925,0.004364303684998616,0.1652892561983471,0.06741573033707864
627,0.2857142857142857,0.2456140350877193,0.08,0.07272727272727274,0.12987012987012986,0.17543859649122806,0.005783214009218943,0.008157932089503453,0.10510510510510511,0.07961783439490445
628,0.6301369863013699,0.4528301886792453,0.4788732394366197,0.23529411764705882,0.32876712328767127,0.26415094339622647,0.31223384848568153,0.11962420817857651,0.6071605960264901,0.2937943262411348
629,0.32941176470588235,0.16393442622950818,0.09638554216867469,0.03389830508474576,0.25882352941176473,0.13114754098360656,0.013909880484338158,0.007990524503037727,0.2844594934374842,0.06116207951070337
630,0.5526315789473685,0.19999999999999998,0.40540540540540543,0.06896551724137931,0.5,0.16666666666666666,0.30473569405610684,0.006585419007235511,0.48937476225057924,0.058997050147492625
631,0.3564356435643564,0.3098591549295775,0.1616161616161616,0.11594202898550723,0.19801980198019803,0.2535211267605634,0.032464544235500985,0.015521610095898258,0.2787853422619048,0.19028132992327368
632,0.30188679245283023,0.30434782608695654,0.07692307692307691,0.06666666666666667,0.15094339622641512,0.2391304347826087,0.009808085742722373,0.009799715686283178,0.16277168036332182,0.17741024944069247
633,0.2222222222222222,0.1764705882352941,0.05714285714285714,0.0,0.1388888888888889,0.11764705882352941,0.012534724690717635,0.006909792747415067,0.11589403973509935,0.09966777408637874
634,0.4857142857142857,0.6,0.2058823529411765,0.4137931034482759,0.3428571428571428,0.43333333333333335,0.037634460038463956,0.07412397263941242,0.4649881417243609,0.5560328060165974
635,0.08955223880597014,0.04651162790697675,0.0,0.0,0.02985074626865672,0.04651162790697675,0.0039094870602888725,0,0.05,0.0
636,0.38095238095238093,0.44067796610169496,0.16393442622950818,0.1754385964912281,0.2222222222222222,0.2711864406779661,0.038658800638540984,0.04410877697328769,0.39453125,0.4349881796690307
637,0.3037974683544304,0.29787234042553196,0.051948051948051945,0.044444444444444446,0.12658227848101267,0.21276595744680854,0.012273047425875233,0.019051955393615476,0.2389705882352941,0.12448132780082988
638,0.7160493827160493,0.6666666666666666,0.5569620253164557,0.4727272727272728,0.617283950617284,0.5614035087719298,0.29994773705544214,0.3196970799227886,0.7202380952380952,0.4638977635782747
639,0.3235294117647059,0.34920634920634913,0.09090909090909091,0.16393442622950818,0.2647058823529412,0.25396825396825395,0.03089943529629552,0.11729176379814876,0.2479338842975207,0.305719557195572
640,0.41025641025641024,0.45901639344262296,0.26315789473684215,0.3389830508474576,0.358974358974359,0.4262295081967213,0.13427296449854384,0.1965995991268291,0.4061371841155235,0.4113232639878408
641,0.39344262295081966,0.391304347826087,0.16949152542372883,0.18181818181818182,0.32786885245901637,0.34782608695652173,0.0428991657007593,0.028902814416639642,0.3600285171102661,0.1933838051349573
642,0.4375,0.17543859649122806,0.2903225806451613,0.0,0.37499999999999994,0.14035087719298245,0.224578064347498,0.009337534921653758,0.41471304846338114,0.08865248226950355
643,0.3235294117647059,0.3921568627450981,0.18181818181818182,0.12244897959183672,0.1764705882352941,0.23529411764705885,0.018089024246571755,0.019965747160974663,0.36473074455639826,0.263381806930693
644,0.18421052631578946,0.21052631578947367,0.02702702702702703,0.03636363636363636,0.13157894736842105,0.17543859649122803,0.008678355060660479,0.0065958005888164355,0.12244897959183673,0.11061946902654866
645,0.26865671641791045,0.27586206896551724,0.06153846153846154,0.0,0.208955223880597,0.1724137931034483,0.026472284761481103,0.008673245635389942,0.18595041322314051,0.19230769230769232
646,0.2597402597402597,0.4489795918367347,0.05333333333333334,0.29787234042553196,0.1558441558441558,0.40816326530612246,0.020640723169314635,0.16081986819293687,0.20946112204724412,0.3348214285714286
647,0.27848101265822783,0.35294117647058826,0.07792207792207793,0.12244897959183673,0.20253164556962025,0.3137254901960784,0.012360545410216943,0.01830958613286447,0.24149880875027077,0.19810508182601205
648,0.17073170731707318,0.16666666666666669,0.024999999999999998,0.03448275862068965,0.09756097560975609,0.13333333333333333,0.011562497201211533,0.013667739324955408,0.13285092430323933,0.140642767370878
649,0.3823529411764706,0.5,0.21212121212121213,0.2222222222222222,0.2647058823529412,0.3214285714285714,0.017107542896250234,0.02295357692506105,0.43131739334270974,0.5081950044509609
650,0.4444444444444444,0.3235294117647059,0.2571428571428572,0.15151515151515152,0.3611111111111111,0.29411764705882354,0.06174735338669455,0.04216647101888447,0.328050991170107,0.25780346820809247
651,0.32380952380952377,0.38834951456310673,0.1359223300970874,0.13861386138613863,0.24761904761904763,0.23300970873786409,0.09791642997535698,0.02770603772081143,0.24405103211009177,0.2620699541284404
652,0.325,0.32258064516129037,0.10256410256410256,0.09999999999999999,0.22499999999999998,0.1935483870967742,0.011692093421606195,0.042325867353006585,0.2004731861198738,0.2348975752508361
653,0.36585365853658536,0.3,0.125,0.06896551724137931,0.21951219512195122,0.20000000000000004,0.035521751612177334,0.039339730598886416,0.27544468624665025,0.18898078229254067
654,0.23809523809523808,0.21212121212121215,0.07317073170731707,0.03125,0.1904761904761905,0.15151515151515152,0.0275748768055379,0.015839310313489757,0.21016949152542372,0.15787277448071216
655,0.3368421052631579,0.4146341463414634,0.12903225806451613,0.125,0.2736842105263158,0.26829268292682923,0.04073667576446872,0.06634456245037514,0.2177534258056405,0.2241985589161669
656,0.1568627450980392,0.2191780821917808,0.019999999999999997,0.028169014084507043,0.0980392156862745,0.1643835616438356,0.008225395308647795,0.012236586145426697,0.14542334096109838,0.13008099022004888
657,0.3076923076923077,0.21428571428571427,0.07894736842105263,0.037037037037037035,0.2564102564102564,0.14285714285714285,0.0053733870784451725,0.007696339439306161,0.12280701754385963,0.07604562737642587
658,0.45783132530120474,0.47058823529411764,0.22222222222222224,0.16326530612244897,0.40963855421686746,0.3137254901960784,0.042252961715686925,0.05343480368868529,0.4139344262295082,0.29909747292418776
659,0.3255813953488372,0.2891566265060241,0.07142857142857142,0.1234567901234568,0.13953488372093026,0.21686746987951805,0.023405814125788897,0.025895688571946365,0.15406162464985995,0.11299435028248588
660,0.24691358024691357,0.375,0.025316455696202528,0.12820512820512822,0.14814814814814814,0.225,0.014188431559477634,0.0384919755517272,0.11538461538461539,0.23076097456262742
661,0.44827586206896547,0.25641025641025644,0.17857142857142858,0.0,0.2758620689655173,0.20512820512820512,0.01542345413162388,0.015226277779914149,0.24154589371980675,0.13157894736842105
662,0.28571428571428564,0.27027027027027023,0.14634146341463417,0.027777777777777776,0.2380952380952381,0.13513513513513511,0.10068921364546068,0.014232564072333252,0.2397849462365592,0.13736263736263737
663,0.3283582089552239,0.44,0.12307692307692307,0.20833333333333334,0.20895522388059704,0.24,0.030901532587310255,0.052467904568974856,0.2725274725274725,0.296010296010296
664,0.19672131147540983,0.2727272727272727,0.10169491525423728,0.14285714285714288,0.19672131147540983,0.2727272727272727,0.011620839902894897,0.019900763312868126,0.08733624454148471,0.09389671361502348
665,0.5542168674698795,0.5194805194805195,0.37037037037037035,0.16,0.38554216867469876,0.28571428571428575,0.190823723949337,0.023862002472874826,0.45027173913043483,0.37921300547563175
666,0.30985915492957744,0.1111111111111111,0.057971014492753624,0.0,0.22535211267605634,0.07407407407407407,0.028610713594879558,0.00831458842582228,0.2802667826591271,0.03717472118959108
667,0.4358974358974359,0.33333333333333337,0.13157894736842105,0.12500000000000003,0.3333333333333333,0.2727272727272727,0.01878002308200578,0.012346181815211852,0.22729470935293553,0.10975609756097561
668,0.39999999999999997,0.3728813559322034,0.22222222222222218,0.14035087719298245,0.24615384615384614,0.27118644067796605,0.0428656685449481,0.03513597218173687,0.4825458829365079,0.3157209196964549
669,0.32142857142857145,0.6341463414634146,0.03703703703703704,0.4615384615384615,0.14285714285714285,0.4878048780487804,0.013565907333537271,0.21996658526329102,0.18324607329842932,0.5407821229050279
670,0.5641025641025641,0.6545454545454545,0.5,0.5283018867924528,0.3589743589743589,0.5818181818181819,0.2622227706351304,0.3595597536132021,0.6047457627118644,0.5555555555555556
671,0.23076923076923078,0.20833333333333334,0.026315789473684213,0.043478260869565216,0.1794871794871795,0.20833333333333334,0.010746774156890347,0.010296236929641845,0.20489495343296518,0.07751937984496124
672,0.38961038961038963,0.21428571428571427,0.2933333333333333,0.037037037037037035,0.3116883116883117,0.14285714285714285,0.21554491059608466,0.015726612115008823,0.46296296296296297,0.1609368579646624
673,0.2,0.18181818181818182,0.0,0.0,0.12000000000000001,0.10389610389610389,0.004555836373025256,0.006115004303675009,0.10781671159029652,0.0997150997150997
674,0.3888888888888889,0.5964912280701755,0.2285714285714286,0.4727272727272728,0.3611111111111111,0.5614035087719298,0.014886459693587576,0.2050651441691591,0.2170820138602047,0.4866514466756744
675,0.32098765432098764,0.3137254901960784,0.10126582278481011,0.12244897959183673,0.2716049382716049,0.23529411764705882,0.023713301500881356,0.019320990745681776,0.3248075332442579,0.14820717131474104
676,0.48192771084337355,0.31034482758620685,0.32098765432098764,0.17857142857142855,0.43373493975903615,0.31034482758620685,0.1411666180484912,0.10203262200497096,0.30785414964093827,0.14301915322580644
677,0.3243243243243243,0.3283582089552239,0.1111111111111111,0.0923076923076923,0.21621621621621617,0.2985074626865672,0.015378421668191944,0.018743785289208153,0.2561969521604938,0.2418228378535677
678,0.3578947368421053,0.4,0.12903225806451615,0.19047619047619047,0.25263157894736843,0.2769230769230769,0.014368711573520295,0.027384904996784736,0.24659895352416134,0.2700394383179683
679,0.4523809523809524,0.4615384615384615,0.34146341463414637,0.380952380952381,0.38095238095238104,0.4615384615384615,0.19815533246210484,0.238825857828971,0.4313529998240572,0.35776737613706616
680,0.5555555555555556,0.4383561643835616,0.25,0.08450704225352113,0.37777777777777777,0.24657534246575344,0.12519106117776704,0.037150659660669244,0.38774773329054,0.26870265151515155
681,0.4225352112676057,0.24137931034482757,0.2608695652173913,0.03571428571428572,0.2816901408450704,0.17241379310344826,0.13103637162119033,0.00821807407726565,0.31250000000000006,0.12027491408934708
682,0.48192771084337344,0.35897435897435903,0.3209876543209876,0.13157894736842105,0.43373493975903615,0.2564102564102564,0.2504037387704623,0.03488611533620711,0.4199227292608252,0.2531751336898395
683,0.39622641509433965,0.3488372093023256,0.11538461538461538,0.11904761904761905,0.169811320754717,0.18604651162790697,0.01641934491582202,0.012128506263704542,0.1890359168241966,0.11764705882352942
684,0.31067961165048547,0.22535211267605634,0.07920792079207921,0.028985507246376812,0.23300970873786406,0.19718309859154928,0.056410893062300134,0.009016716016675148,0.16432445759368836,0.0779510022271715
685,0.36363636363636365,0.2894736842105263,0.18666666666666665,0.1081081081081081,0.36363636363636365,0.2894736842105263,0.04908985092215498,0.03234262986694916,0.35557079974847083,0.16449313162928184
686,0.13513513513513514,0.3548387096774194,0.0,0.13333333333333333,0.08108108108108109,0.2580645161290323,0.004453323527690996,0.07418182487612639,0.12367491166077739,0.2591674354243542
687,0.4742268041237113,0.3,0.10526315789473684,0.05128205128205128,0.28865979381443296,0.22499999999999995,0.013982640144111805,0.007314819038071317,0.2318496360974479,0.09784735812133072
688,0.32653061224489793,0.37037037037037035,0.041666666666666664,0.0,0.18367346938775508,0.17283950617283952,0.006826042950418648,0.006536309861885619,0.13186813186813187,0.10297482837528604
689,0.3950617283950617,0.32786885245901637,0.2278481012658228,0.20338983050847456,0.19753086419753085,0.22950819672131148,0.14641826519198595,0.13245999395462146,0.3177367340955732,0.23077994428969356
690,0.37362637362637363,0.3888888888888889,0.13483146067415733,0.17142857142857146,0.24175824175824176,0.25,0.015305228571570375,0.03139775691460866,0.1727450239355001,0.25996372853209804
691,0.3440860215053763,0.17391304347826086,0.10989010989010989,0.059701492537313425,0.3225806451612903,0.11594202898550725,0.038630557400982535,0.009597449998765406,0.2036483383162182,0.08322147651006712
692,0.46341463414634143,0.3582089552238806,0.2,0.18461538461538463,0.3170731707317073,0.3283582089552239,0.04475425067632264,0.02448436615319388,0.3978448583458217,0.24131732041646897
693,0.34375,0.47826086956521735,0.1935483870967742,0.2727272727272727,0.25,0.3043478260869565,0.08447773742536654,0.041461339498953025,0.30588829225756115,0.11857707509881422
694,0.3764705882352941,0.5357142857142857,0.2650602409638554,0.3703703703703704,0.28235294117647064,0.5,0.16367912461869963,0.31592442968119827,0.44573061807788494,0.4654255319148936
695,0.32967032967032966,0.44897959183673475,0.11235955056179775,0.1875,0.15384615384615388,0.26530612244897955,0.11618322588318075,0.11658133712979243,0.22215531235272548,0.3888888888888889
696,0.273972602739726,0.3013698630136986,0.056338028169014086,0.028169014084507043,0.2191780821917808,0.1917808219178082,0.025464661429775496,0.006771430219953416,0.1839464882943144,0.1839464882943144
697,0.4197530864197531,0.4727272727272728,0.0759493670886076,0.1509433962264151,0.19753086419753085,0.3636363636363636,0.012133650006341503,0.13531961445980906,0.31388274336283184,0.28952492579919464
698,0.4,0.19672131147540986,0.2191780821917808,0.0,0.34666666666666673,0.13114754098360656,0.10775454843436907,0.007939087147543497,0.3903976254264403,0.06849315068493152
699,0.4285714285714286,0.33333333333333337,0.14634146341463414,0.09374999999999999,0.2619047619047619,0.24242424242424243,0.018721431301571282,0.02598119569975784,0.2390814313891237,0.17427884615384615
700,0.41558441558441556,0.6060606060606061,0.16,0.3125,0.36363636363636365,0.3939393939393939,0.029870113594212773,0.04802409811718416,0.23057725694444448,0.47172077265372164
701,0.4210526315789474,0.21052631578947367,0.13513513513513514,0.03636363636363637,0.2631578947368421,0.17543859649122806,0.013890266032988884,0.01279403547405051,0.22094044718479106,0.1265248928453676
702,0.25316455696202533,0.339622641509434,0.0,0.11764705882352941,0.10126582278481011,0.22641509433962265,0.005510788236970715,0.02123934952630704,0.15625,0.21849197694344913
703,0.24719101123595508,0.34782608695652173,0.0,0.02985074626865672,0.11235955056179774,0.20289855072463767,0.006256262221561363,0.006684652627102966,0.10392609699769054,0.14492753623188406
704,0.3548387096774193,0.30434782608695654,0.1,0.1818181818181818,0.1935483870967742,0.30434782608695654,0.013948420003997713,0.1110095732446722,0.283969465648855,0.2744689712619742
705,0.346938775510204,0.380952380952381,0.08333333333333333,0.09836065573770493,0.22448979591836735,0.25396825396825395,0.010275778611378641,0.01635904350868638,0.2681392235609103,0.24927271021021025
706,0.18556701030927839,0.27272727272727276,0.04210526315789474,0.03125,0.16494845360824745,0.21212121212121215,0.004299703119715468,0.008553061989414421,0.09562841530054644,0.1339285714285714
707,0.2988505747126437,0.14925373134328357,0.047058823529411764,0.03076923076923077,0.13793103448275862,0.11940298507462688,0.012988310144953831,0.007057465338145634,0.1683937823834197,0.05479452054794521
708,0.5,0.3137254901960785,0.41935483870967744,0.163265306122449,0.46875,0.19607843137254904,0.1938754083939188,0.015514392335273455,0.5568947762591275,0.23625213632250933
709,0.44705882352941173,0.22222222222222224,0.24096385542168677,0.07692307692307691,0.2588235294117647,0.1851851851851852,0.07731656516061179,0.01584661050940903,0.4441791044776119,0.15776047261009665
710,0.35714285714285715,0.30508474576271183,0.04878048780487805,0.10526315789473685,0.14285714285714282,0.20338983050847456,0.01642092444821043,0.01673821915188137,0.24558618367248758,0.1819164265129683
711,0.18181818181818185,0.11764705882352941,0.0,0.0,0.13636363636363638,0.11764705882352941,0.005720251726917803,0.005840887470165494,0.10498687664041995,0.04143646408839779
712,0.49462365591397855,0.39080459770114945,0.2637362637362637,0.2588235294117647,0.25806451612903225,0.36781609195402304,0.10566626428648963,0.13202927207088244,0.43964537517303043,0.34557713052858685
713,0.4411764705882353,0.4642857142857143,0.21212121212121213,0.14814814814814817,0.29411764705882354,0.2857142857142857,0.033613956344466955,0.042238868712683265,0.44299294171220394,0.46537318739365624
714,0.1794871794871795,0.25925925925925924,0.052631578947368425,0.038461538461538464,0.1282051282051282,0.18518518518518517,0.010419141115005175,0.013565907333537271,0.22729470935293553,0.25109520247889733
715,0.12195121951219513,0.2432432432432432,0.0,0.05555555555555555,0.09756097560975609,0.18918918918918917,0.005409880072118434,0.012534724690717635,0.06887052341597796,0.1785112359550562
716,0.208955223880597,0.2978723404255319,0.0,0.08888888888888889,0.08955223880597016,0.2553191489361702,0.00609117754209106,0.01801210737536247,0.15283842794759828,0.20401382243487506
717,0.37999999999999995,0.3058823529411765,0.10204081632653061,0.04819277108433735,0.22,0.18823529411764706,0.05963579607071745,0.015335332928823234,0.2362351909863222,0.1348314606741573
718,0.39999999999999997,0.4347826086956522,0.25,0.23880597014925373,0.33333333333333326,0.3188405797101449,0.12387535527622434,0.039456143920123525,0.33051470588235293,0.23322044334975367
719,0.4415584415584416,0.39999999999999997,0.13333333333333333,0.22222222222222224,0.12987012987012989,0.3076923076923077,0.018932608413777807,0.16829158981319012,0.3757440476190476,0.3346448228414172
720,0.41025641025641024,0.5483870967741935,0.10526315789473684,0.26666666666666666,0.25641025641025644,0.2903225806451613,0.014082645505119472,0.053091875602826306,0.2701223960444192,0.23722627737226276
721,0.4444444444444445,0.49350649350649345,0.27272727272727276,0.32,0.39999999999999997,0.4675324675324676,0.16118482607540557,0.2224365899384411,0.35070710016037326,0.3616153955538702
722,0.26548672566371684,0.18918918918918917,0.07207207207207207,0.0,0.1592920353982301,0.08108108108108107,0.01861490867013339,0.007634618271335385,0.24498251277912295,0.09234828496042216
723,0.48780487804878053,0.358974358974359,0.22499999999999998,0.15789473684210528,0.3658536585365854,0.25641025641025644,0.1711376043058436,0.12787654588576378,0.46616022099447507,0.3545775852240338
724,0.14084507042253522,0.25,0.028985507246376812,0.052631578947368425,0.05633802816901408,0.1,0.00479130933496022,0.01041441909198652,0.12626262626262627,0.1488095238095238
725,0.275,0.31578947368421056,0.05128205128205128,0.07272727272727272,0.125,0.17543859649122806,0.00611867791405416,0.014986798920415129,0.09202453987730061,0.10382401315789473
726,0.25,0.1971830985915493,0.046511627906976744,0.028985507246376812,0.13636363636363635,0.14084507042253522,0.006400178381760218,0.006187710739214959,0.1441853376009755,0.06443298969072166
727,0.30769230769230765,0.2686567164179105,0.0449438202247191,0.0,0.17582417582417584,0.14925373134328357,0.005923625523450718,0.0068874990966470385,0.19164862914862915,0.06925207756232686
728,0.30303030303030304,0.2823529411764706,0.10309278350515465,0.09638554216867469,0.20202020202020202,0.21176470588235294,0.06066465987575889,0.012887094729679908,0.21910313712261767,0.17627659574468085
729,0.3333333333333333,0.16666666666666666,0.125,0.0,0.2727272727272727,0.125,0.015109238358796056,0.009009113474307318,0.2979530757308535,0.09345794392523364
730,0.3448275862068966,0.4444444444444445,0.07058823529411765,0.1639344262295082,0.22988505747126436,0.38095238095238093,0.015056549290686267,0.03659196076910928,0.15931372549019607,0.28164143548758935
731,0.4745762711864407,0.4905660377358491,0.3508771929824561,0.39215686274509803,0.4406779661016949,0.4905660377358491,0.18518626791165133,0.17895706401541522,0.4375514292869665,0.3824417009602195
732,0.2962962962962963,0.380952380952381,0.07692307692307693,0.09999999999999999,0.25925925925925924,0.28571428571428575,0.018269610522575343,0.023050898626566643,0.2905832383714907,0.16216216216216217
733,0.20408163265306123,0.2891566265060241,0.0,0.024691358024691357,0.16326530612244897,0.16867469879518074,0.005982129067776496,0.013077466843414627,0.125,0.15023640661938537
734,0.30379746835443033,0.35294117647058826,0.1038961038961039,0.16326530612244897,0.20253164556962025,0.27450980392156865,0.026752894491451386,0.04725336415032916,0.3067545963229416,0.19031422092646588
735,0.4545454545454545,0.3283582089552239,0.23255813953488372,0.15384615384615383,0.22727272727272724,0.2388059701492537,0.1287770382828437,0.03718714717194669,0.36162296785234077,0.19324675324675328
736,0.547945205479452,0.4057971014492754,0.3943661971830986,0.26865671641791045,0.4657534246575342,0.4057971014492754,0.2075698998720495,0.17901446805295448,0.596846846846847,0.43323814167305147
737,0.22608695652173913,0.23529411764705882,0.017699115044247787,0.024096385542168672,0.12173913043478263,0.11764705882352941,0.0091452728856842,0.009469998148549204,0.1705406555981269,0.1186891498544615
738,0.2947368421052632,0.4285714285714286,0.15053763440860216,0.2592592592592593,0.25263157894736843,0.39285714285714285,0.08675967642762827,0.1689608670155801,0.224078805809575,0.3245149911816579
739,0.4675324675324675,0.3174603174603175,0.32,0.09836065573770492,0.44155844155844154,0.25396825396825395,0.20035549410238618,0.016343113611717162,0.37471489084392307,0.14666417025525805
740,0.19178082191780824,0.19354838709677416,0.056338028169014086,0.06666666666666667,0.1643835616438356,0.16129032258064516,0.009223350291325143,0.011620839902894897,0.1617391304347826,0.1434659090909091
741,0.2574257425742574,0.18604651162790697,0.0,0.0,0.1188118811881188,0.11627906976744187,0.005409259088929831,0.004027126494064876,0.10909090909090907,0.06542056074766356
742,0.2857142857142857,0.28,0.06557377049180328,0.08333333333333333,0.1904761904761905,0.15999999999999998,0.011125382292406935,0.03222323801783205,0.2305729984301413,0.29206580591420234
743,0.4691358024691358,0.5569620253164557,0.27848101265822783,0.33766233766233766,0.39506172839506165,0.4050632911392405,0.20208313336045455,0.16712613422209424,0.3499340912835722,0.4127691387559808
744,0.3333333333333333,0.4000000000000001,0.057142857142857134,0.08333333333333333,0.16666666666666666,0.20000000000000004,0.006722791268893393,0.01139175383006207,0.2269642857142857,0.22546355879689214
745,0.5060240963855421,0.6229508196721311,0.34567901234567905,0.44067796610169496,0.38554216867469876,0.4590163934426229,0.2572958792096885,0.38918721619942076,0.6189522856189523,0.5680600214362274
746,0.29729729729729726,0.28,0.1388888888888889,0.16666666666666666,0.27027027027027023,0.23999999999999996,0.02515118408942346,0.02123934952630704,0.25777962731770465,0.1747495446265938
747,0.5348837209302326,0.21333333333333335,0.38095238095238093,0.0547945205479452,0.372093023255814,0.10666666666666667,0.20670420060814823,0.015014532904771637,0.48082869511440934,0.15050273641338935
748,0.24390243902439024,0.2528735632183908,0.075,0.023529411764705882,0.14634146341463414,0.16091954022988506,0.012595484949560398,0.011842046122543795,0.2049575617283951,0.1886749614022341
749,0.5054945054945055,0.6666666666666667,0.2921348314606742,0.45901639344262296,0.37362637362637363,0.5396825396825397,0.1289871843805814,0.12624163205765068,0.40138512496236073,0.4383116883116883
750,0.1758241758241758,0.18823529411764706,0.02247191011235955,0.024096385542168676,0.13186813186813187,0.1411764705882353,0.010599537192097854,0.005632312103304779,0.07056451612903228,0.09183673469387756
751,0.46341463414634143,0.5161290322580646,0.3,0.36666666666666664,0.36585365853658536,0.4838709677419355,0.1653936523014401,0.2863312526768529,0.47534474487348294,0.46151166840822017
752,0.29411764705882354,0.4130434782608696,0.02,0.06666666666666667,0.1568627450980392,0.15217391304347824,0.009781698624753966,0.013158447399419156,0.11441647597254004,0.19707530899683817
753,0.21739130434782608,0.29333333333333333,0.02222222222222222,0.0547945205479452,0.10869565217391304,0.24000000000000005,0.0065020699986389945,0.027555220347684612,0.10613207547169812,0.1427752120498657
754,0.26190476190476186,0.25,0.048780487804878044,0.07407407407407407,0.19047619047619047,0.17857142857142858,0.005697859151313652,0.009692826719304133,0.15873015873015875,0.10416666666666669
755,0.18000000000000002,0.2058823529411765,0.02040816326530612,0.030303030303030307,0.13999999999999999,0.1764705882352941,0.009799721254889713,0.007759974776462691,0.11368189102564102,0.05733944954128441
756,0.4096385542168674,0.4666666666666667,0.09876543209876543,0.1590909090909091,0.24096385542168675,0.28888888888888886,0.016807563750624768,0.10943601861175793,0.2693829113924051,0.4189254152687997
757,0.2826086956521739,0.22988505747126436,0.044444444444444446,0.023529411764705882,0.15217391304347827,0.16091954022988506,0.010320361584657317,0.011296250966348594,0.18867924528301888,0.136986301369863
758,0.5555555555555555,0.5569620253164557,0.20454545454545453,0.15584415584415584,0.33333333333333337,0.379746835443038,0.017371612974929552,0.020388689389255824,0.3854922279792747,0.3420231729055258
759,0.5555555555555555,0.47058823529411764,0.2285714285714286,0.24489795918367346,0.36111111111111105,0.4313725490196078,0.016120076571734802,0.09510142598618813,0.31147203947368424,0.26900584795321636
760,0.38235294117647056,0.45614035087719296,0.030303030303030304,0.03636363636363636,0.23529411764705885,0.2105263157894737,0.01323614238074055,0.01829411709747265,0.274828361132301,0.26733595008051525
761,0.2352941176470588,0.5,0.15151515151515152,0.21739130434782608,0.1764705882352941,0.375,0.08466919880918329,0.023887527917609022,0.3289473684210526,0.25578425480769235
762,0.1818181818181818,0.3404255319148936,0.02666666666666667,0.08888888888888888,0.1818181818181818,0.2978723404255319,0.009439944120751184,0.024826065966265493,0.1836734693877551,0.24631076388888892
763,0.24742268041237112,0.24096385542168675,0.021052631578947368,0.024691358024691357,0.1443298969072165,0.14457831325301204,0.011597748989988079,0.011051387802507183,0.12448132780082988,0.10683760683760686
764,0.16091954022988508,0.17721518987341772,0.0,0.0,0.06896551724137932,0.0759493670886076,0.005409880072118434,0.006734719128165655,0.09592326139088729,0.0975609756097561
765,0.37735849056603776,0.1917808219178082,0.17307692307692307,0.028169014084507043,0.22641509433962265,0.1643835616438356,0.11858444240033632,0.00948373035711847,0.31534120297467844,0.10633965337798092
766,0.40476190476190477,0.3939393939393939,0.24390243902439024,0.25,0.3095238095238095,0.30303030303030304,0.167399263072808,0.08560641383979176,0.3231884057971015,0.2243509474914434
767,0.12121212121212122,0.046511627906976744,0.0,0.0,0.09090909090909091,0.046511627906976744,0.004361453072458876,0.006471824245088331,0.11363636363636363,0.03225806451612904
768,0.34883720930232553,0.35714285714285715,0.14285714285714285,0.14814814814814817,0.27906976744186046,0.2857142857142857,0.02767269100179926,0.04490692282719151,0.3113162393162393,0.23201920929193656
769,0.25641025641025644,0.28125,0.10526315789473685,0.16129032258064516,0.1794871794871795,0.15625,0.056621705833762526,0.037061986319706204,0.21643761161580863,0.18830558539205156
770,0.24444444444444446,0.32499999999999996,0.0909090909090909,0.07692307692307693,0.22222222222222224,0.17500000000000002,0.06043355220907111,0.03415809508745453,0.20304232804232802,0.19285021918085674
771,0.5121951219512195,0.1639344262295082,0.425,0.03389830508474576,0.4878048780487805,0.13114754098360656,0.31921232749317596,0.005474814278380452,0.4838851514751792,0.04201680672268908
772,0.41269841269841273,0.576271186440678,0.29508196721311475,0.45614035087719296,0.3492063492063492,0.5423728813559322,0.18352465690507014,0.23150355132919254,0.46731458163373885,0.6880287936681222
773,0.32941176470588235,0.1694915254237288,0.12048192771084336,0.0,0.2588235294117647,0.10169491525423728,0.09035394573729921,0.008531104334876973,0.3128168261166105,0.08561643835616438
774,0.4571428571428571,0.1851851851851852,0.11764705882352941,0.0,0.22857142857142854,0.07407407407407407,0.030002843173508643,0.009498525867740094,0.3624852071005916,0.0851063829787234
775,0.21686746987951808,0.18421052631578946,0.04938271604938272,0.02702702702702703,0.1686746987951807,0.13157894736842105,0.013667672886984353,0.009847681129475372,0.08101851851851852,0.058685446009389665
776,0.411764705882353,0.456140350877193,0.24242424242424246,0.21818181818181817,0.23529411764705882,0.3508771929824561,0.12496315176496602,0.04841524713034601,0.36378015025701854,0.23450184501845014
777,0.304,0.13953488372093023,0.11382113821138211,0.023809523809523808,0.20799999999999996,0.11627906976744186,0.059922494373439356,0.0026874926535336405,0.2663950536212246,0.04488330341113105
778,0.205607476635514,0.25641025641025644,0.057142857142857155,0.05263157894736842,0.09345794392523364,0.20512820512820512,0.004928901229276252,0.006534878510818802,0.11597938144329897,0.12362637362637363
779,0.48780487804878053,0.39999999999999997,0.35000000000000003,0.18867924528301885,0.3170731707317073,0.21818181818181817,0.17289987009576172,0.11526778499084955,0.6040743670886077,0.35095270890725433
780,0.28571428571428575,0.3448275862068965,0.1797752808988764,0.17857142857142855,0.28571428571428575,0.3103448275862069,0.11226048713625411,0.14479589844403784,0.28238182934315537,0.26759932291148064
781,0.2580645161290322,0.2916666666666667,0.13333333333333333,0.17391304347826086,0.2580645161290322,0.2916666666666667,0.02470077408642715,0.034419076328402375,0.20090090090090093,0.17942583732057416
782,0.16363636363636366,0.19354838709677422,0.0,0.02197802197802198,0.10909090909090909,0.1075268817204301,0.004863726726437654,0.005849177356203853,0.11316872427983539,0.11752136752136752
783,0.30769230769230765,0.2580645161290323,0.06741573033707865,0.06666666666666667,0.17582417582417584,0.16129032258064516,0.026594139297659906,0.013358119008942147,0.2525,0.12252554278416346
784,0.2696629213483146,0.23529411764705882,0.04597701149425288,0.030303030303030307,0.1348314606741573,0.1764705882352941,0.0065749473089553884,0.011163303350980642,0.12672811059907835,0.1410508737400847
785,0.24999999999999994,0.45977011494252873,0.0196078431372549,0.2823529411764706,0.15384615384615383,0.29885057471264365,0.005873542507053466,0.24564583681701957,0.14799154334038056,0.33552151714077316
786,0.37499999999999994,0.5,0.22580645161290322,0.28571428571428575,0.3125,0.3636363636363636,0.020627194143880655,0.03521555586746717,0.3858722976370035,0.34072851729617404
787,0.5,0.2388059701492537,0.3191489361702127,0.0,0.4791666666666667,0.14925373134328357,0.19912955402427637,0.007779847277603931,0.5092549846681667,0.12362637362637366
788,0.35643564356435636,0.39506172839506176,0.08080808080808081,0.17721518987341772,0.19801980198019803,0.22222222222222224,0.02932891436480801,0.0751522873267184,0.23012164235008742,0.18132631022171286
789,0.36363636363636365,0.4727272727272727,0.23255813953488377,0.30188679245283023,0.3409090909090909,0.3636363636363637,0.1388064216577725,0.2519459435008535,0.4157382974135718,0.4409501505520241
790,0.3829787234042553,0.4578313253012048,0.08695652173913043,0.14814814814814817,0.2127659574468085,0.2891566265060241,0.06506148023043108,0.13210126560647664,0.21990740740740738,0.3033412887828162
791,0.3529411764705882,0.253968253968254,0.060606060606060615,0.032786885245901634,0.2058823529411765,0.19047619047619047,0.0062589852960783475,0.00771678504430642,0.22459639126305794,0.15686274509803919
792,0.4950495049504951,0.7422680412371134,0.3232323232323232,0.5894736842105263,0.31683168316831684,0.5154639175257731,0.180603951972202,0.37923878166855024,0.28207870594916823,0.49356871546961323
793,0.2916666666666667,0.33333333333333337,0.1276595744680851,0.10526315789473682,0.20833333333333334,0.2051282051282051,0.019740044128459158,0.012373558561922127,0.23744680851063832,0.18866764995083576
794,0.27450980392156865,0.28070175438596495,0.14,0.03636363636363637,0.21568627450980393,0.17543859649122806,0.06416158841600175,0.01806193387447607,0.3623093722584137,0.19488324175824176
795,0.21333333333333332,0.25,0.0,0.0,0.18666666666666668,0.125,0.005987016463560547,0.01135015086987143,0.14652014652014653,0.10040160642570282
796,0.2558139534883721,0.4109589041095891,0.09523809523809525,0.22535211267605634,0.1627906976744186,0.3013698630136986,0.01627046982252108,0.18525577286087913,0.18794360719494407,0.3364617044228695
797,0.37894736842105264,0.5057471264367817,0.08602150537634408,0.18823529411764708,0.16842105263157894,0.41379310344827586,0.05966130888478533,0.07996196757308699,0.2435903609484959,0.3070595148157475
798,0.5316455696202531,0.3768115942028986,0.33766233766233766,0.1791044776119403,0.25316455696202533,0.23188405797101447,0.10814410080481558,0.0367886264106006,0.3393817204301075,0.22760989010989008
799,0.5116279069767441,0.41269841269841273,0.19047619047619047,0.16393442622950818,0.3023255813953488,0.31746031746031744,0.01500049105581167,0.016862986607229312,0.3475896531452088,0.23769968051118215
800,0.3023255813953489,0.24242424242424243,0.14285714285714288,0.125,0.2558139534883721,0.15151515151515152,0.05884636572691313,0.0681304616508453,0.20901416122004357,0.17693357453426004
801,0.574468085106383,0.5,0.4565217391304348,0.35897435897435903,0.5531914893617021,0.425,0.318662608242136,0.24941162218644478,0.5378776466243239,0.4197001153402537
802,0.3142857142857143,0.30508474576271183,0.08823529411764705,0.07017543859649121,0.1714285714285714,0.1694915254237288,0.06400178381760215,0.03348928509624719,0.2277777777777778,0.13059701492537312
803,0.4901960784313725,0.24096385542168677,0.07999999999999999,0.024691358024691357,0.19607843137254902,0.09638554216867469,0.012578464052485989,0.006400368064117088,0.25581998435533787,0.09615384615384616
804,0.1978021978021978,0.2972972972972973,0.02247191011235955,0.05555555555555555,0.13186813186813187,0.16216216216216217,0.009366074330005709,0.013724371100774532,0.11166253101736973,0.15089163237311387
805,0.3488372093023256,0.3333333333333333,0.11904761904761905,0.06896551724137931,0.20930232558139533,0.3,0.06316759950045185,0.007365751564295376,0.17379679144385027,0.10086455331412104
806,0.3111111111111111,0.4666666666666667,0.13636363636363635,0.13793103448275862,0.19999999999999998,0.23333333333333334,0.012011055432195763,0.02085775285293966,0.3075241085445167,0.3273607912207017
807,0.2894736842105263,0.2592592592592593,0.10810810810810811,0.11538461538461538,0.2631578947368421,0.22222222222222224,0.013961385815754923,0.01935526899434156,0.24562256809338523,0.2425631269456935
808,0.41975308641975306,0.7346938775510203,0.2278481012658228,0.4255319148936171,0.2962962962962963,0.6530612244897959,0.030137444949386416,0.0874664932833685,0.3575186493914409,0.5807239790836655
809,0.4044943820224719,0.38095238095238093,0.22988505747126436,0.22950819672131148,0.29213483146067415,0.34920634920634924,0.07048539394226366,0.11802861352393501,0.45311268715524045,0.34440154440154447
810,0.4269662921348315,0.379746835443038,0.18390804597701152,0.18181818181818182,0.24719101123595508,0.25316455696202533,0.049257222033400126,0.04676315670275421,0.2830014749262537,0.3027149321266968
811,0.4297520661157025,0.43396226415094336,0.23529411764705882,0.21153846153846156,0.2975206611570248,0.2830188679245283,0.19705394267522314,0.14401229939834548,0.40248105204603135,0.3062646701472229
812,0.5252525252525252,0.49090909090909085,0.26804123711340205,0.16666666666666663,0.3838383838383838,0.2,0.12488166283069957,0.030932447039559215,0.38103621730382287,0.29301092727597455
813,0.4109589041095891,0.3947368421052631,0.14084507042253522,0.16216216216216217,0.3013698630136986,0.2894736842105263,0.03846208555567546,0.09176855679635781,0.3419804541534923,0.342946500634152
814,0.3181818181818182,0.14814814814814814,0.11627906976744186,0.02531645569620253,0.20454545454545453,0.12345679012345678,0.08627614350932425,0.006409912521492096,0.26915207707448463,0.11075036075036072
815,0.30303030303030304,0.2535211267605634,0.03125,0.057971014492753624,0.21212121212121213,0.19718309859154928,0.015362849996515139,0.013027212489884154,0.16202426916712634,0.13245033112582782
816,0.02857142857142857,0.037037037037037035,0.0,0.0,0.02857142857142857,0.037037037037037035,0,0,0.058823529411764705,0.02092050209205021
817,0.3908045977011494,0.3880597014925373,0.14117647058823526,0.06153846153846154,0.2528735632183908,0.208955223880597,0.10836164033218013,0.007702217549402642,0.17738958890161638,0.10869565217391304
818,0.15217391304347827,0.10909090909090909,0.022222222222222223,0.0,0.08695652173913042,0.07272727272727274,0.0076902271860888344,0.006474049112314384,0.09259259259259259,0.0696864111498258
819,0.3953488372093023,0.6470588235294117,0.23809523809523814,0.5454545454545455,0.3488372093023256,0.6176470588235295,0.16317905930437193,0.3368735216595638,0.2164410603496898,0.4196312540610787
820,0.32,0.37681159420289856,0.12244897959183672,0.11940298507462688,0.22,0.1739130434782609,0.011530675090782485,0.008448950989329792,0.1267605633802817,0.09174311926605505
821,0.4222222222222222,0.38961038961038963,0.1590909090909091,0.16,0.24444444444444444,0.28571428571428575,0.02045903267148538,0.08080541458930637,0.32322052878837537,0.260204081632653
822,0.46666666666666673,0.3225806451612903,0.1590909090909091,0.1,0.3333333333333333,0.3225806451612903,0.1063765571906396,0.02796320660156027,0.259159449665254,0.18779244652406415
823,0.34782608695652173,0.33333333333333337,0.13333333333333336,0.05714285714285714,0.2608695652173913,0.27777777777777773,0.024122414134900017,0.01731053119478071,0.17766497461928935,0.15957446808510636
824,0.3953488372093023,0.1764705882352941,0.07142857142857144,0.0,0.2558139534883721,0.11764705882352941,0.01663632685157087,0.006091671452343355,0.18867924528301885,0.07389162561576354
825,0.3529411764705882,0.24242424242424246,0.060000000000000005,0.0625,0.1764705882352941,0.1818181818181818,0.01145732191121482,0.007485411649255893,0.23115978194103193,0.08064516129032258
826,0.32989690721649484,0.19718309859154928,0.1263157894736842,0.057971014492753624,0.1443298969072165,0.11267605633802817,0.03172639389317077,0.008355797668372337,0.2833063557082452,0.14090401785714285
827,0.3333333333333333,0.23333333333333334,0.14893617021276595,0.0,0.22916666666666669,0.13333333333333333,0.0936448933856215,0.007009801305576805,0.3358514487968515,0.11173184357541899
828,0.25641025641025644,0.1818181818181818,0.05263157894736841,0.0,0.15384615384615385,0.1090909090909091,0.02300991908919148,0.007239867826898426,0.15466024709302328,0.06211180124223602
829,0.48543689320388356,0.4516129032258064,0.19801980198019806,0.21978021978021978,0.19417475728155342,0.2795698924731183,0.032803387829280016,0.0396941236996499,0.27142301030741717,0.25579530596470446
830,0.3695652173913044,0.35294117647058826,0.08888888888888889,0.15151515151515152,0.26086956521739135,0.23529411764705882,0.062023102474514306,0.031555102571087235,0.21828777552204176,0.16952502584686494
831,0.35443037974683544,0.36065573770491804,0.12987012987012989,0.1694915254237288,0.25316455696202533,0.2622950819672131,0.0324217949956417,0.10782675111652823,0.2317330917874396,0.23442720973585174
832,0.2926829268292683,0.28571428571428575,0.1,0.09836065573770493,0.1951219512195122,0.1904761904761905,0.005653171078511422,0.01235053075638132,0.17738958890161638,0.14418191056910568
833,0.21739130434782608,0.2727272727272727,0.044444444444444446,0.0697674418604651,0.15217391304347827,0.20454545454545459,0.01119951575382439,0.012237208364792296,0.1211453744493392,0.15329840613931522
834,0.24096385542168675,0.3380281690140845,0.04938271604938272,0.17391304347826086,0.0963855421686747,0.2816901408450704,0.010514970773144668,0.09090785730088144,0.17064220183486237,0.23838297208794637
835,0.2718446601941748,0.16216216216216217,0.05940594059405941,0.05555555555555555,0.15533980582524273,0.16216216216216217,0.022430966018027798,0.023343290495890606,0.1628801815060093,0.11969815248503772
836,0.3516483516483517,0.1,0.06741573033707866,0.0,0.17582417582417584,0.075,0.0061006446130066954,0.005495155913866061,0.12135922330097088,0.05000000000000001
837,0.23404255319148937,0.2941176470588235,0.021739130434782608,0.060606060606060615,0.1702127659574468,0.23529411764705882,0.011296250966348594,0.01130049874835922,0.13729977116704803,0.14139240127940694
838,0.5,0.6111111111111112,0.22222222222222224,0.34285714285714286,0.3043478260869565,0.4166666666666667,0.10586140133972588,0.2053360068120542,0.3670058139534883,0.4573170731707317
839,0.3958333333333333,0.38888888888888895,0.1702127659574468,0.17142857142857143,0.22916666666666669,0.2222222222222222,0.092853803518812,0.0925010582685658,0.23894976781062408,0.23146484608935206
840,0.20779220779220778,0.20000000000000004,0.026666666666666665,0.034482758620689655,0.12987012987012986,0.10000000000000002,0.006400178381760218,0.00867352243950218,0.13513513513513514,0.09523809523809525
841,0.37499999999999994,0.3466666666666667,0.14893617021276595,0.0821917808219178,0.16666666666666666,0.21333333333333332,0.02994342185160329,0.017763100876551443,0.19799956512285277,0.17332881662149957
842,0.5,0.35000000000000003,0.1395348837209302,0.10256410256410256,0.2954545454545454,0.225,0.07443866725789705,0.06353863091939417,0.2999004814545846,0.22363964628826713
843,0.24242424242424243,0.1388888888888889,0.0,0.0,0.1414141414141414,0.05555555555555555,0.005912090648543404,0.005477829561331077,0.11727078891257994,0.06756756756756756
844,0.33333333333333337,0.34920634920634924,0.07317073170731708,0.16393442622950816,0.2619047619047619,0.3174603174603175,0.04873146370092589,0.07569298710889658,0.2280701754385965,0.3014189926711367
845,0.25,0.15625000000000003,0.09302325581395349,0.06451612903225806,0.13636363636363638,0.09375,0.045065991574186615,0.013220369604972077,0.18305661983822905,0.1738473167044596
846,0.40476190476190477,0.42105263157894735,0.09756097560975609,0.07272727272727272,0.2142857142857143,0.21052631578947367,0.013858898706140918,0.02123934952630704,0.27435974389755896,0.19642857142857142
847,0.2784810126582279,0.32,0.12987012987012989,0.20833333333333334,0.20253164556962028,0.32,0.05598047878805486,0.10884267615693707,0.290625,0.30940253303964754
848,0.25287356321839083,0.36111111111111116,0.07058823529411765,0.17142857142857143,0.1839080459770115,0.33333333333333326,0.012390516746181544,0.033036806391421994,0.2157591238051008,0.2943894389438944
849,0.3090909090909091,0.23423423423423423,0.12962962962962965,0.05504587155963303,0.2,0.16216216216216214,0.029323990338870082,0.012346541630589972,0.19649471221794435,0.1386216865465209
850,0.425,0.41379310344827586,0.30769230769230776,0.17857142857142855,0.4,0.24137931034482757,0.20665163138245424,0.10145249973866254,0.45049455378898284,0.3103469238874929
851,0.20588235294117646,0.11764705882352941,0.12121212121212122,0.04081632653061224,0.20588235294117646,0.11764705882352941,0.08092905161582194,0.0151463165231073,0.25086714527708315,0.0635593220338983
852,0.6086956521739131,0.6052631578947368,0.35555555555555557,0.37837837837837834,0.43478260869565216,0.5,0.21366669129236396,0.23800153836413934,0.4920358387257342,0.435693077043288
853,0.3902439024390244,0.33766233766233766,0.20000000000000004,0.21333333333333332,0.34146341463414637,0.28571428571428575,0.050391137937192985,0.09566148195186751,0.2755657259089754,0.26772044523523814
854,0.5063291139240507,0.6352941176470588,0.33766233766233766,0.45783132530120485,0.5063291139240507,0.5176470588235295,0.2084335474860967,0.2491200145065502,0.4919825072886297,0.6411196575625231
855,0.18181818181818182,0.23728813559322037,0.0,0.03508771929824562,0.0779220779220779,0.10169491525423728,0.005846046710803097,0.015167395395213074,0.09740259740259741,0.1092128027681661
856,0.21978021978021975,0.3235294117647059,0.0898876404494382,0.15151515151515152,0.17582417582417584,0.2352941176470588,0.01135362507513677,0.030171879963756306,0.2929133858267717,0.3290414878397711
857,0.23655913978494622,0.2413793103448276,0.04395604395604396,0.03571428571428572,0.17204301075268819,0.2413793103448276,0.00941475678741239,0.007831427138678623,0.10723860589812333,0.08849557522123894
858,0.24096385542168677,0.1791044776119403,0.09876543209876543,0.061538461538461535,0.14457831325301204,0.1791044776119403,0.02797885522495011,0.027807014212994374,0.2344141826031967,0.17389807162534435
859,0.28037383177570097,0.16216216216216217,0.0380952380952381,0.0,0.16822429906542058,0.1081081081081081,0.009696103349294287,0.004379843643203392,0.18840187479240733,0.06666666666666667
860,0.26666666666666666,0.10000000000000002,0.01941747572815534,0.0,0.11428571428571428,0.10000000000000002,0.00448518185057412,0.006352070637476881,0.1478494623655914,0.06024096385542169
861,0.33333333333333337,0.28125000000000006,0.0851063829787234,0.12903225806451613,0.20833333333333334,0.1875,0.02344459652213126,0.03534463771208918,0.1966976050996768,0.12162162162162161
862,0.4235294117647058,0.39999999999999997,0.1686746987951807,0.1379310344827586,0.2117647058823529,0.26666666666666666,0.030999373127217372,0.03553191557775194,0.38338108882521493,0.2733630006357278
863,0.20779220779220778,0.36000000000000004,0.05333333333333334,0.20833333333333334,0.1558441558441558,0.32,0.0046154060111342435,0.017860092878992276,0.22515907978463048,0.2876628038149933
864,0.4444444444444445,0.3692307692307692,0.25,0.12698412698412698,0.37777777777777777,0.1846153846153846,0.16806735002165532,0.025431962701533358,0.36585365853658536,0.16396103896103892
865,0.5517241379310345,0.44155844155844154,0.32941176470588235,0.18666666666666668,0.3448275862068966,0.3636363636363636,0.08784612059569154,0.03272544621411148,0.3347895591052754,0.3115106117353309
866,0.25,0.3440860215053763,0.039215686274509796,0.10989010989010989,0.21153846153846154,0.2580645161290322,0.013301506217521594,0.014935939946650793,0.12264150943396226,0.19138020868124675
867,0.2857142857142857,0.2711864406779661,0.08,0.14035087719298248,0.12987012987012986,0.2711864406779661,0.029477809437248103,0.04689484615667917,0.21196581196581196,0.18899700598802396
868,0.5396825396825398,0.38596491228070173,0.2950819672131147,0.10909090909090909,0.380952380952381,0.2456140350877193,0.019726044743329736,0.017448767890681335,0.404755413615828,0.2272181390209925
869,0.2465753424657534,0.2222222222222222,0.11267605633802816,0.07692307692307691,0.2465753424657534,0.2222222222222222,0.02388866231285941,0.03392268780792677,0.2397077645051194,0.1556163828061638
870,0.38202247191011235,0.37837837837837834,0.13793103448275862,0.1111111111111111,0.29213483146067415,0.13513513513513511,0.014143550190952823,0.015013144370355695,0.22328213200173683,0.23557397176181705
871,0.5423728813559322,0.5647058823529412,0.2931034482758621,0.4096385542168674,0.30508474576271183,0.3764705882352941,0.1593972313623729,0.2676568866550308,0.4568343299897119,0.4103937686647579
872,0.31707317073170727,0.20289855072463767,0.15,0.059701492537313425,0.14634146341463417,0.17391304347826086,0.03330914317374546,0.012758740645323502,0.22721988543890426,0.14000822368421054
873,0.4423076923076923,0.30952380952380953,0.0784313725490196,0.04878048780487805,0.19230769230769232,0.16666666666666669,0.011824686727542093,0.00850385030652848,0.18281535648994515,0.10436432637571158
874,0.49462365591397855,0.5479452054794521,0.24175824175824173,0.3098591549295775,0.30107526881720426,0.3013698630136986,0.0868863080179189,0.10364575717628417,0.37903855320148383,0.35118110236220473
875,0.2962962962962963,0.3768115942028985,0.15189873417721517,0.11940298507462685,0.22222222222222218,0.26086956521739135,0.033310994267886515,0.03089943529629552,0.21660649819494587,0.31820066334991703
876,0.6206896551724138,0.3947368421052631,0.44705882352941173,0.27027027027027023,0.5517241379310344,0.36842105263157887,0.3558953810539384,0.22638115411977836,0.5504727242302543,0.3005026267932916
877,0.2857142857142857,0.26666666666666666,0.024390243902439025,0.0,0.16666666666666666,0.09999999999999999,0.005982129067776496,0.007973316896902657,0.14285714285714285,0.06134969325153375
878,0.44660194174757284,0.5194805194805195,0.31683168316831684,0.4266666666666667,0.31067961165048547,0.4415584415584416,0.16364501705279505,0.23562415267709014,0.34619829149844955,0.34461265614558173
879,0.4705882352941177,0.4324324324324324,0.2650602409638554,0.2222222222222222,0.3764705882352941,0.29729729729729726,0.08804900733701496,0.04467435389394591,0.520584583054733,0.35319854287531566
880,0.2650602409638554,0.25,0.09876543209876543,0.11111111111111112,0.1686746987951807,0.2142857142857143,0.05591310122526068,0.08914609827874222,0.2996439873417721,0.21767241379310345
881,0.10101010101010101,0.1038961038961039,0.0,0.0,0.08080808080808081,0.07792207792207792,0.004971455833015154,0.005369335114243934,0.07760532150776055,0.0697674418604651
882,0.3013698630136986,0.3214285714285714,0.16901408450704225,0.11111111111111112,0.24657534246575344,0.25,0.0635802343163574,0.020750198923629275,0.36097992916174737,0.25972513393897045
883,0.4736842105263159,0.25000000000000006,0.24324324324324323,0.05714285714285714,0.39473684210526316,0.16666666666666663,0.08997109299115706,0.01222498616281612,0.42845200681459844,0.1657418224299065
884,0.30952380952380953,0.5,0.04878048780487805,0.16129032258064516,0.1904761904761905,0.375,0.006544158310063464,0.044122609165664364,0.18207282913165262,0.34641965606508873
885,0.3440860215053763,0.44155844155844154,0.06593406593406594,0.18666666666666665,0.19354838709677422,0.2597402597402597,0.02952473631877189,0.04588650239487299,0.26928780561998555,0.33478888004350876
886,0.37037037037037035,0.360655737704918,0.17721518987341772,0.06779661016949153,0.29629629629629634,0.19672131147540986,0.03327265370314173,0.014233752667316437,0.19468264438581065,0.16266033907630942
887,0.35,0.46464646464646464,0.13559322033898305,0.3092783505154639,0.21666666666666665,0.4444444444444445,0.03436166462437332,0.1327603284308896,0.18450256470267004,0.2934796853040991
888,0.33333333333333337,0.4705882352941177,0.06,0.21686746987951805,0.19607843137254902,0.3764705882352941,0.010599581148780188,0.06493754994582401,0.12750455373406192,0.1765141299249531
889,0.36363636363636365,0.4528301886792453,0.24000000000000002,0.35294117647058826,0.3116883116883117,0.3773584905660377,0.17912543640344847,0.25368397143990856,0.38540963424804414,0.3675432006010519
890,0.45652173913043476,0.5102040816326531,0.19999999999999998,0.20833333333333334,0.32608695652173914,0.32653061224489793,0.07925956737547088,0.09153316949747568,0.2693822328525525,0.35809341880205253
891,0.3838383838383838,0.33766233766233766,0.16494845360824742,0.24,0.30303030303030304,0.33766233766233766,0.10316499681369733,0.14551019064544768,0.2809271856890904,0.21749408983451535
892,0.3448275862068966,0.2191780821917808,0.0,0.0,0.22988505747126436,0.136986301369863,0.007594629816948182,0.0057332889064899495,0.16375545851528384,0.09009009009009009
893,0.5111111111111111,0.32608695652173914,0.20454545454545459,0.06666666666666667,0.22222222222222224,0.17391304347826086,0.0957692459559059,0.012369504102434412,0.3080889743477691,0.10683760683760685
894,0.05128205128205128,0.08,0.0,0.0273972602739726,0.02564102564102564,0.08,0,0.005223577740745086,0.015060240963855423,0.07744107744107745
895,0.4197530864197531,0.31578947368421056,0.17721518987341772,0.08108108108108109,0.271604938271605,0.2105263157894737,0.08540052444156727,0.01210698321212417,0.3690062651200297,0.18078966479379283
896,0.19047619047619044,0.20833333333333334,0.03278688524590164,0.043478260869565216,0.15873015873015872,0.16666666666666669,0.006115004303675009,0.007987276352377327,0.21315192743764175,0.17884615384615385
897,0.3544303797468354,0.5070422535211268,0.2077922077922078,0.31884057971014496,0.32911392405063294,0.4507042253521127,0.02978116934066751,0.1543252261021413,0.36023904539110263,0.49821124860711974
898,0.2828282828282829,0.3614457831325302,0.08247422680412371,0.024691358024691357,0.16161616161616163,0.19277108433734938,0.015652411276701517,0.011993066741911055,0.15212981744421908,0.18623895862389586
899,0.3673469387755102,0.41025641025641024,0.14583333333333331,0.2105263157894737,0.24489795918367346,0.38461538461538464,0.06486798820260067,0.08233704128013336,0.4175349952815351,0.34278382011487224
900,0.28235294117647064,0.1728395061728395,0.07228915662650602,0.0,0.18823529411764706,0.1234567901234568,0.024030517553644794,0.005846046710803097,0.2620720419315267,0.11049723756906077
901,0.358974358974359,0.5176470588235293,0.10434782608695653,0.3132530120481928,0.15384615384615383,0.44705882352941173,0.05053791193499346,0.1921089863492473,0.21587813644060427,0.37713110774766534
902,0.24074074074074076,0.21739130434782608,0.018867924528301886,0.044444444444444446,0.12962962962962962,0.13043478260869568,0.008851870661018247,0.005923625523450718,0.179372197309417,0.14779069767441858
903,0.21621621621621623,0.2191780821917808,0.055555555555555566,0.05633802816901408,0.21621621621621623,0.19178082191780818,0.009252921910030762,0.009799721254889713,0.1702127659574468,0.22736378205128205
904,0.20779220779220778,0.15686274509803924,0.026666666666666665,0.04081632653061224,0.18181818181818182,0.11764705882352941,0.010831815605992019,0.014932624667023326,0.14516129032258066,0.13098591549295774
905,0.4545454545454545,0.6,0.23255813953488372,0.3793103448275862,0.34090909090909094,0.5,0.10151117988643532,0.17202650214787163,0.3693933197000682,0.4375
906,0.5588235294117647,0.32,0.33333333333333337,0.08333333333333333,0.5,0.20000000000000004,0.1798083432593665,0.016343619398387597,0.47189402076620124,0.09363295880149812
907,0.3291139240506329,0.17543859649122806,0.1038961038961039,0.0,0.30379746835443044,0.17543859649122806,0.03248429723773907,0.007239867826898426,0.26267043992796496,0.06211180124223602
908,0.35185185185185186,0.5714285714285715,0.22641509433962262,0.4444444444444444,0.2962962962962963,0.5714285714285715,0.1267739972573719,0.33834356425445183,0.5224377816970409,0.5627906976744186
909,0.20930232558139536,0.15625,0.09523809523809525,0.06451612903225808,0.18604651162790697,0.15625,0.029734825030798072,0.009508355169870957,0.1424002436795614,0.0390625
910,0.39080459770114945,0.2571428571428571,0.3058823529411765,0.1764705882352941,0.1839080459770115,0.22857142857142856,0.20739633401276414,0.09747646166959945,0.3376652644230769,0.19424096009975064
911,0.5052631578947369,0.4675324675324675,0.17204301075268816,0.13333333333333333,0.37894736842105264,0.2597402597402597,0.07397686030685081,0.037179161922018235,0.3436464561831131,0.29524325676408053
912,0.1818181818181818,0.20930232558139536,0.0,0.0,0.11363636363636362,0.11627906976744186,0.006469233963928666,0.006888727020558486,0.0881057268722467,0.1211453744493392
913,0.43181818181818177,0.5454545454545455,0.23255813953488372,0.21874999999999997,0.3409090909090909,0.393939393939394,0.1358041893281755,0.16655594232099227,0.40888888888888886,0.3576487252124646
914,0.3950617283950617,0.4615384615384615,0.12658227848101267,0.2105263157894737,0.19753086419753085,0.30769230769230765,0.04423845441747253,0.0856011448584366,0.37865893575236137,0.33204864920621524
915,0.46938775510204084,0.3132530120481927,0.22916666666666666,0.07407407407407408,0.3469387755102041,0.16867469879518074,0.04231687249589906,0.015710439879470243,0.4029029029029029,0.1987826987826988
916,0.21739130434782608,0.36781609195402293,0.04444444444444444,0.09411764705882353,0.08695652173913043,0.20689655172413793,0.0057401866418665785,0.013511773985136005,0.11679012345679016,0.12096774193548389
917,0.19354838709677422,0.21333333333333332,0.021978021978021976,0.0,0.15053763440860218,0.15999999999999998,0.010831815605992019,0.005742483616446685,0.09911894273127754,0.09174311926605505
918,0.39560439560439553,0.5333333333333333,0.0898876404494382,0.3103448275862069,0.2417582417582418,0.5,0.029909967069885617,0.0991702165632683,0.20377204279770156,0.34358638743455494
919,0.3917525773195876,0.3733333333333333,0.18947368421052632,0.1643835616438356,0.35051546391752575,0.3733333333333333,0.06912486647073168,0.04187959153642703,0.40846979521559146,0.3366537091026887
920,0.5,0.4225352112676056,0.21951219512195122,0.17391304347826086,0.33333333333333337,0.3661971830985915,0.038523989330947785,0.02295357692506105,0.41756719734559067,0.2574468800430339
921,0.24657534246575344,0.26229508196721313,0.056338028169014086,0.06779661016949153,0.16438356164383564,0.1639344262295082,0.025951006535736648,0.024851756574103046,0.12110904968047824,0.15207047325102882
922,0.3380281690140845,0.3829787234042554,0.2028985507246377,0.3111111111111111,0.3098591549295775,0.3829787234042554,0.11657633846595285,0.2102369368326755,0.3336322869955157,0.2673523869346734
923,0.2191780821917808,0.5,0.056338028169014086,0.3703703703703704,0.1643835616438356,0.42857142857142855,0.010052917730344396,0.2737932447148163,0.16093685796466237,0.4072768475387133
924,0.3181818181818182,0.2903225806451613,0.11627906976744186,0.1,0.13636363636363635,0.12903225806451613,0.02916679457816502,0.012847690977489903,0.22102756530523884,0.18290201822916666
925,0.38554216867469876,0.38095238095238093,0.1481481481481481,0.13114754098360656,0.24096385542168672,0.31746031746031744,0.057696334522615064,0.07861539293399739,0.3353789068074782,0.23537037037037042
926,0.2696629213483146,0.28125,0.04597701149425287,0.06451612903225808,0.22471910112359553,0.18750000000000003,0.010134332918397132,0.015021239977027565,0.19400476257178878,0.1612215909090909
927,0.25806451612903225,0.35294117647058826,0.06666666666666667,0.0816326530612245,0.22580645161290322,0.3137254901960785,0.012517970592156697,0.007678432706586176,0.2230659705742762,0.23625213632250933
928,0.24390243902439027,0.5306122448979592,0.05,0.3829787234042554,0.1707317073170732,0.5306122448979592,0.016748842534043438,0.1771672685027266,0.2210100630113797,0.487431693989071
929,0.4086021505376344,0.5352112676056338,0.1758241758241758,0.2608695652173913,0.2580645161290323,0.2535211267605634,0.14071433641721826,0.17056540329425685,0.35895744229077564,0.3629632285709163
930,0.368421052631579,0.3272727272727273,0.08108108108108109,0.07547169811320754,0.21052631578947367,0.2909090909090909,0.024609981982471694,0.01806193387447607,0.29457572502685275,0.2211934156378601
931,0.37499999999999994,0.4444444444444445,0.15384615384615383,0.2622950819672131,0.3,0.41269841269841273,0.03425320850989178,0.16500462906194566,0.36,0.3688161655194622
932,0.2619047619047619,0.5679012345679012,0.0975609756097561,0.3037974683544304,0.16666666666666666,0.41975308641975306,0.026220538724357412,0.11596553793359075,0.19787234042553192,0.4423868312757202
933,0.11904761904761905,0.12000000000000001,0.0,0.0,0.09523809523809523,0.12000000000000001,0.002989232719814957,0.006032401726201458,0.041493775933609964,0.04739336492890995
934,0.26506024096385544,0.2333333333333333,0.07407407407407407,0.10344827586206898,0.1686746987951807,0.2333333333333333,0.04578514430969215,0.07103702656973529,0.3032183454150565,0.2601273148148148
935,0.32989690721649484,0.2962962962962963,0.021052631578947368,0.025316455696202528,0.16494845360824742,0.12345679012345678,0.011662213550423645,0.0119205505813795,0.15756302521008406,0.16110201358563805
936,0.54320987654321,0.3116883116883116,0.22784810126582278,0.13333333333333333,0.34567901234567905,0.2597402597402597,0.03617804849314351,0.06400178381760215,0.4150616961545995,0.23619047619047623
937,0.4736842105263158,0.3384615384615384,0.24324324324324323,0.22222222222222224,0.2894736842105263,0.30769230769230765,0.15839805510227045,0.16010703200635582,0.43687637409098595,0.21196581196581196
938,0.588235294117647,0.5245901639344263,0.3614457831325301,0.3728813559322034,0.49411764705882355,0.4918032786885245,0.22066053976459066,0.2562221905348596,0.5547493688367175,0.37270194986072425
939,0.3,0.2592592592592593,0.15384615384615385,0.15384615384615385,0.17500000000000002,0.2592592592592593,0.09868981544446524,0.13597796343834895,0.36400941230486683,0.25665991587474685
940,0.3188405797101449,0.3137254901960784,0.029850746268656712,0.08163265306122448,0.2028985507246377,0.27450980392156865,0.01387195318363841,0.018584514906732345,0.19336113155097703,0.20489495343296515
941,0.3902439024390244,0.36065573770491804,0.15,0.13559322033898305,0.2439024390243902,0.29508196721311475,0.11647848423800383,0.02139709913361407,0.35733597098582265,0.15723270440251572
942,0.32,0.3614457831325301,0.06122448979591836,0.09876543209876543,0.14,0.24096385542168672,0.026773513307904413,0.02858174783840041,0.18656462585034012,0.19604086845466157
943,0.2142857142857143,0.3880597014925374,0.024390243902439025,0.061538461538461535,0.14285714285714285,0.20895522388059704,0.005295924024539148,0.015851755112496996,0.09859154929577466,0.1769911504424779
944,0.3146067415730337,0.40506329113924044,0.13793103448275865,0.15584415584415584,0.2471910112359551,0.20253164556962022,0.015975311320580363,0.018673026059983527,0.15306122448979592,0.20702293870070973
945,0.3548387096774194,0.52,0.19999999999999998,0.41666666666666663,0.2580645161290323,0.36,0.08442511500499854,0.23386786214190372,0.35646387832699616,0.4320805457169094
946,0.4470588235294118,0.3908045977011494,0.2891566265060241,0.11764705882352941,0.3058823529411765,0.20689655172413796,0.09916058235566588,0.014187468588792001,0.3651683138111256,0.18343195266272186
947,0.34285714285714286,0.372093023255814,0.1764705882352941,0.14634146341463414,0.2857142857142857,0.186046511627907,0.07119802576104631,0.024178614976744797,0.46890927624872575,0.2209268854346574
948,0.48717948717948717,0.4150943396226415,0.23684210526315794,0.19607843137254902,0.3333333333333333,0.339622641509434,0.040478282235465866,0.04216305190016265,0.5506172839506173,0.2743377483443709
949,0.3555555555555556,0.29850746268656714,0.06818181818181819,0.12307692307692307,0.22222222222222224,0.208955223880597,0.012133650006341503,0.03192532051078343,0.1919117752918988,0.16336760925449872
950,0.20224719101123595,0.37037037037037035,0.04597701149425287,0.07692307692307693,0.1348314606741573,0.25925925925925924,0.008120718936539166,0.017448767890681335,0.15094339622641512,0.23232805676855894
951,0.3243243243243243,0.2641509433962264,0.1111111111111111,0.11764705882352941,0.18918918918918917,0.2641509433962264,0.005965518750356762,0.04215458721124646,0.15037593984962405,0.33585285966238354
952,0.27499999999999997,0.4666666666666667,0.07692307692307693,0.1379310344827586,0.225,0.36666666666666664,0.011125382292406935,0.02097751430481984,0.1278409090909091,0.2384359195756753
953,0.37623762376237624,0.43373493975903615,0.1616161616161616,0.19753086419753085,0.297029702970297,0.3614457831325302,0.017432228564429518,0.07554465988847604,0.24912722441917942,0.21778247974537035
954,0.2,0.11267605633802817,0.0,0.0,0.11111111111111112,0.08450704225352113,0.006256262221561363,0.00467456230563731,0.09237875288683603,0.03614457831325302
955,0.3225806451612903,0.5200000000000001,0.13333333333333333,0.33333333333333337,0.25806451612903225,0.31999999999999995,0.015492053781622543,0.07109139861609622,0.28563348416289597,0.5707241476472246
956,0.4675324675324675,0.5405405405405405,0.32,0.25,0.4675324675324675,0.4324324324324324,0.14160105937647138,0.025071801663833316,0.378749241044323,0.348756906077348
957,0.505263157894737,0.65625,0.3010752688172043,0.41935483870967744,0.37894736842105264,0.5625,0.12956313021042576,0.21842593539754393,0.4783125371360666,0.5314855072463769
958,0.1702127659574468,0.17391304347826086,0.0,0.029850746268656716,0.12765957446808512,0.11594202898550725,0.0058085488793933795,0.006091671452343355,0.09280742459396751,0.07389162561576354
959,0.3448275862068966,0.47058823529411764,0.09411764705882353,0.21212121212121213,0.20689655172413796,0.3529411764705882,0.01153419728869882,0.11079648892321042,0.1493479839600897,0.2747909199522103
960,0.3055555555555556,0.19999999999999998,0.14285714285714288,0.08333333333333334,0.19444444444444445,0.19999999999999998,0.03523755477067784,0.017554679594930896,0.30347985347985357,0.14761904761904762
961,0.3703703703703704,0.3278688524590164,0.15189873417721517,0.06779661016949153,0.2962962962962963,0.22950819672131148,0.018721431301571282,0.01549256890938189,0.22207754629629628,0.13067897458711003
962,0.4166666666666667,0.26666666666666666,0.25531914893617025,0.11363636363636365,0.35416666666666663,0.2222222222222222,0.17374951565433233,0.06043355220907111,0.43042840375586855,0.21576500422654266
963,0.2285714285714286,0.2641509433962264,0.0,0.03921568627450981,0.1142857142857143,0.15094339622641512,0.006550873947814101,0.018693000799960027,0.12195121951219513,0.19632149446494465
964,0.21333333333333332,0.30303030303030304,0.0273972602739726,0.1875,0.13333333333333333,0.30303030303030304,0.005653171078511422,0.10490894282140378,0.13493319268635726,0.31530944625407165
965,0.25316455696202533,0.38596491228070173,0.1038961038961039,0.21818181818181817,0.20253164556962028,0.3157894736842105,0.05477773434580897,0.21967173367972778,0.23846153846153847,0.3074151391232234
966,0.32558139534883723,0.46428571428571425,0.19047619047619047,0.22222222222222224,0.20930232558139533,0.2857142857142857,0.0744575238654659,0.1186902969921424,0.2810159714985095,0.28589743589743594
967,0.2558139534883721,0.4923076923076923,0.04761904761904763,0.19047619047619047,0.16279069767441862,0.30769230769230765,0.024916713930778676,0.03678886516330387,0.1724991491073362,0.28459830095202593
968,0.3243243243243244,0.3384615384615385,0.16666666666666669,0.1904761904761905,0.24324324324324323,0.24615384615384614,0.036071422576736296,0.09042237275053627,0.3787499999999999,0.39289419087136923
969,0.15555555555555559,0.16216216216216214,0.022727272727272728,0.08333333333333333,0.13333333333333333,0.16216216216216214,0.004625479698079485,0.014242196946931705,0.08875739644970415,0.09374999999999999
970,0.16666666666666666,0.17543859649122806,0.05714285714285714,0.036363636363636355,0.1388888888888889,0.10526315789473684,0.022040531326700873,0.007678432706586176,0.1665581597222222,0.08368200836820083
971,0.3023255813953488,0.31428571428571433,0.04761904761904761,0.08823529411764705,0.18604651162790697,0.17142857142857143,0.00680256405325725,0.01354622272291445,0.18919159544159544,0.10638297872340426
972,0.3661971830985915,0.22641509433962265,0.11594202898550723,0.0,0.25352112676056343,0.18867924528301885,0.025464661429775496,0.009498525867740094,0.26476868327402137,0.11450381679389314
973,0.39024390243902435,0.23529411764705882,0.17500000000000002,0.060606060606060615,0.34146341463414637,0.14705882352941177,0.06850641701978356,0.014136535941662021,0.30659340659340656,0.15244448424068768
974,0.39999999999999997,0.32499999999999996,0.061224489795918366,0.07692307692307693,0.22,0.2,0.010828507894375632,0.007599185093756928,0.25080673379728624,0.18558997563522445
975,0.5060240963855421,0.5714285714285714,0.32098765432098764,0.4444444444444445,0.36144578313253006,0.5,0.1487964117124549,0.2772930065214113,0.3453977691740413,0.3681156121984524
976,0.35000000000000003,0.45901639344262296,0.15384615384615385,0.20338983050847456,0.27499999999999997,0.32786885245901637,0.028310852916881263,0.02445967044816411,0.26078831124702684,0.2237058174280561
977,0.3488372093023256,0.3283582089552239,0.11904761904761904,0.15384615384615385,0.18604651162790697,0.208955223880597,0.02489637360879045,0.03459516500691777,0.19141566265060242,0.2236763535031847
978,0.225,0.1875,0.05128205128205127,0.06451612903225806,0.15,0.12500000000000003,0.008678355060660479,0.011326402345230238,0.1377952755905512,0.10460251046025104
979,0.3333333333333333,0.29508196721311475,0.1142857142857143,0.06779661016949153,0.2777777777777778,0.16393442622950818,0.030901532587310255,0.015691405298830563,0.14836795252225518,0.10736196319018404
980,0.3235294117647059,0.2807017543859649,0.030303030303030307,0.03636363636363637,0.17647058823529407,0.17543859649122806,0.00781107060823746,0.018693000799960027,0.18115942028985507,0.16274385072094996
981,0.3076923076923077,0.5142857142857142,0.08988764044943821,0.35294117647058815,0.19780219780219782,0.39999999999999997,0.006874614919231696,0.13908658921945397,0.10948905109489052,0.3153302741214829
982,0.3243243243243243,0.26229508196721313,0.1111111111111111,0.03389830508474576,0.2162162162162162,0.09836065573770493,0.01524542715420686,0.008830895300928163,0.14376996805111822,0.08333333333333333
983,0.48648648648648657,0.20833333333333334,0.3055555555555556,0.043478260869565216,0.4054054054054054,0.125,0.09576248453721153,0.009992303678481067,0.39864688478941873,0.08064516129032258
984,0.38961038961038963,0.26229508196721313,0.21333333333333335,0.16949152542372883,0.33766233766233766,0.22950819672131145,0.08601406026081672,0.05091241211363149,0.3018943854053329,0.15456401283172935
985,0.11764705882352942,0.2692307692307692,0.0,0.04,0.029411764705882356,0.11538461538461538,0.005355924989097696,0.010884169087499292,0.07272727272727272,0.16462891462891463
986,0.39999999999999997,0.4482758620689655,0.1794871794871795,0.07142857142857142,0.27499999999999997,0.20689655172413796,0.07274999134192134,0.021755494215007404,0.45469311320033623,0.2758139998008563
987,0.37500000000000006,0.2553191489361702,0.22580645161290322,0.0,0.3125,0.2127659574468085,0.11085434134712652,0.010511846841633778,0.4095147276965459,0.1382488479262673
988,0.37500000000000006,0.2553191489361702,0.22580645161290322,0.0,0.3125,0.2127659574468085,0.11085434134712652,0.010511846841633778,0.4095147276965459,0.1382488479262673
989,0.5161290322580646,0.3142857142857143,0.2857142857142857,0.058823529411764705,0.3440860215053763,0.17142857142857143,0.14380615280209333,0.015141228294949537,0.41699041699041695,0.14347681014347685
990,0.3818181818181818,0.3655913978494624,0.1111111111111111,0.06593406593406594,0.2,0.19354838709677416,0.012640956753821412,0.006120890049889466,0.19889018691588783,0.13513513513513511
991,0.04597701149425287,0.11594202898550725,0.0,0.059701492537313425,0.04597701149425287,0.11594202898550725,0.004188635776841715,0.012069505116436091,0.044117647058823525,0.11481481481481481
992,0.3561643835616438,0.10344827586206896,0.1971830985915493,0.03571428571428572,0.273972602739726,0.10344827586206896,0.03211565002110334,0.007086819662400232,0.24109014675052415,0.03289473684210526
993,0.3448275862068966,0.17391304347826086,0.09411764705882353,0.0,0.22988505747126436,0.11594202898550723,0.012127601540866477,0.006327612983513973,0.22156797500036168,0.07692307692307691
994,0.17391304347826086,0.5,0.0,0.41025641025641024,0.08695652173913043,0.47500000000000003,0.005186671025518576,0.3654984368100582,0.09345794392523364,0.45679607103188935
995,0.28888888888888886,0.09375,0.11363636363636365,0.0,0.22222222222222224,0.0625,0.015012173807958001,0.005967684246711442,0.24916675231620836,0.052770448548812667
996,0.15217391304347827,0.3835616438356165,0.0,0.11267605633802817,0.10869565217391304,0.273972602739726,0.005739995047374933,0.011992351099377449,0.07847533632286995,0.17383177570093458
997,0.2933333333333333,0.18461538461538463,0.0821917808219178,0.031746031746031744,0.24000000000000005,0.18461538461538463,0.014011697931222915,0.007843772989359645,0.25118249389261393,0.11400651465798047
998,0.32608695652173914,0.2727272727272727,0.11111111111111112,0.09375,0.23913043478260868,0.24242424242424243,0.02932891436480801,0.027658673735733774,0.26847067941100494,0.2072072072072072
999,0.4090909090909091,0.46153846153846156,0.20930232558139533,0.34210526315789475,0.29545454545454547,0.43589743589743596,0.15609901106308546,0.24418013887764387,0.45586676242262575,0.47940340909090906
1000,0.35135135135135137,0.3389830508474576,0.05555555555555556,0.10526315789473685,0.21621621621621623,0.2033898305084746,0.014422230040316385,0.01583610518564545,0.2692873073803731,0.20541747104247107
1001,0.2285714285714286,0.25531914893617025,0.11764705882352941,0.17777777777777778,0.17142857142857143,0.21276595744680848,0.05051837010330628,0.08688218206838484,0.2410901467505241,0.1322751322751323
1002,0.2898550724637681,0.2413793103448276,0.059701492537313425,0.0,0.26086956521739135,0.10344827586206896,0.014978640318926921,0.008447063994683927,0.2666666666666667,0.11235955056179776
1003,0.380952380952381,0.3582089552238806,0.17073170731707318,0.12307692307692307,0.33333333333333337,0.23880597014925375,0.06455672843053721,0.02009061720672287,0.29458853666346463,0.22545454545454546
1004,0.23728813559322037,0.3333333333333333,0.0,0.0,0.1694915254237288,0.22222222222222224,0.005739995047374933,0.010043468297595231,0.26717557251908397,0.27522935779816515
1005,0.5454545454545454,0.42622950819672134,0.3255813953488372,0.13559322033898305,0.43181818181818177,0.29508196721311475,0.2280495698510168,0.02097521656340478,0.44983784914740027,0.20050196256038647
1006,0.3529411764705882,0.22580645161290325,0.09638554216867469,0.03333333333333333,0.23529411764705882,0.22580645161290325,0.016508791086203053,0.0062449833774932476,0.17838359987120317,0.06830601092896176
1007,0.22988505747126436,0.379746835443038,0.0,0.2077922077922078,0.1379310344827586,0.32911392405063294,0.007272597112969962,0.16223845585843227,0.11185682326621924,0.2809306078536848
1008,0.396039603960396,0.3157894736842105,0.12121212121212122,0.05405405405405406,0.33663366336633666,0.2368421052631579,0.03310318973744286,0.007422690521091148,0.22766105936996128,0.10183299389002036
1009,0.27999999999999997,0.18421052631578944,0.0816326530612245,0.0,0.12000000000000001,0.10526315789473684,0.05174717094970202,0.007094215779738816,0.2484931796552818,0.08264462809917354
1010,0.21818181818181817,0.26506024096385544,0.037037037037037035,0.024691358024691353,0.14545454545454545,0.19277108433734938,0.00494504393005872,0.007771324020744102,0.1522248243559719,0.1125
1011,0.13157894736842105,0.14285714285714285,0.0,0.0,0.07894736842105263,0.08571428571428572,0.005653171078511422,0.005959978627465526,0.07692307692307691,0.07911392405063292
1012,0.41558441558441556,0.5614035087719299,0.13333333333333333,0.32727272727272727,0.2857142857142857,0.2456140350877193,0.02900697051073635,0.18503199561392897,0.36023904539110263,0.38725697379543533
1013,0.47863247863247865,0.568421052631579,0.19130434782608693,0.23655913978494625,0.358974358974359,0.4,0.0875342311798502,0.15434312376114226,0.4349163385826772,0.469220475075276
1014,0.3095238095238095,0.411764705882353,0.07317073170731707,0.1515151515151515,0.16666666666666666,0.23529411764705882,0.005977500645731284,0.10314948658185885,0.1729916522680434,0.1931537230948226
1015,0.4318181818181818,0.43243243243243246,0.20930232558139533,0.11111111111111112,0.3181818181818182,0.24324324324324326,0.04309006047076053,0.08753250724033554,0.26442157047063986,0.21052631578947367
1016,0.4050632911392405,0.5714285714285714,0.25974025974025977,0.4074074074074074,0.35443037974683544,0.5,0.025560860212461137,0.0478968583748614,0.29802158273381296,0.32618110236220477
1017,0.3157894736842105,0.33333333333333337,0.13513513513513514,0.09375000000000001,0.2631578947368421,0.24242424242424243,0.06534434987768793,0.009207598308796071,0.24367647058823527,0.12084592145015108
1018,1.0,1.0,1.0,1.0,1.0,1.0,0.8364775258131331,0.8767721580981509,0.9352982515320176,0.9352982515320176
1019,0.38461538461538464,0.5,0.0784313725490196,0.16216216216216214,0.1346153846153846,0.1842105263157895,0.009418566305998468,0.04246461831732897,0.2564006024096385,0.3002316798375068
1020,0.358974358974359,0.4054054054054054,0.13157894736842105,0.2222222222222222,0.2564102564102564,0.37837837837837834,0.02767269100179926,0.04714269073289455,0.35818696353813406,0.4832744798625693
1021,0.21621621621621623,0.30188679245283023,0.02777777777777778,0.0392156862745098,0.10810810810810811,0.11320754716981132,0.005697859151313652,0.009188355573937162,0.15873015873015875,0.17316017316017315
1022,0.39560439560439564,0.11940298507462686,0.0898876404494382,0.0,0.21978021978021978,0.08955223880597014,0.01209685959137829,0.006099414623565709,0.18084490740740744,0.05167958656330749
1023,0.3956043956043956,0.41666666666666663,0.2247191011235955,0.2571428571428572,0.2857142857142857,0.25,0.15733666524507361,0.1285096361398549,0.2596227134146341,0.2816776362517164
1024,0.48648648648648657,0.3,0.3055555555555556,0.06896551724137931,0.43243243243243246,0.2333333333333333,0.15616086104328353,0.019431006284310177,0.3692619626926196,0.17441860465116277
1025,0.5121951219512195,0.5454545454545454,0.24999999999999994,0.30188679245283023,0.4390243902439025,0.509090909090909,0.09013198314837324,0.19211741763103565,0.5576413427561838,0.5436165577342048
1026,0.35714285714285715,0.3050847457627119,0.14634146341463417,0.03508771929824561,0.1904761904761905,0.20338983050847456,0.016797199262155876,0.015579644861633761,0.2659761235955056,0.15976914414414414
1027,0.4081632653061225,0.2765957446808511,0.08333333333333333,0.06521739130434781,0.2857142857142857,0.14893617021276595,0.014430207353163584,0.011317443499287115,0.282553940129052,0.12896825396825395
1028,0.35443037974683544,0.4210526315789474,0.1038961038961039,0.10909090909090909,0.22784810126582278,0.28070175438596484,0.012988310144953831,0.01858022132360697,0.20446096654275092,0.2834008097165992
1029,0.5348837209302325,0.33333333333333337,0.2619047619047619,0.125,0.37209302325581395,0.1818181818181818,0.16200079408715123,0.010539141192423426,0.3820086001276582,0.10877267573696145
1030,0.3888888888888889,0.4,0.2571428571428572,0.18867924528301888,0.2222222222222222,0.21818181818181817,0.1510851663265232,0.0407196676198392,0.3346700083542189,0.2963241856314146
1031,0.2727272727272727,0.32352941176470584,0.046511627906976744,0.030303030303030307,0.15909090909090912,0.14705882352941174,0.011782386561983231,0.007100304678586615,0.13189448441247004,0.14709083558789687
1032,0.4657534246575342,0.64,0.3098591549295775,0.4583333333333333,0.4383561643835616,0.64,0.16669500150583327,0.28491797494938803,0.39615846338535415,0.4505716955109668
1033,0.37362637362637363,0.425,0.15730337078651688,0.15384615384615383,0.1758241758241758,0.19999999999999998,0.07202096055523838,0.02976230083143085,0.20953681792873052,0.2147991581050228
1034,0.24742268041237112,0.2909090909090909,0.06315789473684211,0.07547169811320754,0.16494845360824742,0.2181818181818182,0.016668231677333493,0.01801210737536247,0.23498319179051663,0.14705882352941177
1035,0.4651162790697675,0.5,0.2857142857142857,0.16129032258064516,0.32558139534883723,0.34375,0.084024536434466,0.02557264241629719,0.4227272727272728,0.38257575757575757
1036,1.0,1.0,1.0,1.0,1.0,1.0,0.8364775258131331,0.8767721580981509,0.9352982515320176,0.9352982515320176
1037,1.0,1.0,1.0,1.0,1.0,1.0,0.8353985013743881,0.869292571960085,0.9188035117966572,0.9188035117966572
1038,0.29411764705882354,0.6190476190476191,0.15151515151515152,0.35,0.2647058823529412,0.5714285714285714,0.024451704548346047,0.19835441454182887,0.21220877731623622,0.5053719008264463
1039,0.26666666666666666,0.36065573770491804,0.0273972602739726,0.20338983050847456,0.18666666666666668,0.26229508196721313,0.006168026086725149,0.09863022371664866,0.14545454545454545,0.31622137404580153
1040,0.3950617283950617,0.253968253968254,0.20253164556962025,0.06557377049180328,0.3703703703703703,0.22222222222222224,0.0170292454506694,0.0147110996364744,0.217888783549642,0.08695652173913042
1041,0.20618556701030927,0.1935483870967742,0.06315789473684211,0.06666666666666667,0.12371134020618554,0.12903225806451613,0.019278830682831403,0.012430185041026947,0.22613981762917937,0.10663006756756756
1042,0.3191489361702128,0.2352941176470588,0.15217391304347827,0.09638554216867469,0.23404255319148937,0.2117647058823529,0.10501254260525825,0.05418309984583289,0.26962556589537223,0.11966201173851447
1043,0.06666666666666667,0.0,0.0,0.0,0.06666666666666667,0.0,0.004089349842971759,0,0.02525252525252526,0.027777777777777776
1044,0.10526315789473685,0.14545454545454542,0.0,0.0,0.07017543859649122,0.10909090909090909,0.0063161840849674045,0.0067177027389942,0.06198347107438017,0.08333333333333334
1045,0.35897435897435903,0.4307692307692308,0.13157894736842105,0.22222222222222224,0.2051282051282051,0.30769230769230765,0.016662810873079206,0.16332593877308405,0.2779794532979998,0.32081214435601263
1046,0.29268292682926833,0.19672131147540986,0.075,0.03389830508474576,0.2682926829268293,0.16393442622950818,0.012388559502462976,0.007547438369364314,0.19834602747909205,0.08522727272727273
1047,0.3777777777777778,0.4266666666666667,0.13636363636363635,0.16438356164383558,0.3333333333333333,0.32,0.04084684128649013,0.038869219983973725,0.2584764762693157,0.1916759854626782
1048,0.3505154639175258,0.34567901234567905,0.08421052631578949,0.12658227848101267,0.2680412371134021,0.2222222222222222,0.031085126015841524,0.030916389321326197,0.2333470394736842,0.2884972170686456
1049,0.25882352941176473,0.42857142857142855,0.12048192771084337,0.23529411764705882,0.21176470588235294,0.3142857142857143,0.02728291212250173,0.0371749241029078,0.18753994684966524,0.29123140234251343
1050,0.4,0.6101694915254238,0.28205128205128205,0.45614035087719296,0.375,0.4406779661016949,0.22028499369896615,0.3397987977953881,0.2866225999370475,0.39636522335484276
1051,0.34951456310679613,0.29333333333333333,0.09900990099009903,0.136986301369863,0.21359223300970873,0.26666666666666666,0.03101155123725715,0.05133335830007725,0.24245111051144655,0.19892331932773108
1052,0.6306306306306306,0.5523809523809523,0.25688073394495414,0.31067961165048547,0.28828828828828823,0.47619047619047616,0.181542735427487,0.20377861921229978,0.4804547091167621,0.38279415569517056
1053,0.25806451612903225,0.28571428571428575,0.08791208791208792,0.0,0.17204301075268816,0.21428571428571427,0.021431504804105744,0.006951469485158574,0.2292413381123058,0.07396449704142011
1054,0.2736842105263158,0.25352112676056343,0.1075268817204301,0.11594202898550725,0.23157894736842105,0.1971830985915493,0.061890828097309246,0.057125304196670966,0.23338406900050734,0.1696482487922705
1055,0.3541666666666667,0.39999999999999997,0.1276595744680851,0.28205128205128205,0.27083333333333337,0.375,0.1089926860875779,0.153408345529075,0.2729203793279022,0.2816842105263158
1056,0.4266666666666666,0.5633802816901409,0.32876712328767116,0.34782608695652173,0.4266666666666666,0.5070422535211269,0.23041958970580143,0.2620727432423806,0.36345966958211856,0.5328941531363676
1057,0.3902439024390244,0.2711864406779661,0.125,0.07017543859649124,0.2682926829268293,0.1694915254237288,0.06850641701978356,0.03159283693557876,0.271913385115607,0.1311965811965812
1058,0.47311827956989244,0.43373493975903615,0.2197802197802198,0.09876543209876543,0.4086021505376344,0.2891566265060241,0.03474496967581221,0.015890534453339735,0.24855233853006678,0.2524886877828054
1059,0.4782608695652174,0.3333333333333333,0.17777777777777776,0.12195121951219512,0.30434782608695654,0.16666666666666666,0.04506687212572139,0.012582513964978054,0.3774388876429693,0.16543659691081217
1060,0.5217391304347826,0.6250000000000001,0.3283582089552239,0.3913043478260869,0.43478260869565216,0.5833333333333334,0.24522061043660445,0.3122369736332884,0.5556093259345292,0.5458646616541353
1061,0.3,0.35714285714285715,0.10204081632653061,0.12195121951219512,0.14,0.14285714285714285,0.07560369744522255,0.031743187361759566,0.1580135440180587,0.17199235949235953
1062,0.3589743589743589,0.14814814814814817,0.15789473684210525,0.03846153846153846,0.23076923076923078,0.11111111111111112,0.029909967069885617,0.014203609079723397,0.3415449019844624,0.0943009430094301
1063,0.32608695652173914,0.2702702702702703,0.13333333333333333,0.1111111111111111,0.17391304347826086,0.2162162162162162,0.01715101857815022,0.015639849833445695,0.22564989029984708,0.13740014524328256
1064,0.2150537634408602,0.1935483870967742,0.0,0.0,0.12903225806451613,0.12903225806451615,0.0052021967661181456,0.008484298139685174,0.1095890410958904,0.10479041916167664
1065,0.1797752808988764,0.2222222222222222,0.04597701149425287,0.028571428571428574,0.13483146067415733,0.1388888888888889,0.005203300368769517,0.007425055521504611,0.09230769230769233,0.15520771415362264
1066,0.26666666666666666,0.26666666666666666,0.1643835616438356,0.06896551724137931,0.21333333333333335,0.16666666666666666,0.07303863538896592,0.012615497851482763,0.32876984126984127,0.20235942478257127
1067,0.25,0.25,0.08571428571428573,0.11111111111111112,0.16666666666666669,0.14285714285714288,0.014538040525630739,0.020667362144729137,0.1737651582372079,0.18166357452071738
1068,0.3614457831325301,0.2033898305084746,0.07407407407407406,0.03508771929824561,0.19277108433734938,0.1694915254237288,0.015318500535118459,0.0076859346443516685,0.2779609279609279,0.07331378299120234
1069,0.5569620253164557,0.5882352941176471,0.3376623376623376,0.36363636363636365,0.48101265822784806,0.5294117647058824,0.2430276575245333,0.2535988259216434,0.4621872754588804,0.4244720708446867
1070,0.22500000000000003,0.32,0.07692307692307693,0.125,0.12500000000000003,0.16,0.01990978655858373,0.045466972369917126,0.3014189926711367,0.2928815340162858
1071,0.40625,0.576923076923077,0.06451612903225808,0.32,0.25,0.34615384615384615,0.037776418604808376,0.1440945607263114,0.23846153846153845,0.40140740740740743
1072,0.5217391304347825,0.16,0.3582089552238805,0.0,0.31884057971014496,0.12000000000000001,0.19389143446625193,0.008839374326825921,0.5508578431372549,0.06382978723404256
1073,0.28865979381443296,0.23655913978494625,0.0631578947368421,0.06593406593406594,0.16494845360824742,0.15053763440860216,0.010320361584657317,0.054285521517746294,0.17804907369067813,0.18958810068649884
1074,0.3414634146341463,0.5,0.15,0.24000000000000002,0.2682926829268293,0.4615384615384615,0.0880199769976469,0.19838396085493007,0.34038712265570154,0.30028583856335045
1075,0.42352941176470593,0.38961038961038963,0.16867469879518074,0.16,0.2352941176470588,0.3116883116883117,0.017796237395371298,0.017087406345209912,0.22655325443786983,0.21754535147392287
1076,0.36893203883495146,0.4473684210526316,0.07920792079207922,0.08108108108108107,0.21359223300970875,0.2631578947368421,0.02344459652213126,0.013498180870079415,0.20371217899822022,0.24491268581324863
1077,0.11904761904761904,0.0821917808219178,0.0,0.0,0.09523809523809525,0.0821917808219178,0.0052608684749981885,0.004737657107340252,0.06297229219143576,0.038860103626943
1078,0.5538461538461539,0.39999999999999997,0.31746031746031744,0.16666666666666669,0.24615384615384614,0.39999999999999997,0.13856514146716278,0.02019074850994527,0.5030075187969925,0.30423280423280424
1079,0.25,0.2622950819672131,0.11428571428571428,0.1016949152542373,0.19444444444444445,0.19672131147540986,0.026491258687377152,0.016319013503995054,0.2568177630366685,0.26991043330912606
1080,0.3185840707964602,0.5647058823529412,0.07207207207207207,0.24096385542168675,0.21238938053097345,0.39999999999999997,0.04680769532751438,0.16959544884417993,0.17526948148779345,0.40958915380677247
1081,0.22680412371134023,0.4594594594594595,0.0631578947368421,0.22222222222222224,0.12371134020618557,0.3243243243243243,0.00846177132910779,0.14860706919206246,0.13994910941475827,0.22629132515539907
1082,0.11494252873563218,0.125,0.0,0.0,0.06896551724137932,0.0625,0.0045491487595968995,0.004062796616286317,0.04901960784313726,0.013020833333333332
1083,0.22535211267605634,0.3636363636363637,0.11594202898550725,0.1886792452830189,0.16901408450704225,0.29090909090909095,0.01320382335228747,0.023823321885626608,0.1465253913707522,0.22871376811594205
1084,0.2727272727272727,0.2545454545454545,0.11627906976744186,0.11320754716981132,0.22727272727272724,0.2181818181818182,0.026248125595032718,0.02182790268028123,0.22142857142857142,0.16812865497076024
1085,0.19565217391304346,0.2,0.02222222222222222,0.04545454545454545,0.10869565217391305,0.11111111111111112,0.011270935147210302,0.02372622398862714,0.11796982167352538,0.09127789046653144
1086,0.1584158415841584,0.1111111111111111,0.0404040404040404,0.0,0.09900990099009901,0.08333333333333333,0.004295119260690564,0.004844527995314536,0.06912442396313365,0.03694581280788177
1087,0.45238095238095233,0.29850746268656714,0.1951219512195122,0.061538461538461535,0.33333333333333337,0.23880597014925375,0.08536261076987536,0.016373682488441264,0.391660591623628,0.1813511233801089
1088,0.3809523809523809,0.4782608695652174,0.19672131147540983,0.3181818181818182,0.25396825396825395,0.43478260869565216,0.04076824887784678,0.17678748653651843,0.4063841201716737,0.44159652664051496
1089,0.2962962962962962,0.1694915254237288,0.1518987341772152,0.0,0.2469135802469136,0.10169491525423728,0.03657625693065175,0.008054258141651432,0.26976495726495725,0.1280447113780447
1090,0.3711340206185567,0.40625000000000006,0.06315789473684211,0.06451612903225808,0.20618556701030927,0.21874999999999997,0.010766864701312811,0.005440192824960346,0.1784518996492543,0.1427752120498657
1091,0.41304347826086957,0.4888888888888889,0.11111111111111112,0.20454545454545456,0.23913043478260868,0.24444444444444444,0.018421453763693155,0.1359718484620875,0.19437166424065988,0.2561186917912065
1092,0.48192771084337344,0.45614035087719296,0.2716049382716049,0.3636363636363636,0.38554216867469876,0.45614035087719296,0.16884655390525974,0.2837655732884958,0.5515587529976019,0.4286783366955163
1093,0.4835164835164835,0.5454545454545454,0.24719101123595505,0.27906976744186046,0.28571428571428564,0.34090909090909094,0.16815571134911797,0.1514065025979061,0.27478082074420995,0.3100676964313328
1094,0.5806451612903225,0.4444444444444444,0.3770491803278689,0.2474226804123712,0.3870967741935484,0.38383838383838387,0.22794298442794697,0.08152125148258481,0.3273148148148148,0.25375191424196014
1095,0.20833333333333331,0.3191489361702128,0.08510638297872342,0.10869565217391304,0.14583333333333331,0.14893617021276595,0.04269647757530256,0.05193438626849964,0.16542510404644495,0.27327170184313043
1096,0.44155844155844154,0.676056338028169,0.24,0.463768115942029,0.33766233766233766,0.47887323943661964,0.1370083077570734,0.26941404204598735,0.41527555199430205,0.5555156306144449
1097,0.47798742138364775,0.593939393939394,0.22929936305732485,0.2822085889570552,0.3522012578616352,0.44848484848484854,0.11780708853776362,0.11922356537540463,0.3500645994832042,0.4687260201558583
1098,0.41176470588235287,0.5194805194805194,0.18000000000000002,0.24,0.27450980392156865,0.3636363636363636,0.10586140133972588,0.10759355949373416,0.28440975410672376,0.29023861171366594
1099,0.553191489361702,0.5,0.32608695652173914,0.23076923076923078,0.3617021276595745,0.3,0.16318308379623753,0.04577425002916671,0.5221752549651101,0.2941955873115578
1100,0.4971751412429378,0.44585987261146504,0.25142857142857145,0.18064516129032257,0.2711864406779661,0.29299363057324834,0.17188673518772993,0.11339304525831553,0.45677306665816164,0.3606275578593917
1101,0.2631578947368421,0.39999999999999997,0.10810810810810811,0.20689655172413793,0.15789473684210525,0.19999999999999998,0.02489637360879045,0.03878793365257052,0.17928286852589645,0.35405982905982913
1102,0.42990654205607476,0.4950495049504951,0.28571428571428564,0.3232323232323232,0.4112149532710281,0.4554455445544554,0.1698988359959524,0.19599972270316163,0.34320672382101614,0.36953941120607786
1103,0.5786163522012578,0.1911764705882353,0.3949044585987261,0.014925373134328358,0.5157232704402516,0.1323529411764706,0.3066274766212188,0.0037505783528596847,0.5138307334086163,0.08094645080946451
1104,0.6101694915254238,0.5561497326203209,0.24,0.19459459459459458,0.2937853107344633,0.26737967914438504,0.10473829026235049,0.012966183335396115,0.37176546128476784,0.29636263989846534
1105,0.6861313868613138,0.6814814814814815,0.4740740740740741,0.45112781954887216,0.48175182481751827,0.45925925925925926,0.3269902502099863,0.2949018830425815,0.5139678078866574,0.4879477895438879
1106,0.5894736842105264,0.6666666666666666,0.3655913978494624,0.4657534246575342,0.4421052631578947,0.5599999999999999,0.1592685700030382,0.24945491340917217,0.5992603550295857,0.570655274895931
1107,0.3269230769230769,0.2597402597402597,0.0784313725490196,0.05333333333333334,0.1923076923076923,0.15584415584415584,0.012390516746181544,0.011160140205139063,0.18492088465342083,0.10514018691588786
1108,0.3333333333333333,0.4424778761061947,0.09859154929577466,0.25225225225225223,0.20833333333333334,0.336283185840708,0.050505027708295874,0.12440563176246489,0.2810510968200273,0.266514423076923
1109,0.5647058823529412,0.5249999999999999,0.38554216867469876,0.41025641025641024,0.4,0.425,0.29093602546912434,0.29017796131048484,0.5560605108320965,0.4621761658031088
1110,0.5,0.43902439024390244,0.23376623376623376,0.11570247933884298,0.2948717948717949,0.24390243902439024,0.08186566072856255,0.011709052510092969,0.42732970917624685,0.18185526243017536
1111,0.2828282828282828,0.3092783505154639,0.020618556701030927,0.1263157894736842,0.18181818181818182,0.24742268041237114,0.009215897997772978,0.031277207970251374,0.1942752208004197,0.2776343197507274
1112,0.4423076923076923,0.6117647058823529,0.2156862745098039,0.40963855421686746,0.3269230769230769,0.47058823529411764,0.14519679184844508,0.15152376037740925,0.32543214361396183,0.39702923062023154
1113,0.3958333333333333,0.3294117647058824,0.1276595744680851,0.09638554216867469,0.18750000000000003,0.18823529411764706,0.010444799704281575,0.01699960348373781,0.2539528639618138,0.22211103376261745
1114,0.3676470588235294,0.3305785123966942,0.08955223880597014,0.06722689075630252,0.22058823529411764,0.1983471074380165,0.021536772796533075,0.01253418323225562,0.2821595496069684,0.26285739262513186
1115,0.6399999999999999,0.5454545454545455,0.30612244897959184,0.26666666666666666,0.27999999999999997,0.2077922077922078,0.05733230162260951,0.1315528384877064,0.3965921303069931,0.3634866449182542
1116,0.5714285714285715,0.509090909090909,0.44274809160305345,0.25925925925925924,0.5714285714285715,0.4181818181818182,0.2370240698025116,0.1115396588758463,0.5708811388332422,0.4197080291970803
1117,0.5161290322580645,0.58,0.22950819672131148,0.34693877551020413,0.3548387096774194,0.4,0.13249394572906517,0.21974249453644523,0.39114602818306526,0.4216198844359627
1118,0.6306306306306306,0.64,0.45871559633027525,0.5306122448979592,0.5765765765765767,0.6000000000000001,0.3954970571238951,0.4419789423922076,0.6063121159244366,0.5336812144212524
1119,0.5,0.4367816091954023,0.23404255319148934,0.16470588235294117,0.27083333333333337,0.25287356321839083,0.1260164759811267,0.11525651902973977,0.40348408795146107,0.305555755382745
1120,0.6666666666666666,0.7951807228915663,0.5106382978723405,0.5185185185185185,0.6458333333333334,0.6746987951807228,0.33701973460295986,0.3584068035827949,0.6370456547960205,0.6862486248624863
1121,0.6,0.6736842105263158,0.4772727272727273,0.6666666666666666,0.5555555555555556,0.6736842105263158,0.35669998303529715,0.4964039683735103,0.5563218390804597,0.6756849315068494
1122,0.5531914893617021,0.5513513513513513,0.3333333333333333,0.29508196721311475,0.3829787234042553,0.4216216216216216,0.22180978272999802,0.19146325797471747,0.3872666388904556,0.3813397809451788
1123,0.27272727272727276,0.25287356321839083,0.03703703703703704,0.047058823529411764,0.1636363636363636,0.1839080459770115,0.011023783087458853,0.008294942836832695,0.18099781355595307,0.1379153686396677
1124,0.4466019417475728,0.5217391304347826,0.2574257425742574,0.26666666666666666,0.3106796116504854,0.391304347826087,0.050480874558106854,0.14641844228197093,0.4539440203562341,0.5259388459064954
1125,0.4901960784313726,0.49350649350649345,0.16,0.23999999999999996,0.39215686274509803,0.36363636363636365,0.08723770926357459,0.18367254173511086,0.4119699409554482,0.3601640262940198
1126,0.6619718309859155,0.6055045871559633,0.3571428571428571,0.35514018691588783,0.38028169014084506,0.4587155963302752,0.1954074562265982,0.14134265803510504,0.48138759001498244,0.30901425455678455
1127,0.425531914893617,0.40506329113924044,0.21739130434782608,0.2077922077922078,0.29787234042553196,0.3037974683544304,0.14457066598521515,0.12435095414077146,0.35620757842980066,0.2555575801749271
1128,0.3953488372093023,0.41758241758241754,0.14285714285714285,0.17977528089887643,0.23255813953488372,0.3076923076923077,0.100036923641967,0.04707914690447104,0.19738851933973886,0.19607843137254902
1129,0.4390243902439025,0.4923076923076923,0.225,0.3174603174603175,0.34146341463414637,0.46153846153846156,0.14827965597073145,0.1126327077284232,0.3419420191118203,0.3281163816878102
1130,0.4173913043478261,0.5,0.1592920353982301,0.25490196078431376,0.22608695652173913,0.3653846153846154,0.03282392785589578,0.15065005091815073,0.30195636622512206,0.35292517386421507
1131,0.44897959183673464,0.35514018691588783,0.16666666666666666,0.09523809523809525,0.22448979591836732,0.24299065420560748,0.11385988964970627,0.015035044603989488,0.26226431954248947,0.2299460562764252
1132,0.5496183206106872,0.5,0.24806201550387597,0.2807017543859649,0.3206106870229008,0.4137931034482759,0.07944171159608483,0.12825923180931167,0.30535977165469874,0.31281292671825217
1133,0.3999999999999999,0.3833333333333333,0.17391304347826086,0.15254237288135594,0.22857142857142856,0.2833333333333333,0.030072841266120896,0.04746462821349017,0.26726558628663727,0.3252133333333334
1134,0.5405405405405406,0.5847953216374269,0.4153005464480874,0.41420118343195267,0.44324324324324327,0.5029239766081871,0.2684517904380301,0.3621165389445877,0.4951976953465469,0.520170045022923
1135,0.345679012345679,0.4705882352941177,0.12658227848101267,0.21212121212121213,0.19753086419753085,0.3529411764705882,0.03327265370314173,0.12054600666186746,0.26899857954545453,0.3545919260530094
1136,0.4150943396226415,0.5233644859813084,0.1730769230769231,0.3238095238095238,0.24528301886792453,0.42990654205607476,0.09011090240959302,0.22924429170898117,0.380362062180244,0.5247921615201901
1137,0.4424778761061947,0.45283018867924524,0.19819819819819817,0.1923076923076923,0.3539823008849557,0.3773584905660377,0.10693967891578066,0.07876321131702395,0.34214194997567676,0.28644499247451466
1138,0.5443037974683544,0.5984251968503937,0.20512820512820515,0.27199999999999996,0.31645569620253167,0.4566929133858268,0.06384706115246076,0.13058396975572337,0.2972250651615253,0.3675400291120815
1139,0.326530612244898,0.38235294117647056,0.16666666666666666,0.21212121212121215,0.2857142857142857,0.3235294117647059,0.0662637974165804,0.143304220537594,0.37062994722955145,0.3290890286702497
1140,0.4793388429752066,0.4036697247706422,0.2184873949579832,0.22429906542056077,0.396694214876033,0.38532110091743116,0.058943803891197764,0.0404363160847543,0.2702603878116343,0.20148361131565307
1141,0.45161290322580644,0.43410852713178294,0.1568627450980392,0.14173228346456693,0.28387096774193554,0.2325581395348837,0.0870469405834232,0.06084858900306382,0.38150425471485844,0.30022551150108656
1142,0.41830065359477125,0.5507246376811594,0.1456953642384106,0.22058823529411764,0.2745098039215686,0.34782608695652173,0.029403267121762975,0.03990296229643537,0.35887436762225966,0.3552294100883443
1143,0.4065040650406504,0.4600000000000001,0.1818181818181818,0.2653061224489796,0.2764227642276422,0.39999999999999997,0.06739554823296148,0.11011533699913163,0.22822085889570554,0.30181557883776927
1144,0.4957264957264957,0.44827586206896547,0.2956521739130435,0.10526315789473685,0.41025641025641024,0.32758620689655177,0.2226883033788085,0.05757177103786432,0.39469026548672564,0.26490685965092553
1145,0.6779661016949152,0.5,0.4310344827586207,0.1836734693877551,0.5084745762711864,0.32,0.2647293429362805,0.05076016083308419,0.4896785551281216,0.23586483773837405
1146,0.48148148148148145,0.4042553191489362,0.18867924528301885,0.15217391304347827,0.24074074074074073,0.3404255319148936,0.038555135883969534,0.03453666881574775,0.3181048824593128,0.2553883506264458
1147,0.5210084033613446,0.5346534653465346,0.2393162393162393,0.22222222222222224,0.38655462184873945,0.31683168316831684,0.09713907883234066,0.032629679569067656,0.33058522153268866,0.3105018636926596
1148,0.5048543689320388,0.5,0.25742574257425743,0.22448979591836735,0.3495145631067961,0.4000000000000001,0.2145956241970431,0.19265703646524043,0.3948448141118679,0.3593453510436433
1149,0.5909090909090908,0.45454545454545453,0.25581395348837205,0.25,0.38636363636363635,0.3636363636363636,0.13796609944619023,0.15485799240461653,0.6369565914594058,0.39719834447628144
1150,0.33333333333333337,0.3076923076923077,0.125,0.0898876404494382,0.28070175438596484,0.24175824175824176,0.06387834682302555,0.029555432879545963,0.28725715746421265,0.14769394828045854
1151,0.5614035087719298,0.47058823529411764,0.25,0.18,0.4035087719298246,0.2941176470588235,0.15872435249493294,0.03140382775575721,0.3803113769269896,0.2777777777777778
1152,0.46913580246913583,0.5277777777777778,0.3037974683544304,0.3714285714285714,0.39506172839506176,0.4444444444444445,0.16933839761836655,0.2653870604817909,0.3785421080508475,0.44260568677598916
1153,0.5961538461538461,0.48543689320388356,0.29411764705882354,0.198019801980198,0.4423076923076923,0.3495145631067961,0.11431164199686565,0.020984940166106674,0.47738011112496703,0.35472033804069836
1154,0.39097744360902253,0.4098360655737705,0.183206106870229,0.16666666666666669,0.3007518796992481,0.2950819672131148,0.08839374326825923,0.08290464833822313,0.33938172043010756,0.3072830732159328
1155,0.4444444444444444,0.41237113402061853,0.25316455696202533,0.1473684210526316,0.37037037037037035,0.2680412371134021,0.12795100096585615,0.09471632965144829,0.22374238951779052,0.2829953457446808
1156,0.5925925925925926,0.6774193548387097,0.25316455696202533,0.3333333333333333,0.39506172839506176,0.5161290322580646,0.21668197249881999,0.2554489714174326,0.5174134871339839,0.48076923076923084
1157,0.5294117647058822,0.3902439024390244,0.31999999999999995,0.075,0.45098039215686275,0.21951219512195122,0.20368338136177952,0.015890534453339735,0.4912663755458515,0.20140774258421315
1158,0.5154639175257731,0.5405405405405406,0.3157894736842105,0.3333333333333333,0.288659793814433,0.40540540540540543,0.07513757183216893,0.05150774231956985,0.4093936443986082,0.33872720685907504
1159,0.5739130434782609,0.5054945054945055,0.21238938053097345,0.20224719101123595,0.4,0.41758241758241754,0.08629377753371414,0.07456284775547276,0.36522342428567545,0.2815639637850274
1160,0.5714285714285715,0.5581395348837208,0.3272727272727273,0.3333333333333333,0.3035714285714286,0.37209302325581395,0.1705289545657075,0.23416092054895646,0.5832060279997934,0.48153993106026005
1161,0.4444444444444445,0.4878048780487805,0.24742268041237114,0.37500000000000006,0.24242424242424243,0.46341463414634154,0.1225147111139728,0.2542623150369354,0.37378016765339556,0.398796087283672
1162,0.31999999999999995,0.36065573770491804,0.0547945205479452,0.06779661016949153,0.18666666666666668,0.22950819672131148,0.01209685959137829,0.016373682488441264,0.25156661520297885,0.22546355879689214
1163,0.4878048780487804,0.4423076923076923,0.18181818181818182,0.15686274509803919,0.37398373983739835,0.2884615384615385,0.1137930115652616,0.13760850821382833,0.36904761904761907,0.30680412371134025
1164,0.4630541871921182,0.3655913978494623,0.11940298507462685,0.11956521739130434,0.2660098522167487,0.21505376344086022,0.034138277254788726,0.027017994395316536,0.22936002249958787,0.1679762878055897
1165,0.5714285714285714,0.4554455445544555,0.3043478260869565,0.18181818181818182,0.4,0.27722772277227725,0.17342365851842134,0.12532677489541635,0.42991561949857343,0.23009982752312755
1166,0.4444444444444444,0.5294117647058824,0.1774193548387097,0.27999999999999997,0.2857142857142857,0.39215686274509803,0.13829811430772823,0.20845487168858376,0.371744058500914,0.42234848484848486
1167,0.41428571428571426,0.4954128440366973,0.11594202898550725,0.22429906542056074,0.2571428571428572,0.3486238532110092,0.052483467492249324,0.10113713985652258,0.27120415835507133,0.338787898426277
1168,0.4821428571428572,0.4536082474226804,0.2545454545454545,0.2736842105263158,0.37500000000000006,0.35051546391752575,0.10409633052537089,0.11620875224435684,0.4576206799866137,0.2783266746628239
1169,0.32432432432432434,0.46153846153846156,0.14678899082568808,0.13157894736842102,0.2162162162162162,0.20512820512820512,0.047443179965239585,0.034839486038063555,0.2701925840758839,0.21671826625386995
1170,0.5,0.4551724137931034,0.1038961038961039,0.1678321678321678,0.25641025641025644,0.30344827586206896,0.01102699837252597,0.08550518609889807,0.24370081582557218,0.26987429930355017
1171,0.5607476635514018,0.5504587155963302,0.32380952380952377,0.3177570093457944,0.3925233644859813,0.4036697247706422,0.2548272619761881,0.2549135495683284,0.47878326223847245,0.46634225466342244
1172,0.21951219512195122,0.6562499999999999,0.05,0.48387096774193544,0.17073170731707316,0.5937499999999999,0.005844941052207697,0.31955693808615804,0.10903426791277258,0.39853891695182225
1173,0.489795918367347,0.36923076923076925,0.31724137931034485,0.25,0.42176870748299317,0.3230769230769231,0.2491449303861695,0.19345388791075693,0.3971105248822218,0.2655993279719329
1174,0.5483870967741935,0.4220183486238532,0.26229508196721313,0.205607476635514,0.3709677419354839,0.3302752293577982,0.1868357179277384,0.15448608345260023,0.45636418966896974,0.30644962776650436
1175,0.8135593220338982,0.923076923076923,0.7586206896551724,0.8627450980392156,0.8135593220338982,0.923076923076923,0.6296398741880037,0.7826968026768402,0.8875456022155352,0.9141150546138629
1176,0.5054945054945055,0.4827586206896552,0.2921348314606741,0.28235294117647053,0.3956043956043956,0.39080459770114945,0.23247895068663854,0.21945621975519916,0.4024658641753504,0.3499356077173543
1177,0.24137931034482757,0.37837837837837845,0.07017543859649122,0.19444444444444445,0.15517241379310343,0.27027027027027023,0.04144564513131685,0.1022763758993479,0.2644762951179914,0.26355433381478205
1178,0.4390243902439024,0.5794392523364486,0.39669421487603307,0.4761904761904762,0.37398373983739835,0.5233644859813084,0.3097324452503936,0.4239461015654324,0.5241809367425131,0.5694592002101376
1179,0.47457627118644063,0.5249999999999999,0.1714285714285714,0.21518987341772153,0.24858757062146894,0.3125,0.027828649789716872,0.02597651728171634,0.28794265342519165,0.27612319397971863
1180,0.39999999999999997,0.5454545454545454,0.14457831325301204,0.21333333333333332,0.2588235294117647,0.38961038961038963,0.1178238656198324,0.15293885404881336,0.29345825501253137,0.327991452991453
1181,0.6428571428571429,0.34285714285714286,0.3658536585365854,0.20588235294117646,0.42857142857142855,0.22857142857142856,0.1979899962043034,0.02357062354505032,0.5664841524216524,0.2268026004728132
1182,0.5932203389830508,0.5360824742268041,0.3448275862068965,0.2526315789473685,0.423728813559322,0.3711340206185567,0.1971945449356826,0.1397234597551278,0.45554619596431445,0.3824659506890611
1183,0.32478632478632474,0.3111111111111111,0.12173913043478261,0.13636363636363635,0.23931623931623933,0.17777777777777778,0.05944549994491676,0.05976895130058139,0.2553562346620844,0.2030560911286927
1184,0.7142857142857143,0.6857142857142857,0.6451612903225806,0.6407766990291262,0.7142857142857143,0.6857142857142857,0.5067634649257918,0.3588416254753745,0.5599877105031645,0.5078286542880924
1185,0.42857142857142855,0.41025641025641024,0.10416666666666666,0.10526315789473684,0.14285714285714285,0.1794871794871795,0.032998928639199246,0.03487565654554993,0.27100646352723917,0.2716701711136891
1186,0.39999999999999997,0.27397260273972607,0.20454545454545459,0.056338028169014086,0.3111111111111111,0.16438356164383564,0.12655983735887344,0.014988552732741946,0.3375109938434476,0.13850415512465372
1187,0.4077669902912621,0.4,0.09900990099009901,0.12820512820512822,0.23300970873786409,0.225,0.01641934491582202,0.025875282600970825,0.2207752806366543,0.23798858146684235
1188,0.2937062937062937,0.35460992907801425,0.0851063829787234,0.11510791366906475,0.1958041958041958,0.1843971631205674,0.05343815825979817,0.08713070321109324,0.16826100444879408,0.15492957746478872
1189,0.5346534653465347,0.4848484848484849,0.3232323232323232,0.3092783505154639,0.45544554455445546,0.4242424242424242,0.17230663284961542,0.18367150913789324,0.4830023752969122,0.4300213675213676
1190,0.48598130841121495,0.3870967741935484,0.19047619047619047,0.15384615384615385,0.2616822429906542,0.25806451612903225,0.036316390580999086,0.030897020040498033,0.3808367780749712,0.25786343088270286
1191,0.4807692307692307,0.35955056179775274,0.19607843137254902,0.11494252873563218,0.2692307692307692,0.20224719101123598,0.041455740283723265,0.016927394235211765,0.3185919540229885,0.17609718907451602
1192,0.4631578947368421,0.3584905660377359,0.12903225806451613,0.09615384615384616,0.1894736842105263,0.20754716981132074,0.014013355322818026,0.014440016772524843,0.22869110107421878,0.203153100320588
1193,0.5562913907284769,0.35398230088495575,0.28187919463087246,0.18018018018018017,0.2913907284768212,0.3185840707964602,0.2025015746066422,0.054752430347259844,0.38918002466091245,0.20415588615782665
1194,0.4318181818181818,0.37500000000000006,0.20930232558139536,0.12903225806451615,0.34090909090909094,0.28125,0.03418715490788191,0.019789288631315727,0.3993812998345118,0.24790051679586564
1195,0.4255319148936171,0.38636363636363635,0.15217391304347827,0.18604651162790697,0.2978723404255319,0.27272727272727276,0.07944830926003663,0.11992643289088684,0.4194936708860759,0.3204314720812183
1196,0.3137254901960784,0.41975308641975306,0.060000000000000005,0.1772151898734177,0.1372549019607843,0.2222222222222222,0.015652411276701517,0.03739741768419739,0.21711969480209828,0.2839506172839507
1197,0.49523809523809526,0.42857142857142855,0.27184466019417475,0.21951219512195122,0.38095238095238093,0.2619047619047619,0.12200930749400361,0.1005178958121598,0.4278076985570654,0.29072603387040225
1198,0.34210526315789475,0.2391304347826087,0.08108108108108107,0.044444444444444446,0.2368421052631579,0.13043478260869565,0.03775605923188284,0.010240041382230006,0.25241675617615467,0.1600755667506297
1199,0.336,0.5526315789473685,0.14634146341463417,0.2972972972972973,0.19199999999999998,0.34210526315789475,0.025904207471330234,0.07472854831237223,0.3269698835811267,0.44521845038729174
1200,0.29545454545454547,0.36923076923076925,0.09302325581395349,0.15873015873015872,0.25,0.2769230769230769,0.026732368827771365,0.04325740366009962,0.31436619718309855,0.30245241320310834
1201,0.4285714285714286,0.4042553191489362,0.12903225806451613,0.2173913043478261,0.33333333333333326,0.23404255319148937,0.07432998184513635,0.1194410496565441,0.2430102490325315,0.25937621132046934
1202,0.5344827586206897,0.41509433962264153,0.2631578947368421,0.11538461538461539,0.41379310344827586,0.22641509433962262,0.05505633274834121,0.007898156861581107,0.29929421164772724,0.18326170009551102
1203,0.4,0.3888888888888889,0.12048192771084337,0.11428571428571428,0.23529411764705882,0.30555555555555564,0.0168918351148984,0.021660934310510235,0.31307444852941174,0.26496786559927843
1204,0.49523809523809526,0.46153846153846156,0.31067961165048547,0.38202247191011235,0.43809523809523804,0.3296703296703297,0.2617722684835539,0.24213801119126882,0.3786008230452675,0.3613058126476397
1205,0.4489795918367347,0.3307086614173228,0.15172413793103448,0.096,0.217687074829932,0.1889763779527559,0.050152554234858385,0.006917126324729297,0.2614644970414201,0.1607583812556596
1206,0.6590909090909091,0.4927536231884058,0.46511627906976744,0.17910447761194026,0.5227272727272727,0.2898550724637681,0.3692270187209812,0.0962792324831938,0.5631811764705882,0.2611968432693274
1207,0.5411764705882354,0.5671641791044776,0.3855421686746988,0.3692307692307692,0.25882352941176473,0.4776119402985075,0.24136108386305014,0.2814318365936589,0.5376123133740177,0.47010241817947473
1208,0.5321100917431193,0.5416666666666667,0.26168224299065423,0.23404255319148934,0.42201834862385323,0.27083333333333337,0.21863788788826743,0.039482127110257524,0.41936679536679533,0.3057141252877651
1209,0.45652173913043476,0.4155844155844156,0.26666666666666666,0.26666666666666666,0.43478260869565216,0.25974025974025977,0.07064094559372008,0.0869639254773577,0.46413058339731383,0.36230948075432706
1210,0.46511627906976744,0.54320987654321,0.26190476190476186,0.35443037974683544,0.372093023255814,0.4197530864197531,0.1423960515220926,0.24231243614279252,0.45748342147234106,0.4625807297895817
1211,0.4301075268817204,0.30303030303030304,0.1758241758241758,0.061855670103092786,0.3225806451612903,0.1616161616161616,0.03617804849314351,0.014727093431436971,0.275959350353814,0.14573991031390138
1212,0.4946236559139784,0.4372093023255814,0.2173913043478261,0.1408450704225352,0.25806451612903225,0.2883720930232558,0.14084030253431584,0.09200542870452914,0.3582919399434156,0.2833930932368894
1213,0.6444444444444445,0.4109589041095891,0.34090909090909094,0.1971830985915493,0.4000000000000001,0.35616438356164387,0.15967910201466343,0.11950929230668023,0.4423040917755992,0.2440670924858493
1214,0.4793388429752066,0.5185185185185185,0.23529411764705882,0.339622641509434,0.36363636363636365,0.3888888888888889,0.11948798565465697,0.143554469226806,0.3192471590909091,0.31540072984809925
1215,0.5301204819277109,0.5128205128205128,0.2962962962962963,0.15789473684210525,0.4578313253012048,0.30769230769230765,0.16583411865730868,0.03682224427371689,0.4074933387526533,0.27700831024930744
1216,0.3571428571428571,0.3225806451612903,0.1090909090909091,0.06593406593406592,0.23214285714285715,0.2580645161290323,0.012882279993035133,0.013594021799031653,0.30609620391366427,0.19370460048426152
1217,0.41739130434782606,0.5185185185185185,0.19469026548672566,0.28301886792452835,0.2782608695652174,0.31481481481481477,0.03306349804256514,0.05595299643524653,0.3415568879962193,0.4285847931332882
1218,0.3243243243243243,0.41269841269841273,0.1388888888888889,0.1967213114754098,0.16216216216216214,0.22222222222222224,0.06819851521871377,0.037634460038463956,0.3616092312490254,0.30810835798816555
1219,0.4189189189189189,0.3206106870229008,0.1095890410958904,0.07751937984496124,0.22972972972972974,0.16793893129770993,0.014368807222423048,0.0036388656517305795,0.20273221873634883,0.12425981425631623
1220,0.41935483870967744,0.47058823529411764,0.18032786885245905,0.12048192771084336,0.25806451612903225,0.2588235294117647,0.05586926459536741,0.017534731063172864,0.3216753440300385,0.22594472645234073
1221,0.24761904761904757,0.45238095238095233,0.11650485436893203,0.14634146341463414,0.1904761904761905,0.2619047619047619,0.059250195738948366,0.07845796873957885,0.17915499533146592,0.34684065934065933
1222,0.5294117647058824,0.5636363636363637,0.3,0.3148148148148148,0.45098039215686275,0.5272727272727272,0.1805414152287055,0.10939630326886447,0.4424603174603175,0.4597337646047835
1223,0.4918032786885246,0.5789473684210527,0.18333333333333332,0.2857142857142857,0.2950819672131148,0.3508771929824562,0.030842287489783224,0.1669753815954371,0.2830805289637415,0.43049174749021596
1224,0.37398373983739835,0.35789473684210527,0.1487603305785124,0.12903225806451615,0.2601626016260163,0.25263157894736843,0.059568243640547185,0.011239585700187902,0.18670833629282388,0.19004644868700168
1225,0.411764705882353,0.5753424657534246,0.16,0.2535211267605634,0.35294117647058826,0.4657534246575342,0.02675847043949086,0.02409992926617247,0.31907799884659754,0.3216005503324926
1226,0.409090909090909,0.5205479452054794,0.27906976744186046,0.3380281690140845,0.25,0.3013698630136986,0.08813260675712578,0.1685736521283106,0.27568876778686047,0.2816333752752438
1227,0.4719101123595506,0.2608695652173913,0.2298850574712644,0.11940298507462688,0.42696629213483145,0.20289855072463767,0.13055278806438803,0.029815564924567654,0.546116504854369,0.19739619985925405
1228,0.3404255319148936,0.43076923076923074,0.10869565217391304,0.12698412698412698,0.21276595744680854,0.18461538461538463,0.014440016772524843,0.018125316555019554,0.22035601492965834,0.19077134986225897
1229,0.5227272727272727,0.49382716049382713,0.372093023255814,0.3291139240506329,0.4772727272727273,0.3950617283950617,0.19345299022826185,0.21475571940851748,0.4645833333333333,0.4550798327663358
1230,0.19047619047619047,0.22988505747126436,0.04878048780487805,0.09411764705882354,0.14285714285714285,0.13793103448275862,0.010458164798418441,0.011382809806126881,0.21870809636103022,0.21627800640146325
1231,0.35135135135135137,0.5283018867924528,0.1388888888888889,0.27450980392156865,0.16216216216216217,0.2641509433962264,0.014329357148973243,0.044841176241733,0.43194179557815926,0.4723101876882676
1232,0.3820224719101124,0.33766233766233766,0.09195402298850575,0.08,0.22471910112359553,0.25974025974025977,0.02619861362665576,0.01331771513915613,0.22211103376261745,0.12658227848101264
1233,0.7218045112781954,0.7218045112781954,0.6412213740458015,0.6412213740458015,0.6917293233082706,0.6917293233082706,0.5174407618083594,0.5174407618083594,0.6812036044619111,0.6812036044619111
1234,0.6748466257668712,0.6493506493506493,0.34782608695652173,0.4342105263157895,0.4662576687116564,0.5324675324675324,0.2326515129880768,0.3504042123904179,0.5108269968864664,0.5335169262235486
1235,0.22499999999999998,0.3174603174603175,0.025641025641025644,0.03278688524590164,0.125,0.12698412698412698,0.01053386130113345,0.016373682488441264,0.20303514376996806,0.19794936179116973
1236,0.5333333333333333,0.5411764705882354,0.288135593220339,0.2891566265060241,0.3,0.25882352941176473,0.1664526543647993,0.13462374116533823,0.4543245869776481,0.32408200391001063
1237,0.4716981132075472,0.425,0.23076923076923078,0.20512820512820512,0.18867924528301885,0.25,0.03380644616350905,0.028662898248925574,0.3198584669338677,0.17786881701833274
1238,0.3461538461538462,0.30588235294117644,0.11764705882352941,0.0,0.2692307692307692,0.16470588235294117,0.10004298733455537,0.006685786511331352,0.2188865265156352,0.14583333333333331
1239,0.4375,0.28571428571428575,0.23404255319148937,0.08,0.3958333333333333,0.2077922077922078,0.12760789644907836,0.019231042777837725,0.4403739612188366,0.223240255962769
1240,0.3969465648854961,0.5060240963855421,0.20155038759689922,0.2222222222222222,0.22900763358778625,0.3132530120481928,0.11322870043999485,0.13767180564804213,0.41333333333333333,0.4120756377033742
1241,0.33587786259541985,0.2654867256637168,0.10852713178294573,0.036036036036036036,0.183206106870229,0.14159292035398233,0.025101920934757885,0.00798508474832559,0.23562073084898974,0.1447225519662567
1242,0.45783132530120485,0.47368421052631576,0.17283950617283952,0.16216216216216214,0.26506024096385544,0.2894736842105264,0.08453314480370254,0.08442259796699057,0.279,0.22480359147025814
1243,0.5229357798165136,0.41884816753926696,0.2037037037037037,0.2222222222222222,0.3027522935779816,0.2931937172774869,0.1289248625419477,0.0690617680527317,0.292326779919832,0.24535947358770183
1244,0.5652173913043479,0.43478260869565216,0.33333333333333337,0.1791044776119403,0.4347826086956522,0.34782608695652173,0.20911971038029412,0.07779897767653432,0.5753069306930693,0.2070229387007097
1245,0.3181818181818182,0.2894736842105263,0.1627906976744186,0.16216216216216217,0.27272727272727276,0.23684210526315794,0.11333496869438348,0.13230383779255614,0.4001524390243903,0.3560126582278481
1246,0.4716981132075472,0.3529411764705882,0.15384615384615385,0.12048192771084337,0.32075471698113206,0.2588235294117647,0.030865080234759243,0.014550512019830363,0.30008563779370434,0.23347280334728032
1247,0.4421052631578947,0.4578313253012048,0.27956989247311825,0.24691358024691357,0.42105263157894735,0.38554216867469876,0.14105137915811936,0.14165923395901783,0.30823293172690763,0.30253321372121833
1248,0.47058823529411764,0.4583333333333333,0.27350427350427353,0.2765957446808511,0.319327731092437,0.20833333333333334,0.12704889249739953,0.09367548097567809,0.2868999514220103,0.2398943826146891
1249,0.38202247191011235,0.15384615384615383,0.2298850574712644,0.052631578947368425,0.3595505617977528,0.15384615384615383,0.14227980900528805,0.01293165965304266,0.4076086956521739,0.10333333333333333
1250,0.6304347826086958,0.46341463414634143,0.3111111111111111,0.175,0.2608695652173913,0.2682926829268293,0.15819023927338094,0.034579932195410876,0.5016143958868896,0.28075527704485487
1251,0.4409448818897638,0.26666666666666666,0.192,0.11363636363636363,0.33070866141732286,0.2222222222222222,0.09979289495211781,0.09361721965964491,0.5083639869921865,0.21095420416687383
1252,0.2831858407079646,0.3023255813953488,0.1081081081081081,0.09523809523809525,0.23008849557522124,0.20930232558139536,0.054266068770005026,0.05912623561364909,0.22302827380952378,0.20244798625691923
1253,0.42857142857142855,0.4782608695652174,0.20000000000000004,0.2222222222222222,0.32142857142857145,0.391304347826087,0.09936476320578623,0.11308318529901966,0.3564336447225944,0.33042442566252095
1254,0.42696629213483145,0.28571428571428575,0.16091954022988506,0.13114754098360656,0.2696629213483146,0.22222222222222224,0.03341112716227568,0.039538127152178144,0.3848093859392496,0.21441483019883847
1255,0.4107142857142857,0.45,0.19999999999999998,0.1794871794871795,0.2857142857142857,0.375,0.09821584453553746,0.04817802225574213,0.3113623423454511,0.3273325575481076
1256,0.5066666666666667,0.5454545454545455,0.32876712328767127,0.25,0.4,0.393939393939394,0.1342816454725345,0.11776355228797633,0.37862196765498657,0.3681425995879121
1257,0.47457627118644075,0.5128205128205128,0.22413793103448276,0.2631578947368421,0.3389830508474576,0.358974358974359,0.06732787891364103,0.06804814191300657,0.3198584669338677,0.2657829751780769
1258,0.29268292682926833,0.30769230769230765,0.08264462809917356,0.17391304347826086,0.14634146341463417,0.29059829059829057,0.023476363311415373,0.13023476828202743,0.25686782297084576,0.33344818485719313
1259,0.5663716814159292,0.5217391304347826,0.3063063063063063,0.24444444444444446,0.3893805309734513,0.28260869565217395,0.18093912405437132,0.11037678640594834,0.38413413413413416,0.3379402049521432
1260,0.40776699029126207,0.5974025974025973,0.15841584158415842,0.42666666666666664,0.27184466019417475,0.44155844155844154,0.08895662622306487,0.2638149569140777,0.3791762013729977,0.4707954035076189
1261,0.5333333333333334,0.5783132530120482,0.25,0.32098765432098764,0.37777777777777777,0.4578313253012048,0.12124305640530822,0.16576590422650678,0.3786259541984733,0.4609819121447029
1262,0.4835164835164835,0.4909090909090909,0.15730337078651688,0.16666666666666666,0.26373626373626374,0.30909090909090914,0.021414654411130246,0.03274907090940836,0.2853719444559782,0.3293857033313452
1263,0.3458646616541354,0.2765957446808511,0.15267175572519084,0.08695652173913043,0.2706766917293233,0.19148936170212766,0.0712902576173882,0.030514514284092718,0.32870795497058114,0.21458247728621652
1264,0.5714285714285714,0.5283018867924528,0.3076923076923077,0.28846153846153844,0.2689075630252101,0.37735849056603776,0.1460011470219162,0.10899925253187744,0.36969253294289894,0.27479539974870676
1265,0.5555555555555556,0.4470588235294118,0.3636363636363636,0.26506024096385544,0.31111111111111117,0.32941176470588235,0.189461172403622,0.15113799638820136,0.4808931685495489,0.36997651170118306
1266,0.4854368932038835,0.37209302325581395,0.21782178217821782,0.07142857142857144,0.21359223300970873,0.20930232558139533,0.09686438070306524,0.02754011746220318,0.35992809221987476,0.24802824201840776
1267,0.3404255319148936,0.4324324324324324,0.08695652173913045,0.1111111111111111,0.1702127659574468,0.2162162162162162,0.02438440897812662,0.018271220681322326,0.31391379021447724,0.2858129315756434
1268,0.5319148936170212,0.5882352941176471,0.2608695652173913,0.45783132530120485,0.3191489361702127,0.5411764705882353,0.06750605482696229,0.3078242376124354,0.44333061224489795,0.47392601267837575
1269,0.4186046511627907,0.3658536585365854,0.09523809523809525,0.15,0.2558139534883721,0.31707317073170727,0.029747041119017166,0.04573938580065262,0.19753086419753088,0.25555555555555554
1270,0.6399999999999999,0.651685393258427,0.42857142857142855,0.45977011494252873,0.48,0.5617977528089888,0.35221501549504053,0.3917724165887095,0.5513742594677639,0.5853699504493155
1271,0.6105263157894737,0.5822784810126583,0.3870967741935484,0.33766233766233766,0.42105263157894735,0.4556962025316456,0.25123761351116236,0.2547654395622258,0.5284539178769949,0.44305200986543214
1272,0.48275862068965525,0.4313725490196078,0.24561403508771928,0.18000000000000002,0.3448275862068965,0.3333333333333333,0.13300938468572748,0.10194223493127612,0.40089607563082374,0.32324128597420526
1273,0.4528301886792453,0.3058823529411765,0.17307692307692307,0.19277108433734938,0.3773584905660377,0.2588235294117647,0.07358577950614774,0.14319594563061314,0.381804435483871,0.21051195216652402
1274,0.4222222222222222,0.3673469387755102,0.1590909090909091,0.125,0.2888888888888889,0.30612244897959184,0.07866833262253682,0.0695931335098971,0.2869339551677448,0.2987287979283021
1275,0.3137254901960784,0.28260869565217395,0.16,0.13333333333333333,0.19607843137254902,0.17391304347826086,0.021931388283843112,0.011330065075897526,0.28230935132444834,0.1607717041800643
1276,0.2735042735042735,0.6153846153846154,0.12173913043478261,0.35955056179775285,0.20512820512820512,0.5494505494505494,0.012249064378914728,0.15381943962277578,0.19183673469387755,0.4404934832354991
1277,0.456140350877193,0.4772727272727273,0.26785714285714285,0.20930232558139536,0.2982456140350877,0.27272727272727276,0.08860910762114232,0.047108859869777545,0.5250942017565225,0.4248314044232412
1278,0.3917525773195877,0.4040404040404041,0.16842105263157894,0.2061855670103093,0.268041237113402,0.24242424242424243,0.10238985947422367,0.12704053285931685,0.2234539002862595,0.3280180608365019
1279,0.5354330708661418,0.6440677966101694,0.17600000000000002,0.32758620689655177,0.2992125984251969,0.4067796610169491,0.041458622062100194,0.15230637629031976,0.3449768160741886,0.4603909798714993
1280,0.3888888888888889,0.5192307692307692,0.169811320754717,0.29411764705882354,0.24074074074074076,0.3461538461538462,0.05654743603405948,0.16782240192459974,0.29748062015503873,0.5114714748241599
1281,0.42016806722689076,0.3191489361702128,0.15384615384615385,0.08695652173913043,0.2352941176470588,0.1702127659574468,0.09170008382622656,0.010779963493823269,0.26537822416987733,0.13828996282527883
1282,0.40963855421686746,0.44155844155844154,0.09876543209876544,0.16,0.21686746987951808,0.2077922077922078,0.017212856117174328,0.01933287932006441,0.21308142546358644,0.19480519480519484
1283,0.7289719626168225,0.5420560747663552,0.39999999999999997,0.22857142857142856,0.48598130841121495,0.35514018691588783,0.20672818841772644,0.03731902164474227,0.5585545095461779,0.36753281824845424
1284,0.16528925619834708,0.5526315789473685,0.050420168067226885,0.35135135135135137,0.11570247933884298,0.3157894736842105,0.006390289339936214,0.19009573553018602,0.09237875288683603,0.303341564119171
1285,0.2300884955752213,0.2769230769230769,0.03603603603603604,0.09523809523809523,0.12389380530973451,0.15384615384615383,0.00735165222251842,0.01687589360987099,0.20159760170006075,0.14987244897959184
1286,0.4545454545454545,0.4878048780487805,0.13953488372093023,0.15,0.22727272727272724,0.2682926829268293,0.01898695749467436,0.018617171981498107,0.24180149784014526,0.2556664750256973
1287,0.7272727272727272,0.5321100917431193,0.6050420168067226,0.42990654205607476,0.694214876033058,0.36697247706422015,0.37704595353310255,0.22808792930908997,0.5182433761883509,0.2984077301142108
1288,0.39639639639639634,0.5052631578947367,0.20183486238532108,0.3440860215053763,0.3063063063063063,0.4421052631578947,0.10504708062072636,0.2171592353701721,0.3273453416550787,0.4285877968066536
1289,0.3302752293577982,0.48888888888888893,0.1308411214953271,0.27272727272727276,0.25688073394495414,0.37777777777777777,0.0698875224439793,0.13478332283950462,0.20946304785330944,0.33893253234750464
1290,0.6170212765957446,0.44680851063829785,0.34782608695652173,0.21739130434782608,0.4042553191489362,0.2127659574468085,0.17905355543873286,0.06869592482449395,0.47452760640980873,0.26875538947973554
1291,0.411764705882353,0.35616438356164376,0.14,0.08450704225352113,0.29411764705882354,0.21917808219178084,0.07588107931577451,0.017853738103790047,0.42273164973752064,0.22025290215588722
1292,0.5301204819277109,0.591304347826087,0.3703703703703704,0.3893805309734513,0.3373493975903615,0.34782608695652173,0.24887119361740032,0.25134103479172853,0.4079434174408453,0.5799433729400092
1293,0.4485981308411215,0.3956043956043956,0.1904761904761905,0.1348314606741573,0.26168224299065423,0.2857142857142857,0.017714284006112524,0.019915868267432465,0.462195744680851,0.29072603387040225
1294,0.2616822429906542,0.6376811594202899,0.07619047619047618,0.41791044776119407,0.18691588785046728,0.49275362318840576,0.012046651366909793,0.316639962277988,0.24982167352537726,0.5806176543108408
1295,0.4426229508196721,0.5090909090909091,0.11666666666666667,0.2037037037037037,0.2786885245901639,0.3272727272727273,0.013739982325348924,0.09689514025573966,0.31189016822287147,0.3613163773844303
1296,0.5,0.6190476190476191,0.24528301886792453,0.36585365853658536,0.35185185185185186,0.42857142857142855,0.13259885636405336,0.12327594946126696,0.38257358588535645,0.38943563399183245
1297,0.5954198473282443,0.6890756302521008,0.4651162790697674,0.5811965811965812,0.41221374045801523,0.48739495798319327,0.37537907820356065,0.4665716189121919,0.4766853446618738,0.6285993621825461
1298,0.4754098360655738,0.4745762711864407,0.09999999999999999,0.08620689655172414,0.19672131147540983,0.20338983050847462,0.030579062893325275,0.014814358734514163,0.31890966021825395,0.25477428741837077
1299,0.3617021276595745,0.37037037037037035,0.1956521739130435,0.05063291139240507,0.2340425531914894,0.14814814814814817,0.07202795932249297,0.016095596506318654,0.3583386479591837,0.21164021164021166
1300,0.707070707070707,0.5333333333333333,0.3711340206185567,0.3495145631067961,0.34343434343434337,0.22857142857142856,0.14466500509675478,0.14658314140244746,0.3965624868857275,0.3799306776020308
1301,0.5106382978723404,0.5714285714285715,0.30434782608695654,0.3466666666666667,0.3829787234042554,0.4675324675324676,0.10777404963273683,0.14119598284201468,0.4765697137580794,0.4919825072886298
1302,0.3773584905660377,0.36781609195402293,0.09615384615384615,0.09411764705882353,0.2641509433962264,0.27586206896551724,0.014005428713577156,0.030397156830248746,0.30796189037186267,0.29602122015915117
1303,0.5546218487394958,0.5686274509803922,0.29059829059829057,0.3,0.31932773109243695,0.3137254901960784,0.18093099269188098,0.20536736369973485,0.49315476190476193,0.4975535296085648
1304,0.6666666666666666,0.5060240963855421,0.4077669902912622,0.3209876543209877,0.419047619047619,0.40963855421686746,0.05815138281796248,0.046307174857002704,0.516924465493156,0.3561844578551643
1305,0.48226950354609927,0.45901639344262296,0.15827338129496402,0.18333333333333332,0.2978723404255319,0.24590163934426232,0.03776337278574687,0.0925813324096085,0.30781221333206354,0.26450480564908957
1306,0.32941176470588235,0.32258064516129037,0.0963855421686747,0.13333333333333333,0.21176470588235294,0.1935483870967742,0.011955001291462567,0.014462281382657288,0.17024799337724508,0.1328314295604015
1307,0.4313725490196078,0.39506172839506176,0.22000000000000003,0.25316455696202533,0.37254901960784315,0.37037037037037035,0.14525404233357175,0.19172647584186675,0.438288537980111,0.30815336004430116
1308,0.40336134453781514,0.4772727272727273,0.20512820512820515,0.3488372093023256,0.33613445378151263,0.4318181818181818,0.08424923185035335,0.15830077121390262,0.2754345967512111,0.3334967620681906
1309,0.5094339622641509,0.27368421052631575,0.2884615384615385,0.10752688172043011,0.4528301886792453,0.2526315789473684,0.1541112342649405,0.025560860212461137,0.4682133333333333,0.1815364387678437
1310,0.6040268456375839,0.6153846153846154,0.24489795918367344,0.2608695652173913,0.4161073825503355,0.42735042735042733,0.07668981086598677,0.0810974634389443,0.4182623288917645,0.3997188043625041
1311,0.4444444444444445,0.4680851063829788,0.24528301886792453,0.30434782608695654,0.22222222222222224,0.36170212765957444,0.13148338000964174,0.11608073540195736,0.29095509171410494,0.23382955771305286
1312,0.5360824742268041,0.48148148148148145,0.3368421052631579,0.2641509433962264,0.3711340206185567,0.2962962962962963,0.1538692045071057,0.047448667586479455,0.3958589672875387,0.2911683895232304
1313,0.5,0.5135135135135135,0.16216216216216217,0.2222222222222222,0.3421052631578948,0.40540540540540543,0.023478493604607728,0.10478669242648608,0.4245655302619972,0.3613465160075329
1314,0.42857142857142855,0.34782608695652173,0.21951219512195122,0.11940298507462686,0.26190476190476186,0.20289855072463767,0.09176883572686964,0.033591335903431406,0.3755585074266392,0.21242950769699742
1315,0.41818181818181815,0.43956043956043955,0.18518518518518517,0.20224719101123595,0.27272727272727276,0.3516483516483517,0.074473042608096,0.08171669688848887,0.32386300455910155,0.2699174220391874
1316,0.7191011235955055,0.7317073170731707,0.5747126436781609,0.675,0.6067415730337078,0.4878048780487805,0.38131572446671574,0.5085027533118189,0.5834645802638486,0.615530303030303
1317,0.4153846153846154,0.2424242424242424,0.21875,0.08247422680412371,0.2923076923076923,0.16161616161616163,0.1342643159926102,0.03222369283141133,0.332432345979144,0.12175696736340302
1318,0.39560439560439564,0.3380281690140845,0.20224719101123598,0.11594202898550723,0.32967032967032966,0.3098591549295775,0.038078550433225805,0.018779545377349688,0.3101965601965602,0.19028132992327368
1319,0.2692307692307692,0.3333333333333333,0.11764705882352941,0.10526315789473685,0.1730769230769231,0.23076923076923075,0.03172217635982493,0.023450731334361437,0.2867798353909465,0.18492088465342083
1320,0.4691358024691358,0.5230769230769231,0.3291139240506329,0.19047619047619047,0.3950617283950617,0.2769230769230769,0.15869565219458825,0.09813911603887936,0.3811965811965811,0.3227141448295295
1321,0.4782608695652174,0.4999999999999999,0.26666666666666666,0.22857142857142856,0.3913043478260869,0.2777777777777778,0.16029848655649756,0.10433369402296298,0.42592592592592593,0.36651450957381626
1322,0.2884615384615385,0.198019801980198,0.0784313725490196,0.06060606060606061,0.11538461538461539,0.13861386138613863,0.05444801937451225,0.023525337062551346,0.16790816326530608,0.1607163643015115
1323,0.5263157894736842,0.45,0.30666666666666664,0.2033898305084746,0.32894736842105265,0.3333333333333333,0.2171149761633787,0.10071183337847946,0.4665767386091127,0.3281450151057402
1324,0.5048543689320388,0.4772727272727273,0.2376237623762376,0.1627906976744186,0.4077669902912621,0.34090909090909094,0.11129926363619369,0.024838428095098078,0.3497383396722812,0.24885223131149858
1325,0.4029850746268656,0.5423728813559323,0.24242424242424246,0.32758620689655166,0.35820895522388063,0.423728813559322,0.1792082324425783,0.2254043207947366,0.33833639275816146,0.44240433269396007
1326,0.3564356435643564,0.35294117647058826,0.16161616161616163,0.21212121212121215,0.21782178217821785,0.23529411764705882,0.07839621745254671,0.12404468350057724,0.2818181818181818,0.2888008560435308
1327,0.38636363636363635,0.4594594594594595,0.20930232558139533,0.2777777777777778,0.2272727272727273,0.2972972972972973,0.03162593967015063,0.04459042311322954,0.2776119402985075,0.33017513637668683
1328,0.4761904761904762,0.3220338983050847,0.20967741935483872,0.034482758620689655,0.34920634920634924,0.20338983050847462,0.1403020140901537,0.009900922463019556,0.3790140819401244,0.1807950949367089
1329,0.36111111111111105,0.47619047619047616,0.2,0.22950819672131145,0.25,0.253968253968254,0.11652195488739232,0.05241356370181463,0.3458906221098711,0.346583850931677
1330,0.3209876543209877,0.3333333333333334,0.12658227848101267,0.10526315789473682,0.1728395061728395,0.1794871794871795,0.013712360858743172,0.012740800388556581,0.3331163194444444,0.29523809523809524
1331,0.6792452830188679,0.4631578947368421,0.5192307692307692,0.3655913978494624,0.5471698113207547,0.4421052631578947,0.30914517245113,0.197039480764907,0.48959704767604223,0.30237226277372264
1332,0.4155844155844156,0.5230769230769231,0.08,0.126984126984127,0.2597402597402597,0.3384615384615384,0.020501078627328556,0.023624758821891127,0.2465989535241613,0.3170710128971375
1333,0.39999999999999997,0.39999999999999997,0.17948717948717946,0.1764705882352941,0.25,0.34285714285714286,0.017839797286123647,0.02009061720672287,0.241317320416469,0.16574182242990654
1334,0.44799999999999995,0.25742574257425743,0.16260162601626016,0.04040404040404041,0.32000000000000006,0.15841584158415842,0.05573104658939866,0.010415295883680453,0.2855266100178891,0.09345794392523364
1335,0.3809523809523809,0.4444444444444445,0.19512195121951217,0.22857142857142856,0.3333333333333333,0.3888888888888889,0.1431983145394352,0.14487574740276635,0.34395886889460153,0.3220240350782222
1336,0.34074074074074073,0.22222222222222224,0.16541353383458648,0.03225806451612903,0.26666666666666666,0.12698412698412698,0.060115834920636775,0.009715634675637531,0.285271546635183,0.1650661234519999
1337,0.1846153846153846,0.2903225806451613,0.06349206349206349,0.1,0.12307692307692307,0.25806451612903225,0.00670929504614591,0.016339463529248827,0.07575757575757576,0.18588830881189689
1338,0.3114754098360656,0.297029702970297,0.11666666666666667,0.12121212121212122,0.26229508196721313,0.23762376237623764,0.06521994679893621,0.02753677584288249,0.20252223397866684,0.181275074132217
1339,0.3673469387755102,0.41025641025641024,0.08333333333333333,0.15789473684210528,0.2040816326530612,0.28205128205128205,0.029909967069885617,0.03031873492989327,0.20149379694488986,0.15923566878980894
1340,0.5443037974683544,0.4473684210526315,0.21794871794871795,0.22666666666666668,0.3037974683544304,0.23684210526315788,0.024078066674709183,0.026038839653406996,0.20017453457446807,0.18776547179548253
1341,0.42000000000000004,0.3636363636363637,0.1020408163265306,0.13333333333333333,0.27999999999999997,0.31168831168831174,0.035721882074539614,0.026640259012000834,0.24390581717451523,0.22637150869044237
1342,0.5813953488372093,0.5142857142857143,0.26190476190476186,0.2941176470588235,0.32558139534883723,0.39999999999999997,0.09507462589472464,0.17629576750373827,0.3976728148303996,0.3817098599940423
1343,0.631578947368421,0.5655172413793104,0.38666666666666666,0.3916083916083916,0.5,0.2896551724137931,0.2350458536586765,0.1656563724156559,0.5357081279786592,0.3139374105418213
1344,0.35443037974683544,0.3076923076923077,0.15584415584415584,0.06349206349206349,0.22784810126582278,0.24615384615384614,0.038489116364924886,0.013941278764194863,0.2670590457006169,0.14778645833333331
1345,0.432,0.42718446601941745,0.14634146341463414,0.17821782178217824,0.288,0.33009708737864074,0.03472561450258812,0.08583239410737492,0.27509156927506784,0.21677845824827446
1346,0.328125,0.36363636363636365,0.09523809523809525,0.18556701030927833,0.1875,0.20202020202020202,0.026877556968404288,0.12709743474235632,0.23955660141376145,0.27896964531313556
1347,0.617283950617284,0.5142857142857143,0.43037974683544306,0.3235294117647059,0.5925925925925926,0.4857142857142857,0.31739130438917657,0.2714872600627347,0.5842717717717718,0.42220683287165284
1348,0.36065573770491804,0.5148514851485149,0.11666666666666667,0.2626262626262626,0.19672131147540983,0.3762376237623762,0.025352767917331744,0.035269146383799944,0.19524617996604413,0.3500003339857188
1349,0.5154639175257733,0.4444444444444445,0.2526315789473684,0.12658227848101264,0.41237113402061853,0.34567901234567905,0.08070632004040003,0.018172740191599458,0.39453125,0.26144128624748775
1350,0.35185185185185186,0.4470588235294118,0.11320754716981131,0.16867469879518074,0.18518518518518517,0.30588235294117644,0.01672191755429846,0.1087893137390277,0.237972274072052,0.271075114064366
1351,0.4166666666666667,0.2553191489361702,0.23404255319148934,0.10869565217391304,0.3333333333333333,0.23404255319148934,0.11722968822001953,0.0699584278264471,0.4123272276979679,0.20747021573467855
1352,0.4380952380952381,0.2388059701492537,0.1747572815533981,0.061538461538461535,0.28571428571428575,0.1791044776119403,0.03651430531760134,0.00841383445128956,0.3555585457323426,0.12146832191780821
1353,0.5217391304347826,0.5866666666666668,0.3111111111111111,0.410958904109589,0.4565217391304348,0.4,0.0812414600093205,0.05613398971333379,0.5243362689740675,0.45634920634920634
1354,0.5736434108527132,0.6575342465753424,0.1889763779527559,0.3194444444444444,0.4031007751937984,0.5205479452054794,0.03219545534678165,0.15049577919069979,0.2921802212732919,0.5206290506340936
1355,0.654320987654321,0.6845637583892618,0.4375,0.4761904761904762,0.5802469135802468,0.5906040268456376,0.25600850729662333,0.25112457361969637,0.4648603184327813,0.42352481438061745
1356,0.5714285714285715,0.689075630252101,0.3709677419354839,0.5470085470085471,0.3968253968253968,0.6386554621848739,0.24248775482126259,0.4319064254910825,0.44792564913289257,0.5579338279471059
1357,0.4347826086956521,0.4112149532710281,0.1415929203539823,0.09523809523809525,0.2956521739130435,0.2803738317757009,0.015840077287087074,0.01672191755429846,0.27095583996310385,0.2548158662733114
1358,0.4689655172413793,0.46478873239436624,0.2237762237762238,0.18571428571428572,0.23448275862068965,0.295774647887324,0.06257914245277484,0.060713158208335914,0.21532376248371693,0.26569420605482863
1359,0.28099173553719003,0.3584905660377358,0.05042016806722689,0.1346153846153846,0.1322314049586777,0.20754716981132076,0.02211089376457235,0.0568257470496497,0.15989507757562227,0.21143250688705234
1360,0.6753246753246753,0.5671641791044777,0.4,0.36923076923076925,0.6233766233766235,0.537313432835821,0.17585745851234216,0.21505750162756015,0.5603885747426418,0.4390413215361446
1361,0.5494505494505495,0.2972972972972973,0.4269662921348315,0.16666666666666669,0.4615384615384615,0.2162162162162162,0.2412344847721035,0.08667842943607579,0.5570570570570571,0.2863296888535107
1362,0.434108527131783,0.42477876106194695,0.2204724409448819,0.2882882882882883,0.2945736434108527,0.3185840707964602,0.08378587484741765,0.07333645140958131,0.2657419324085991,0.2429583956964057
1363,0.4628099173553719,0.3185840707964602,0.2521008403361345,0.10810810810810811,0.18181818181818182,0.1592920353982301,0.02595067982421506,0.012954837441277109,0.22843588087003897,0.11841196281051204
1364,0.5,0.5945945945945946,0.30158730158730157,0.42201834862385323,0.43749999999999994,0.5585585585585585,0.16264901612926946,0.22177234154657438,0.5103146156909598,0.5208333333333334
1365,0.49019607843137253,0.3855421686746988,0.24000000000000002,0.09876543209876543,0.3137254901960784,0.16867469879518074,0.12078973219003189,0.017839797286123647,0.4541537738435628,0.27623762376237626
1366,0.5918367346938775,0.6585365853658537,0.41666666666666663,0.525,0.5714285714285714,0.4390243902439024,0.24515828339382295,0.3134923213309429,0.5690987951807228,0.48153993106026005
1367,0.45045045045045046,0.4489795918367347,0.12844036697247707,0.12499999999999997,0.2882882882882883,0.26530612244897955,0.016241183607309414,0.015620646890293662,0.23349689148519448,0.22051211119074865
1368,0.40366972477064217,0.7605633802816902,0.2616822429906542,0.49275362318840576,0.29357798165137616,0.732394366197183,0.09694855795171693,0.15810579982798617,0.37080121576737485,0.5968360245429871
1369,0.2857142857142857,0.2564102564102564,0.08988764044943821,0.02631578947368421,0.15384615384615385,0.20512820512820512,0.028747856009761333,0.013529171154975211,0.23477021185271485,0.13333333333333333
1370,0.6153846153846154,0.6153846153846154,0.4269662921348315,0.4269662921348315,0.5714285714285715,0.5714285714285715,0.2883662106437376,0.2883662106437376,0.47399533799533794,0.47399533799533794
1371,0.396039603960396,0.41860465116279066,0.12121212121212122,0.16666666666666666,0.27722772277227725,0.2790697674418605,0.061757589330063124,0.05454533420358971,0.22944934748519372,0.19570169782935742
1372,0.492063492063492,0.6153846153846155,0.32258064516129026,0.449438202247191,0.380952380952381,0.5274725274725274,0.1981919948049493,0.2714109542853276,0.4803959942338352,0.5051822860042039
1373,0.5913043478260871,0.4901960784313726,0.47787610619469023,0.42,0.5391304347826087,0.4705882352941177,0.2815255345652538,0.19443981637550892,0.40403675440962994,0.3393729286586429
1374,0.4657534246575342,0.4074074074074074,0.20833333333333331,0.16981132075471697,0.39726027397260283,0.3148148148148148,0.032840383250396885,0.03891140351550604,0.42025010731531326,0.2832478632478633
1375,0.6870229007633587,0.411764705882353,0.6046511627906976,0.26,0.6717557251908397,0.35294117647058826,0.5314964934901882,0.1505972444158109,0.6300705572939593,0.2872785829307568
1376,0.6486486486486487,0.9589041095890412,0.5871559633027523,0.9295774647887323,0.6306306306306306,0.9589041095890412,0.346867047212117,0.7268038003976979,0.7323691220034352,0.8399081670514512
1377,0.36585365853658536,0.46875,0.15,0.2903225806451613,0.24390243902439027,0.46875,0.021026698141176792,0.10149203586297474,0.30353913717385694,0.3570569641998213
1378,0.2826086956521739,0.31249999999999994,0.13333333333333333,0.1276595744680851,0.21739130434782608,0.20833333333333331,0.11925613348977909,0.10678967780724383,0.24463631606488748,0.2784591126100478
1379,0.4472049689440994,0.49586776859504134,0.16352201257861637,0.23529411764705882,0.2608695652173913,0.31404958677685957,0.0909749111125154,0.14238808426166286,0.3790393013100436,0.3439137134052388
1380,0.5692307692307693,0.6545454545454547,0.359375,0.37037037037037035,0.4,0.45454545454545453,0.1714313779251269,0.14468740946600844,0.42501832988090915,0.45923217067567923
1381,0.4833333333333333,0.5252525252525252,0.22033898305084745,0.2680412371134021,0.23333333333333334,0.2626262626262626,0.039505535855289785,0.13464745420082333,0.45501245765796033,0.39306922276688677
1382,0.4426229508196721,0.4507042253521127,0.21666666666666667,0.2318840579710145,0.1967213114754098,0.22535211267605634,0.06036455905306804,0.030683622828693982,0.4426386554621849,0.27024016707274623
1383,0.505050505050505,0.5542168674698795,0.26804123711340205,0.29629629629629634,0.3232323232323232,0.3614457831325302,0.12487443097651738,0.1622937173178542,0.2930296354794464,0.3881222170244469
1384,0.4806201550387597,0.4842105263157895,0.2204724409448819,0.30107526881720426,0.2945736434108527,0.3157894736842105,0.06734428210674351,0.0966680616500262,0.322624650433122,0.3383088235294118
1385,0.6666666666666666,0.49411764705882355,0.39175257731958757,0.24096385542168675,0.48484848484848486,0.2588235294117647,0.2368705220168417,0.18373418218714552,0.5237888888888889,0.32676204209674153
1386,0.39603960396039606,0.22857142857142854,0.08080808080808081,0.02941176470588235,0.27722772277227714,0.1714285714285714,0.02613937103443112,0.003985048820845554,0.20149379694488986,0.06479481641468682
1387,0.5454545454545455,0.3589743589743589,0.3023255813953488,0.18421052631578946,0.5,0.30769230769230765,0.1314770573188977,0.039440181312615626,0.46667036379769294,0.22094044718479106
1388,0.5918367346938775,0.5283018867924528,0.4375,0.3846153846153846,0.4489795918367347,0.4716981132075472,0.3038149727498819,0.32177541985105507,0.4435572519083969,0.47021677714997556
1389,0.3564356435643564,0.4883720930232558,0.18181818181818182,0.2619047619047619,0.27722772277227725,0.16279069767441862,0.02875384775586596,0.10022838135213871,0.29811667045521517,0.3348459750274921
1390,0.568421052631579,0.6024096385542169,0.34408602150537637,0.41975308641975306,0.4631578947368421,0.5301204819277109,0.2104697094604616,0.33042832739684475,0.5079114581170315,0.46224519092736144
1391,0.5490196078431373,0.5783132530120482,0.33999999999999997,0.3950617283950617,0.23529411764705882,0.26506024096385544,0.2096416990512666,0.25183286210595823,0.6051208156035093,0.46943172757326257
1392,0.2272727272727273,0.30769230769230765,0.023255813953488372,0.05263157894736842,0.13636363636363638,0.1794871794871795,0.010831815605992019,0.013469438256331312,0.1317559991029379,0.1785112359550562
1393,0.4380952380952381,0.4629629629629629,0.23300970873786406,0.2641509433962264,0.2285714285714286,0.2962962962962963,0.044954227461185874,0.09029182542162921,0.351915356306457,0.3561652274013529
1394,0.5161290322580645,0.4444444444444444,0.2857142857142857,0.1772151898734177,0.4516129032258065,0.29629629629629634,0.21651355945460526,0.14925845270770738,0.5122761979989466,0.35672892800752515
1395,0.6037735849056604,0.5686274509803922,0.4615384615384615,0.44,0.4528301886792453,0.29411764705882354,0.35749726831500617,0.3651566521479588,0.5811337868480726,0.5452674897119342
1396,0.345679012345679,0.37333333333333335,0.12658227848101267,0.13698630136986303,0.271604938271605,0.24,0.042800572429218295,0.04028679594173498,0.27212520645916516,0.2766231437560109
1397,0.7307692307692308,0.7878787878787878,0.6470588235294118,0.7216494845360826,0.7115384615384616,0.7272727272727272,0.4896186054928433,0.5261051794878072,0.6446371029614852,0.6770759986856312
1398,0.4318181818181818,0.33663366336633666,0.1627906976744186,0.0808080808080808,0.29545454545454547,0.1386138613861386,0.042700065062422014,0.025434361273615813,0.4042405846643485,0.33930493413152346
1399,0.3516483516483517,0.4,0.11235955056179776,0.11363636363636363,0.26373626373626374,0.33333333333333337,0.026272853013497,0.01594510639947131,0.23255978291593643,0.2826194909993793
1400,0.6233766233766235,0.5070422535211268,0.4,0.2898550724637681,0.5194805194805194,0.36619718309859156,0.30036539562611353,0.19631974133686445,0.6130684838818811,0.35162115240240244
1401,0.2777777777777778,0.16438356164383564,0.0857142857142857,0.08450704225352113,0.16666666666666666,0.16438356164383564,0.013365863767826365,0.009288980743104617,0.20983890394459498,0.13515151515151516
1402,0.4,0.46913580246913583,0.15053763440860216,0.1772151898734177,0.29473684210526313,0.34567901234567905,0.030526992108938653,0.03382224203513801,0.25024438686052103,0.27034750800182905
1403,0.4444444444444445,0.6153846153846154,0.18181818181818185,0.3492063492063492,0.22222222222222224,0.39999999999999997,0.07746741482791356,0.11933711362773998,0.34705390120036933,0.36868608764570565
1404,0.3043478260869565,0.4117647058823529,0.06666666666666667,0.12121212121212122,0.17391304347826086,0.29411764705882354,0.012390516746181544,0.01679875751107748,0.2571537998577447,0.1585014409221902
1405,0.5714285714285714,0.5797101449275361,0.4044943820224719,0.4776119402985075,0.46153846153846156,0.5797101449275361,0.21366669129236396,0.3013155629479952,0.4380987088713037,0.41764410187667556
1406,0.4285714285714286,0.3255813953488372,0.2708333333333333,0.14285714285714288,0.32653061224489793,0.18604651162790697,0.18962033979726695,0.033131004309500604,0.386223454899201,0.2523972166829309
1407,0.14285714285714282,0.17241379310344826,0.0625,0.07142857142857142,0.14285714285714282,0.17241379310344826,0.017960717101714468,0.013500361617825389,0.14438166980539863,0.10051751592356688
1408,0.5174825174825175,0.34782608695652173,0.25531914893617025,0.08888888888888889,0.30769230769230765,0.19565217391304346,0.13581161404127418,0.011408776642571127,0.5395668892936654,0.1621132411004435
1409,0.4583333333333333,0.6363636363636364,0.3404255319148936,0.5,0.3541666666666667,0.6363636363636364,0.18255004379342551,0.36950322932420193,0.5456349206349206,0.5640129682997117
1410,0.3424657534246575,0.3669724770642202,0.11111111111111113,0.07476635514018691,0.2328767123287671,0.1834862385321101,0.060441327846940396,0.01444827556737232,0.3463687150837989,0.26600538535118134
1411,0.5942028985507246,0.3586206896551724,0.39705882352941174,0.11188811188811189,0.40579710144927533,0.20689655172413793,0.29767727602149424,0.010533758879241278,0.4511374685620854,0.17039684357457402
1412,0.36,0.2988505747126437,0.12244897959183673,0.11764705882352941,0.18,0.2528735632183908,0.02875384775586596,0.029870113594212773,0.3005952380952382,0.2309451219512195
1413,0.6896551724137931,0.6410256410256411,0.3999999999999999,0.2894736842105263,0.45977011494252873,0.4358974358974359,0.22531488445434053,0.06628413779498488,0.5380185185185186,0.4833201996322564
1414,0.43333333333333335,0.39999999999999997,0.2711864406779661,0.21359223300970875,0.36666666666666664,0.2095238095238095,0.16524708601735577,0.17670213919348646,0.41372912801484235,0.3283646154446481
1415,0.19801980198019803,0.07766990291262135,0.08080808080808081,0.019801980198019802,0.15841584158415842,0.07766990291262135,0.02092244995728608,0.007043825775563812,0.13201767990074445,0.04914004914004914
1416,0.5263157894736842,0.43999999999999995,0.23655913978494622,0.24489795918367346,0.27368421052631575,0.25999999999999995,0.1390200622107303,0.13302118260421175,0.391772842056933,0.3791762013729977
1417,0.4827586206896552,0.404040404040404,0.22807017543859648,0.20618556701030927,0.27586206896551724,0.26262626262626265,0.12285901990402258,0.06371086024044843,0.26532730015082956,0.1733058952481248
1418,0.49438202247191015,0.5569620253164557,0.25287356321839083,0.28571428571428575,0.35955056179775285,0.3037974683544304,0.14169990834373283,0.16871838589669064,0.4071162325968206,0.46667036379769294
1419,0.2653061224489796,0.4406779661016949,0.10416666666666666,0.17241379310344826,0.2040816326530612,0.2542372881355932,0.02375270498136638,0.03661160181898717,0.1450302343159486,0.3214629324546952
1420,0.12244897959183673,0.20930232558139536,0.0,0.023809523809523808,0.061224489795918366,0.11627906976744186,0.0045322114624299645,0.01182847553469211,0.07352941176470588,0.11363636363636363
1421,0.5894736842105264,0.5625,0.2795698924731183,0.21276595744680854,0.4210526315789474,0.37500000000000006,0.13792125616909445,0.05030236817884693,0.4812691548001196,0.42534095829123975
1422,0.5217391304347826,0.42553191489361697,0.32352941176470584,0.2391304347826087,0.4347826086956522,0.2978723404255319,0.15729836315458365,0.12633087750807256,0.45198512748166636,0.30610010180647296
1423,0.4838709677419355,0.3448275862068966,0.26229508196721313,0.08771929824561403,0.2580645161290323,0.22413793103448276,0.12320478285347897,0.03187358531555866,0.32026002647894597,0.1672264827695539
1424,0.29032258064516137,0.3252032520325204,0.0819672131147541,0.09917355371900827,0.24193548387096775,0.2601626016260163,0.06931048888558812,0.08715332575240606,0.17912595622207073,0.21971602399605727
1425,0.48648648648648646,0.547945205479452,0.25688073394495414,0.25352112676056343,0.4144144144144144,0.4383561643835617,0.13072277950874633,0.12077172568880266,0.4848954067704067,0.3993812998345118
1426,0.6126126126126127,0.6506024096385542,0.2752293577981651,0.345679012345679,0.4144144144144145,0.2891566265060241,0.20906698157896633,0.22110594133024972,0.47350508607276887,0.44063286004056795
1427,0.456140350877193,0.4271844660194175,0.25,0.23762376237623764,0.4035087719298246,0.3883495145631068,0.15026504663225781,0.12738851004190327,0.2215732946298984,0.22029920529316258
1428,0.3953488372093023,0.39436619718309857,0.21428571428571427,0.14492753623188406,0.3023255813953488,0.3098591549295775,0.04084684128649013,0.021085288029061556,0.33159618551291103,0.21941752699812533
1429,0.4827586206896552,0.463768115942029,0.21176470588235297,0.2686567164179105,0.3218390804597701,0.43478260869565216,0.04039670965068311,0.051615207484217024,0.42596401028277636,0.36064690026954177
1430,0.4297520661157025,0.39669421487603307,0.21848739495798322,0.18487394957983194,0.2644628099173553,0.21487603305785125,0.02615995965788245,0.019545045153269783,0.1859253875968992,0.16245851024715052
1431,0.4831460674157303,0.3555555555555555,0.23863636363636362,0.16541353383458646,0.348314606741573,0.2814814814814815,0.1600036242650099,0.058460437060653035,0.3552290312699765,0.15398094518593133
1432,0.4793388429752066,0.4042553191489362,0.21848739495798317,0.2608695652173913,0.2644628099173554,0.3191489361702127,0.04959524706384773,0.06765123499705161,0.30088720739855745,0.17943718381112983
1433,0.5190839694656488,0.5299145299145299,0.2790697674418604,0.27826086956521745,0.42748091603053434,0.4786324786324786,0.20901994144130426,0.19052126155200266,0.4431816671981293,0.43342811352944216
1434,0.5054945054945056,0.5897435897435898,0.29213483146067415,0.3157894736842105,0.41758241758241754,0.4615384615384615,0.12568995875621444,0.07117262757684695,0.5311614730878187,0.48105909030278776
1435,0.45197740112994345,0.45962732919254656,0.16,0.18867924528301885,0.3050847457627119,0.2236024844720497,0.07727868601922015,0.04567043092513711,0.23383669027844056,0.22784322531295237
1436,0.44285714285714284,0.5225225225225225,0.18840579710144928,0.2201834862385321,0.2285714285714286,0.2882882882882883,0.05883499089829052,0.035891365148412596,0.24183035479522957,0.1955912334352701
1437,0.3008849557522123,0.34782608695652173,0.07207207207207207,0.11111111111111112,0.23008849557522126,0.2391304347826087,0.052662195284881703,0.024423337207484963,0.1812712947189097,0.17546008512723155
1438,0.5060240963855422,0.5277777777777778,0.24691358024691357,0.37142857142857144,0.3614457831325302,0.4166666666666667,0.16264665723528932,0.23904763141462718,0.4194936708860759,0.3794692961359628
1439,0.4545454545454546,0.4390243902439024,0.18518518518518515,0.225,0.29090909090909084,0.3902439024390244,0.08298628794036682,0.13428609606373534,0.3544423440453686,0.3305332104351712
1440,0.5148514851485149,0.6019417475728156,0.22222222222222224,0.297029702970297,0.31683168316831684,0.4077669902912622,0.0854770887873665,0.04262453246791503,0.3486792059285433,0.35926501766784447
1441,0.5471698113207547,0.4848484848484848,0.42307692307692313,0.24742268041237114,0.41509433962264153,0.36363636363636365,0.2938998856627572,0.14539994826054725,0.530235604890101,0.36041774931688264
1442,0.5882352941176471,0.49382716049382713,0.36,0.3291139240506329,0.35294117647058826,0.4197530864197531,0.1841905603237335,0.168470269453047,0.4381088996473612,0.38507071001603727
1443,0.31683168316831684,0.3835616438356164,0.101010101010101,0.14084507042253522,0.198019801980198,0.16438356164383564,0.0140683665619785,0.024632586550922292,0.24982167352537726,0.3380364491475603
1444,0.5346534653465347,0.6990291262135924,0.1818181818181818,0.41584158415841577,0.29702970297029707,0.5825242718446602,0.10852908114024323,0.27021252865807643,0.24133820500521966,0.4884623448832839
1445,0.6111111111111113,0.44036697247706424,0.28169014084507044,0.14953271028037382,0.4305555555555555,0.27522935779816515,0.22540113335589268,0.06277195926461045,0.5005280761853006,0.19736352252343722
1446,0.40816326530612246,0.5301204819277109,0.16666666666666666,0.32098765432098764,0.30612244897959184,0.43373493975903615,0.037543885138076306,0.2127985547960002,0.320178111599765,0.4711055276381909
1447,0.42553191489361697,0.42696629213483145,0.15217391304347824,0.1149425287356322,0.2340425531914894,0.20224719101123595,0.03093900910018495,0.016550409887537212,0.25427576013513514,0.2907274590163934
1448,0.5076923076923077,0.6133333333333334,0.328125,0.4383561643835616,0.26153846153846155,0.5066666666666666,0.16932935435584695,0.21087011770505304,0.39734632584808666,0.3518046709129512
1449,0.38461538461538464,0.4931506849315069,0.13725490196078433,0.22535211267605634,0.28846153846153844,0.3561643835616438,0.08720821348224495,0.04747431561676956,0.3830447089062011,0.35379749047569115
1450,0.5309734513274337,0.5794392523364487,0.37837837837837834,0.43809523809523815,0.47787610619469023,0.5420560747663552,0.28663749098064534,0.36160102689992085,0.46712442064795784,0.5324632062071741
1451,0.4672897196261683,0.4578313253012048,0.1714285714285714,0.19753086419753083,0.31775700934579443,0.2891566265060241,0.08391120096229988,0.11282878483968255,0.36894241597159916,0.3400577821077032
1452,0.5420560747663552,0.4536082474226804,0.380952380952381,0.27368421052631575,0.48598130841121495,0.35051546391752575,0.22111717237513642,0.19147639886831025,0.4846123345330324,0.37006215228473666
1453,0.5494505494505495,0.4,0.3146067415730337,0.21686746987951808,0.3956043956043956,0.2823529411764706,0.14658698509712184,0.07732307904627223,0.44566782207887695,0.2937560065577478
1454,0.5631067961165048,0.4897959183673469,0.297029702970297,0.22916666666666666,0.38834951456310685,0.2857142857142857,0.20959208826503703,0.16587538912134972,0.4522263450834879,0.3925598584181276
1455,0.44660194174757284,0.42718446601941745,0.29702970297029707,0.2772277227722772,0.3106796116504854,0.3106796116504854,0.09857802458552503,0.09235384977428106,0.47117505412897864,0.4163092917478882
1456,0.47619047619047616,0.4852941176470588,0.20689655172413793,0.22388059701492538,0.28571428571428564,0.3088235294117647,0.12023008240581906,0.09766526250270777,0.2854489664082687,0.24313725490196078
1457,0.45833333333333337,0.33766233766233766,0.0851063829787234,0.16,0.25,0.28571428571428575,0.0349647273735369,0.0903286502020307,0.2971540676195572,0.18300635648485014
1458,0.9500000000000001,0.8247422680412371,0.9491525423728813,0.8210526315789474,0.9500000000000001,0.8247422680412371,0.7704516678746391,0.5787203466675028,0.8797247355515927,0.6553624767106001
1459,0.29508196721311475,0.3461538461538462,0.08333333333333333,0.0784313725490196,0.180327868852459,0.23076923076923078,0.04964646387116197,0.0626728783211231,0.19324551285942654,0.2573775989268947
1460,0.41237113402061853,0.5063291139240507,0.14736842105263157,0.2077922077922078,0.288659793814433,0.32911392405063294,0.03712045520336763,0.04577137353505267,0.3359803506675628,0.36615458399084133
1461,0.5593220338983051,0.6818181818181818,0.4482758620689656,0.4418604651162791,0.4915254237288136,0.5454545454545454,0.2993539381636555,0.28976604347928686,0.5792525773195876,0.5590601159964383
1462,0.47916666666666674,0.5373134328358209,0.23404255319148934,0.24615384615384617,0.4375,0.5074626865671642,0.10271826419217489,0.04421681642043913,0.42195855614973254,0.36823567082933073
1463,0.5306122448979591,0.5853658536585366,0.22916666666666666,0.225,0.3673469387755102,0.31707317073170727,0.03978078222155478,0.041496064760939255,0.40551391862955033,0.26334890100263797
1464,0.25,0.5660377358490565,0.059701492537313425,0.23076923076923075,0.14705882352941177,0.39622641509433965,0.01502881187478481,0.1330216051331134,0.1284403669724771,0.4290048543689321
1465,0.47328244274809156,0.47328244274809156,0.21705426356589147,0.21705426356589147,0.27480916030534347,0.24427480916030533,0.1057366609724554,0.14042824629635928,0.32351205530264704,0.33869499241274653
1466,0.3902439024390244,0.4081632653061224,0.21487603305785125,0.14583333333333331,0.22764227642276422,0.22448979591836732,0.1202101064543652,0.02112293285910643,0.27850462447213653,0.22238177865533812
1467,0.6666666666666666,0.3826086956521739,0.3007518796992481,0.05309734513274336,0.3851851851851852,0.22608695652173913,0.2109842286011154,0.008618584046531154,0.44896870554765295,0.15328467153284672
1468,0.43750000000000006,0.24742268041237114,0.06349206349206349,0.0,0.15625,0.12371134020618557,0.009859628985667316,0.0030668314277396383,0.2238475073313783,0.06901840490797546
1469,0.3898305084745763,0.48837209302325585,0.15517241379310343,0.23809523809523808,0.2033898305084746,0.34883720930232553,0.08010123465547879,0.14265534393462564,0.33055833548553726,0.3992768595041323
1470,0.3783783783783784,0.29473684210526313,0.12844036697247707,0.04301075268817204,0.2162162162162162,0.18947368421052632,0.09827170434834215,0.019257171110213564,0.30848255280073456,0.161823753169907
1471,0.6776859504132232,0.6105263157894737,0.5210084033613446,0.3655913978494624,0.5950413223140495,0.4631578947368421,0.3490299094135548,0.23222954336147783,0.6237773377698113,0.43027924528301886
1472,0.5675675675675675,0.47058823529411764,0.3150684931506849,0.16417910447761194,0.4054054054054054,0.2647058823529412,0.15017237887090712,0.0999786321092041,0.49998177576906255,0.3290514957283641
1473,0.40740740740740744,0.46017699115044247,0.2830188679245283,0.3063063063063063,0.3888888888888889,0.44247787610619477,0.11668964785464547,0.12303602287043074,0.4416661755171804,0.49845068917619406
1474,0.43636363636363634,0.62,0.20370370370370372,0.346938775510204,0.2545454545454546,0.32,0.03462404899369663,0.2616446887518218,0.34968154497643605,0.5988170217427023
1475,0.8421052631578948,0.8541666666666667,0.7526881720430109,0.7872340425531914,0.8421052631578948,0.8541666666666667,0.5389861194387119,0.5774243630491692,0.8136215301098306,0.8379269514246142
1476,0.4918032786885245,0.5434782608695652,0.18333333333333332,0.31111111111111117,0.29508196721311475,0.2608695652173913,0.07333294653161439,0.1426043735811811,0.29045830202854983,0.31333350709376984
1477,0.34285714285714286,0.39080459770114945,0.05825242718446602,0.16470588235294117,0.17142857142857143,0.25287356321839083,0.01476454792072095,0.026442154626526576,0.1692122864208633,0.2078212290502793
1478,0.41791044776119407,0.5154639175257731,0.13636363636363635,0.29473684210526313,0.25373134328358204,0.30927835051546393,0.013647193793775492,0.022791210791034903,0.1791277258566978,0.27210894946481357
1479,0.5208333333333334,0.47191011235955055,0.2127659574468085,0.13793103448275862,0.22916666666666666,0.2247191011235955,0.0834955265988443,0.013169930987850766,0.37379411764705883,0.26676880380899326
1480,0.5490196078431372,0.4705882352941176,0.27999999999999997,0.21686746987951808,0.33333333333333337,0.2588235294117647,0.14920861890960652,0.032466244756693824,0.3861602125456468,0.2945477399442454
1481,0.36879432624113473,0.46511627906976744,0.043165467625899276,0.14173228346456693,0.2127659574468085,0.34108527131782945,0.011212751855028638,0.03180513527069241,0.21063272814350398,0.30644845797744014
1482,0.27999999999999997,0.36111111111111105,0.1020408163265306,0.14285714285714285,0.16,0.16666666666666669,0.02780980746850166,0.03651910871549981,0.2613922281241263,0.22048978534099253
1483,0.6213592233009709,0.6829268292682927,0.39603960396039606,0.42500000000000004,0.4466019417475728,0.3658536585365854,0.13716192197719612,0.19306428354899266,0.4856214796855212,0.46943172757326257
1484,0.44808743169398907,0.4191616766467066,0.09944751381215469,0.07272727272727272,0.21857923497267756,0.20359281437125748,0.02021821887260259,0.017950979392907768,0.22672926825991752,0.1932847539451827
1485,0.6407766990291263,0.8048780487804876,0.4752475247524752,0.55,0.2912621359223301,0.3170731707317073,0.28322401870274566,0.32469540197554586,0.5928343240966112,0.5933938746438747
1486,0.43859649122807015,0.36170212765957444,0.19642857142857142,0.17391304347826086,0.3157894736842105,0.25531914893617025,0.11074285857475828,0.08015845103769191,0.29465996649916254,0.18473307291666669
1487,0.6,0.6933333333333334,0.42857142857142855,0.4931506849315069,0.4,0.48,0.20694625656144774,0.32905415863511783,0.5857594373219374,0.5818719344218236
1488,0.4197530864197531,0.5384615384615384,0.17721518987341772,0.3684210526315789,0.2962962962962963,0.38461538461538464,0.08911703343001871,0.23751179252533122,0.39792847025495753,0.5357142857142858
1489,0.4742268041237113,0.5128205128205128,0.18947368421052632,0.2368421052631579,0.2268041237113402,0.2564102564102564,0.03364699525779844,0.045739385800652635,0.502854415274463,0.38333333333333336
1490,0.5679012345679013,0.5483870967741935,0.2531645569620254,0.33333333333333337,0.37037037037037035,0.41935483870967744,0.037538292277644554,0.02884125080129244,0.3923824130879346,0.2932728212787959
1491,0.4657534246575343,0.5373134328358209,0.2535211267605634,0.2769230769230769,0.35616438356164387,0.38805970149253727,0.04200222708480124,0.047029525730548034,0.3256214794676333,0.36826367652055725
1492,0.33999999999999997,0.39999999999999997,0.1020408163265306,0.14705882352941174,0.22000000000000003,0.31428571428571433,0.053780310963777084,0.08607067392192204,0.33330344064807343,0.31533262655711636
1493,0.40384615384615385,0.6842105263157895,0.17647058823529413,0.37837837837837834,0.28846153846153844,0.5,0.04087331787633525,0.20220429578874005,0.3844961240310078,0.5886151426622297
1494,0.5481481481481482,0.5344827586206897,0.19548872180451127,0.21052631578947367,0.2222222222222222,0.27586206896551724,0.08873008162563228,0.12536766979364217,0.3813815052659404,0.358949831010789
1495,0.5471698113207547,0.5128205128205129,0.2380952380952381,0.21761658031088082,0.35849056603773594,0.3282051282051282,0.1071934920453869,0.08995357642186794,0.3340913382852826,0.3129831326588771
1496,0.5148514851485149,0.5128205128205128,0.18181818181818185,0.2631578947368421,0.21782178217821782,0.3846153846153846,0.08460008059515843,0.1211275091789385,0.3379282655246253,0.2849887133182844
1497,0.5161290322580645,0.5546218487394958,0.3006535947712418,0.3418803418803419,0.3225806451612903,0.3697478991596639,0.18568548884352507,0.21704117950027438,0.3809550656195833,0.3748868778280543
1498,0.3770491803278689,0.3486238532110092,0.049999999999999996,0.09345794392523366,0.2131147540983607,0.1834862385321101,0.012395530354594541,0.029829726925194366,0.19858977587509447,0.20745166643084084
1499,0.4848484848484848,0.6769230769230768,0.3917525773195876,0.5396825396825397,0.4848484848484848,0.6461538461538462,0.2629759552870782,0.3662351713588314,0.56842320659482,0.5392302259887006
1500,0.4752475247524752,0.5555555555555556,0.36363636363636365,0.36363636363636365,0.4158415841584158,0.2888888888888889,0.223924919607651,0.14315545400893914,0.43772887978423014,0.45022035256410253
1501,0.48648648648648657,0.5168539325842696,0.3119266055045872,0.32183908045977017,0.46846846846846846,0.47191011235955055,0.08504491257499167,0.22356601315762917,0.46218137225721184,0.4404934832354991
1502,0.5869565217391304,0.6756756756756757,0.3555555555555556,0.3888888888888889,0.47826086956521735,0.5405405405405405,0.1802849267123764,0.20965218106031108,0.5361221374045803,0.4782841823056301
1503,0.5483870967741935,0.47916666666666674,0.3114754098360656,0.2127659574468085,0.3709677419354839,0.3125,0.18535641208333595,0.013967079762508952,0.41520879653004766,0.21361344537815127
1504,0.5806451612903226,0.7123287671232877,0.3076923076923077,0.39436619718309857,0.4086021505376344,0.5205479452054795,0.15362208233245514,0.2376976196567567,0.43732193732193736,0.5654983906401676
1505,0.38532110091743116,0.44680851063829785,0.11214953271028037,0.23913043478260868,0.2385321100917431,0.2765957446808511,0.03120987400549802,0.046123381076703766,0.2563395176678851,0.24411577608142496
1506,0.39846743295019155,0.29838709677419356,0.2162162162162162,0.13008130081300812,0.21455938697318008,0.18548387096774194,0.045098017630944294,0.02829870699984412,0.2053790075119362,0.14952421565641177
1507,0.5421686746987951,0.5245901639344261,0.2682926829268293,0.25,0.3734939759036145,0.4262295081967213,0.17565171017036657,0.07469922730529364,0.42205813591022445,0.3331726391343938
1508,0.6218487394957983,0.5684210526315788,0.3076923076923077,0.3010752688172043,0.43697478991596644,0.3157894736842105,0.19644481665532543,0.13044899213340558,0.4347245409015025,0.2966183574879227
1509,0.6868686868686867,0.6095238095238096,0.4948453608247423,0.3883495145631068,0.5858585858585859,0.47619047619047616,0.3123939936920256,0.21153219394666548,0.5666378633343427,0.5027532624273968
1510,0.46601941747572817,0.6666666666666666,0.25742574257425743,0.43902439024390244,0.27184466019417475,0.5952380952380952,0.18720430075196517,0.2144557741457901,0.38130032277515696,0.4421879219551714
1511,0.29906542056074764,0.5393258426966292,0.0380952380952381,0.20689655172413796,0.16822429906542058,0.2696629213483146,0.0056989542032516195,0.07795742576223987,0.10848126232741619,0.35140020366598784
1512,0.29411764705882354,0.2978723404255319,0.12,0.10869565217391304,0.2549019607843137,0.1914893617021277,0.07100042874233368,0.057101741455455046,0.2968422698783083,0.22564631962632312
1513,0.4070796460176991,0.39655172413793105,0.21621621621621623,0.19298245614035087,0.2831858407079646,0.27586206896551724,0.09358922536462197,0.08490720353565197,0.31592883535949,0.3143196901878797
1514,0.3076923076923077,0.4255319148936171,0.05217391304347826,0.13043478260869565,0.13675213675213677,0.1702127659574468,0.013523279745521118,0.04131082075412972,0.23257575757575757,0.2596509865800122
1515,0.34375,0.34285714285714286,0.14285714285714288,0.1553398058252427,0.234375,0.20952380952380953,0.08637639874654383,0.06606082624768721,0.14777602661763417,0.14023153120897483
1516,0.3010752688172043,0.43037974683544306,0.06593406593406594,0.25974025974025977,0.19354838709677422,0.40506329113924056,0.024444458988757196,0.06233797721624644,0.2423029459228554,0.40333333333333327
1517,0.5279999999999999,0.6226415094339622,0.16260162601626016,0.23076923076923075,0.24,0.3773584905660377,0.06136290859871789,0.04430080080531373,0.3240485383342527,0.4253159767670157
1518,0.456140350877193,0.6666666666666666,0.33928571428571425,0.5744680851063829,0.40350877192982454,0.6041666666666666,0.18953877419832665,0.39825910804855275,0.5427547363031234,0.6694277108433736
1519,0.4477611940298507,0.55,0.12121212121212122,0.3559322033898305,0.208955223880597,0.3333333333333333,0.015507514162140823,0.19531072396038562,0.24331275720164613,0.3693919622195349
1520,0.5178571428571429,0.4819277108433735,0.23636363636363636,0.24691358024691357,0.26785714285714285,0.26506024096385544,0.10208326950934339,0.09000895016161198,0.37692674955264094,0.24313725490196084
1521,0.4197530864197531,0.48717948717948717,0.2278481012658228,0.2368421052631579,0.37037037037037035,0.43589743589743585,0.10281033543737918,0.10759927692349745,0.28816825643300803,0.35103785103785107
1522,0.512396694214876,0.5918367346938775,0.3361344537815126,0.33333333333333337,0.4462809917355372,0.32653061224489793,0.12857353344384514,0.12660998324628944,0.4356149398343491,0.44888300220750554
1523,0.2828282828282829,0.2978723404255319,0.10309278350515465,0.10869565217391305,0.16161616161616163,0.2127659574468085,0.031639547591382475,0.03652532665638137,0.20112374279040943,0.217986321366782
1524,0.2777777777777778,0.52,0.08571428571428572,0.25,0.16666666666666666,0.32,0.013043787072509855,0.028599135611863016,0.3234782608695652,0.4508928571428571
1525,0.5272727272727272,0.6105263157894736,0.2962962962962962,0.3655913978494624,0.41818181818181815,0.5052631578947369,0.15378368462538317,0.1806001208545335,0.4846123345330324,0.4349881796690307
1526,0.5000000000000001,0.5853658536585366,0.24444444444444444,0.35000000000000003,0.43478260869565216,0.43902439024390244,0.16840770162900745,0.17399716597353826,0.36687507372891354,0.3963353514293733
1527,0.48837209302325585,0.59375,0.33333333333333337,0.45161290322580644,0.46511627906976744,0.59375,0.20058714115544402,0.3497674990849062,0.4957208417745069,0.4621771016952841
1528,0.48484848484848486,0.5217391304347826,0.31249999999999994,0.3283582089552239,0.4545454545454546,0.46376811594202894,0.04933641744697611,0.050719343013563324,0.38180443548387094,0.4579591836734694
1529,0.4067796610169491,0.30379746835443033,0.17241379310344826,0.15584415584415584,0.288135593220339,0.27848101265822783,0.0910125740935126,0.09098515192745482,0.3680602336394855,0.24141630901287559
1530,0.4042553191489362,0.6052631578947368,0.17391304347826086,0.3513513513513513,0.23404255319148937,0.5,0.1338464284066161,0.19337545426418212,0.3446450045769192,0.3855395437144013
1531,0.4601769911504424,0.5454545454545454,0.18018018018018017,0.24000000000000005,0.2654867256637168,0.3376623376623376,0.03084060871236372,0.04534829568183989,0.29483104717296754,0.336996336996337
1532,0.2765957446808511,0.3013698630136986,0.06521739130434782,0.08450704225352113,0.19148936170212763,0.136986301369863,0.01365914929695545,0.02028576299736498,0.23236231224396903,0.22985923929320154
1533,0.5925925925925926,0.5294117647058822,0.4050632911392405,0.27272727272727276,0.19753086419753085,0.3529411764705882,0.16772802394199504,0.10624294315055186,0.5434106460499423,0.3279827556022409
1534,0.47058823529411764,0.2777777777777778,0.16867469879518074,0.11428571428571428,0.23529411764705882,0.19444444444444445,0.016095596506318654,0.0177550081198872,0.23110508882866607,0.15945654027627762
1535,0.3361344537815126,0.3235294117647059,0.05128205128205128,0.029850746268656712,0.15126050420168066,0.1323529411764706,0.009716419391683237,0.006801961122690439,0.2294427710843374,0.2409467294509578
1536,0.48000000000000004,0.547945205479452,0.28571428571428575,0.36619718309859156,0.24000000000000002,0.24657534246575344,0.1405260390111008,0.12107875850716375,0.37488687782805435,0.33685551558752996
1537,0.5050505050505051,0.3695652173913044,0.18556701030927836,0.15555555555555556,0.2626262626262626,0.21739130434782608,0.03731708701828627,0.06881570893204274,0.2947540169545632,0.1710970491214108
1538,0.4067796610169491,0.2653061224489796,0.18965517241379312,0.020833333333333332,0.23728813559322035,0.16326530612244897,0.134833287041775,0.010825459960242879,0.2756794121690778,0.13156644818086824
1539,0.23529411764705885,0.28571428571428575,0.06,0.13333333333333333,0.11764705882352942,0.2337662337662338,0.019876800881319757,0.10266394015932796,0.22780250052977327,0.2100456621004566
1540,0.4150943396226415,0.43076923076923074,0.1019108280254777,0.140625,0.1761006289308176,0.19999999999999998,0.012514364905908931,0.013458532649801224,0.2505256241787122,0.2251584699453552
1541,0.6666666666666666,0.6428571428571429,0.4742268041237114,0.4390243902439025,0.5858585858585857,0.5952380952380952,0.3448265420789438,0.1556008381772068,0.5647590361445783,0.3890041493775933
1542,0.38461538461538464,0.5454545454545454,0.203125,0.32894736842105265,0.27692307692307694,0.4285714285714286,0.09548642108258139,0.14733979152004487,0.310542876639624,0.5059411399190993
1543,0.23333333333333334,0.3937007874015748,0.03389830508474576,0.304,0.16666666666666666,0.3779527559055118,0.009140513287953692,0.20177551319126652,0.11980830670926518,0.24351046257148481
1544,0.4117647058823529,0.368421052631579,0.14925373134328357,0.16071428571428573,0.22058823529411767,0.2631578947368421,0.06481822628183592,0.0369355267838802,0.23356005612151529,0.20212029233217424
1545,0.5154639175257731,0.5185185185185186,0.2736842105263158,0.2278481012658228,0.288659793814433,0.22222222222222224,0.1556149772953484,0.10990311827732124,0.47205145951227456,0.327991452991453
1546,0.45333333333333337,0.4888888888888889,0.1081081081081081,0.12030075187969924,0.26666666666666666,0.28148148148148144,0.011587550912125289,0.010983305791789875,0.24534541348167507,0.23092287491180846
1547,0.40875912408759124,0.5038167938931298,0.11851851851851852,0.15503875968992248,0.2481751824817518,0.3206106870229008,0.061610711090116524,0.07776203993523417,0.3278004451038576,0.36000664341471517
1548,0.23776223776223776,0.2857142857142857,0.02836879432624113,0.21333333333333332,0.15384615384615385,0.2857142857142857,0.008596366022250468,0.07934708650916877,0.1948051948051948,0.21189597518928566
1549,0.6833333333333333,0.37777777777777777,0.4576271186440678,0.13636363636363635,0.5666666666666667,0.24444444444444444,0.36644160594151826,0.024304938459574738,0.5764199692979612,0.2353181911192961
1550,0.6292134831460674,0.5238095238095238,0.25287356321839083,0.17073170731707318,0.35955056179775274,0.30952380952380953,0.03795608606937638,0.016405603959442214,0.3292330286610841,0.22079053028259643
1551,0.3529411764705882,0.3218390804597701,0.060000000000000005,0.07058823529411765,0.19607843137254904,0.16091954022988506,0.01500049105581167,0.017413481612674,0.2211934156378601,0.22139557500607832
1552,0.4409448818897638,0.5952380952380952,0.256,0.3414634146341463,0.2992125984251969,0.2619047619047619,0.11928774562703284,0.1634852727088439,0.460208318114301,0.458395615346288
1553,0.4339622641509434,0.6842105263157895,0.3269230769230769,0.5135135135135136,0.33962264150943394,0.4736842105263158,0.14363840689124355,0.30745852408755864,0.39361492896478323,0.5098917436579775
1554,0.65,0.4225352112676056,0.3589743589743589,0.14492753623188404,0.425,0.25352112676056343,0.06627756413258844,0.019319065848507858,0.46263790120122816,0.2005019625603865
1555,0.40322580645161293,0.5166666666666667,0.1639344262295082,0.288135593220339,0.3225806451612903,0.36666666666666664,0.1334367864886426,0.2070382004221444,0.30447965571205005,0.3851773383553045
1556,0.8202247191011236,0.7,0.7045454545454546,0.5569620253164557,0.7191011235955055,0.625,0.6041179564844709,0.4546328153336162,0.8137031372632294,0.6329915796039296
1557,0.4761904761904762,0.37499999999999994,0.23300970873786409,0.1276595744680851,0.39999999999999997,0.25,0.07483954284567526,0.011893260654533212,0.36584273286806007,0.1699029126213592
1558,0.35714285714285715,0.4948453608247423,0.09090909090909091,0.1894736842105263,0.30357142857142855,0.32989690721649484,0.028499118384869238,0.05948596455094127,0.18292682926829265,0.22777777777777783
1559,0.4050632911392405,0.36923076923076925,0.1558441558441558,0.15873015873015872,0.25316455696202533,0.2153846153846154,0.018668981095842654,0.024101776298642293,0.2634340167882207,0.24278429500866633
1560,0.46341463414634143,0.3508771929824561,0.35000000000000003,0.1818181818181818,0.46341463414634143,0.2807017543859649,0.17769026049943804,0.0835227127473685,0.6045217651330684,0.26403900375939854
1561,0.3611111111111111,0.2641509433962264,0.11267605633802817,0.09615384615384616,0.18055555555555555,0.22641509433962265,0.027541281393030484,0.014455059447634571,0.28270325900514587,0.16627761793605123
1562,0.4625850340136054,0.47154471544715454,0.13793103448275862,0.1487603305785124,0.24489795918367346,0.2601626016260163,0.09543511643912521,0.045531076524123665,0.2972896039751363,0.17340117678659211
1563,0.5314685314685315,0.4869565217391304,0.2695035460992908,0.21238938053097342,0.3076923076923077,0.2434782608695652,0.1496031624938253,0.049871551693561375,0.36869422691677284,0.265841961852861
1564,0.4770642201834862,0.3578947368421052,0.1869158878504673,0.1075268817204301,0.2935779816513761,0.2105263157894737,0.10655281842984848,0.03170001004342504,0.38335559921414536,0.24702812813930136
1565,0.5411764705882353,0.43037974683544306,0.26506024096385544,0.23376623376623376,0.23529411764705882,0.35443037974683544,0.151245264105639,0.1574444834822628,0.35070710016037326,0.3202718676122932
1566,0.4900662251655629,0.4094488188976378,0.1610738255033557,0.11199999999999999,0.3311258278145695,0.2204724409448819,0.08855926611625442,0.015781548535538818,0.31319360807711655,0.16104729585064015
1567,0.3711340206185567,0.6017699115044247,0.16842105263157894,0.34234234234234234,0.30927835051546393,0.4955752212389381,0.026916895258790798,0.14414605716871354,0.1818969440263241,0.3943573527659743
1568,0.2857142857142857,0.16091954022988506,0.08064516129032258,0.047058823529411764,0.11111111111111112,0.09195402298850576,0.044718575062449854,0.008701338649656483,0.19658119658119658,0.07670103092783505
1569,0.40336134453781514,0.38554216867469876,0.15384615384615385,0.14814814814814814,0.2521008403361345,0.2891566265060241,0.08972128845225145,0.07823143211709378,0.36421295046058755,0.2724472873726605
1570,0.5179856115107913,0.4297520661157025,0.23357664233576644,0.1680672268907563,0.28776978417266186,0.18181818181818182,0.09324337363906916,0.036087301931929834,0.2785503926701571,0.1904637950729355
1571,0.38888888888888895,0.4047619047619047,0.2,0.14634146341463417,0.38888888888888895,0.26190476190476186,0.14756414813723254,0.017841062385396643,0.3501217000561692,0.34641965606508873
1572,0.4233576642335767,0.4444444444444444,0.2518518518518519,0.2452830188679245,0.29197080291970806,0.40740740740740744,0.08766739232841197,0.048615638820020936,0.2717660167130919,0.2079155361566592
1573,0.37623762376237624,0.4675324675324675,0.14141414141414144,0.16,0.21782178217821782,0.25974025974025977,0.0322066245083264,0.032970463052022884,0.275959350353814,0.19989067055393583
1574,0.4090909090909091,0.3619047619047619,0.1076923076923077,0.2330097087378641,0.25757575757575757,0.2857142857142857,0.014140765444051,0.05937413250425217,0.1671309192200557,0.2114264529845813
1575,0.4077669902912621,0.38235294117647056,0.25742574257425743,0.24242424242424246,0.3106796116504854,0.29411764705882354,0.15720527174368748,0.177946690947194,0.40990259740259744,0.24365079365079365
1576,0.45238095238095233,0.5625,0.29268292682926833,0.2903225806451613,0.30952380952380953,0.34375,0.19601813136817495,0.06486557354098339,0.3838460444612978,0.3814728883733024
1577,0.4842105263157894,0.4109589041095891,0.3010752688172043,0.2535211267605634,0.42105263157894735,0.3835616438356164,0.13581959099435204,0.11359743124531248,0.44722222222222224,0.3211721196415073
1578,0.578512396694215,0.46464646464646464,0.40336134453781514,0.26804123711340205,0.512396694214876,0.303030303030303,0.23818337365961328,0.09134976842688966,0.39543371822837636,0.24222457167063582
1579,0.4380952380952381,0.28205128205128205,0.1553398058252427,0.10526315789473684,0.30476190476190473,0.23076923076923075,0.06186489407911844,0.05575691575009106,0.25782855938109434,0.14248878923766817
1580,0.43636363636363634,0.48421052631578954,0.12962962962962965,0.21505376344086025,0.21818181818181817,0.29473684210526313,0.08243545404427126,0.08739397493368341,0.2952903255373428,0.3512984772688068
1581,0.47706422018348627,0.5454545454545454,0.20560747663551404,0.3488372093023256,0.3302752293577982,0.4772727272727273,0.11067492932004087,0.24769442531571323,0.42989069562561144,0.4689856238061727
1582,0.44155844155844154,0.39726027397260266,0.15789473684210525,0.1527777777777778,0.2727272727272727,0.23287671232876717,0.05337874996393302,0.04786001172098982,0.3513451645926991,0.2986801669532402
1583,0.46315789473684216,0.6067415730337078,0.1075268817204301,0.32183908045977017,0.25263157894736843,0.4044943820224719,0.01926491040656986,0.14846967925389748,0.2289829659318638,0.4273897058823528
1584,0.7967479674796748,0.7642276422764227,0.7768595041322315,0.6942148760330578,0.7967479674796748,0.7642276422764227,0.6718167647593591,0.5822243378357587,0.7081922844710926,0.6765700798116114
1585,0.411214953271028,0.5057471264367817,0.2476190476190476,0.2823529411764706,0.3177570093457944,0.3908045977011494,0.09960177417060528,0.1574584921645673,0.4093936443986082,0.4826038159371493
1586,0.3364485981308411,0.4444444444444445,0.11428571428571428,0.17142857142857143,0.24299065420560745,0.33333333333333337,0.06707615153283306,0.17880493015985982,0.25225177632795376,0.31088856974872525
1587,0.5033112582781456,0.5196850393700787,0.18791946308724833,0.24000000000000005,0.3443708609271523,0.3464566929133858,0.11246704023600262,0.058006982436817754,0.3706753436483166,0.2689128943758574
1588,0.43956043956043955,0.37681159420289856,0.1348314606741573,0.26865671641791045,0.2637362637362637,0.3478260869565218,0.07035716820860911,0.1296844884849552,0.3738693467336683,0.288382852826388
1589,0.4605263157894737,0.49586776859504134,0.05333333333333334,0.08403361344537816,0.21052631578947367,0.2644628099173553,0.010541205342461134,0.013963928032281527,0.24390243902439024,0.23168908819133036
1590,0.21951219512195122,0.3636363636363636,0.0,0.125,0.12195121951219512,0.24242424242424246,0.0065020699986389945,0.04018655176544934,0.09695290858725764,0.23085558687240235
1591,0.4444444444444445,0.49541284403669733,0.15037593984962402,0.14953271028037382,0.2074074074074074,0.2201834862385321,0.011696906573546547,0.035389434833965505,0.3899890881207974,0.31252152483870727
1592,0.46153846153846156,0.5217391304347826,0.11235955056179775,0.1492537313432836,0.24175824175824173,0.31884057971014496,0.03198470335375587,0.11016934072550207,0.32918646080760094,0.2796992481203007
1593,0.30769230769230765,0.37837837837837834,0.11764705882352941,0.19444444444444445,0.1730769230769231,0.27027027027027023,0.05594080064153324,0.08633252328102711,0.24221809936095656,0.18713265926543116
1594,0.4848484848484849,0.3829787234042553,0.16494845360824742,0.10869565217391304,0.2626262626262626,0.25531914893617025,0.029101970435233673,0.014143550190952823,0.32059314954051793,0.23058855413523652
1595,0.7111111111111111,0.860759493670886,0.5909090909090909,0.7792207792207791,0.6666666666666666,0.8354430379746836,0.43233266619668365,0.7237489915370675,0.716289133454429,0.8593749999999999
1596,0.576271186440678,0.5208333333333334,0.27586206896551724,0.2553191489361702,0.30508474576271183,0.37499999999999994,0.04883279703308507,0.05655933096990887,0.4216364503816794,0.34142086257962434
1597,0.6464646464646464,0.45652173913043476,0.4123711340206186,0.26666666666666666,0.4444444444444445,0.28260869565217395,0.2702246029151664,0.16096020588462118,0.5407568162125163,0.3685632549268913
1598,0.7191011235955056,0.7252747252747254,0.5057471264367815,0.5168539325842696,0.7191011235955056,0.7252747252747254,0.272948925575814,0.29844283191690235,0.6440505082480391,0.6981787958941008
1599,0.2884615384615385,0.45,0.11764705882352941,0.17948717948717952,0.1730769230769231,0.325,0.055088110230440156,0.08829329567049694,0.17073170731707313,0.3629632285709164
1600,0.3428571428571428,0.39560439560439564,0.07766990291262135,0.06741573033707866,0.1714285714285714,0.13186813186813184,0.04928901229276251,0.012615536196286208,0.2829698650279294,0.22453945405727926
1601,0.3853211009174312,0.3373493975903615,0.22429906542056074,0.09876543209876543,0.25688073394495414,0.1927710843373494,0.1385392627636279,0.018600626917026963,0.3025939590176269,0.20327864802095172
1602,0.5233644859813084,0.5858585858585859,0.30476190476190473,0.41237113402061853,0.39252336448598135,0.5252525252525252,0.17619463590229845,0.22809710087807336,0.539103629814353,0.5885990952784846
1603,0.3252032520325204,0.22988505747126436,0.1652892561983471,0.023529411764705882,0.1788617886178862,0.1379310344827586,0.0804695263296106,0.006765045815678992,0.34210098381982273,0.1072961373390558
1604,0.6024096385542168,0.5352112676056338,0.3658536585365854,0.34285714285714286,0.4819277108433735,0.39436619718309857,0.17025188933646712,0.1279504308044365,0.39670226583922646,0.2951514409144414
1605,0.55,0.5,0.3333333333333333,0.2580645161290323,0.39999999999999997,0.21874999999999997,0.2537776618222919,0.06377249224695447,0.5183757900323249,0.3943982763927362
1606,0.4074074074074074,0.43373493975903615,0.18867924528301885,0.19753086419753088,0.31481481481481477,0.3373493975903614,0.04067270801245277,0.027251533101765115,0.22780125243190658,0.17403628117913833
1607,0.39999999999999997,0.41666666666666663,0.14634146341463414,0.1914893617021277,0.24,0.27083333333333337,0.03779923165508146,0.12461831021181716,0.2831138571636606,0.22546355879689217
1608,0.4186046511627907,0.4999999999999999,0.16666666666666666,0.20408163265306126,0.27906976744186046,0.22000000000000003,0.020469650964061822,0.032998928639199246,0.2898701298701299,0.3838243935196844
1609,0.43678160919540227,0.676056338028169,0.21176470588235294,0.40579710144927533,0.2988505747126437,0.5633802816901409,0.07794374109236199,0.21760970489820125,0.3929741132061506,0.5873093038868441
1610,0.3555555555555555,0.411764705882353,0.11363636363636363,0.12121212121212122,0.2222222222222222,0.23529411764705885,0.013048028087813215,0.0158872839577806,0.24558618367248763,0.16828548048528838
1611,0.5486725663716814,0.5918367346938775,0.36036036036036034,0.3541666666666667,0.2831858407079646,0.3061224489795919,0.2166167510401964,0.17254220711008483,0.39383561643835624,0.32479701319414245
1612,0.43809523809523804,0.5263157894736842,0.1553398058252427,0.24324324324324323,0.32380952380952377,0.3947368421052631,0.07431740321495756,0.08593637321294423,0.4001988565746955,0.36507936507936506
1613,0.5416666666666666,0.5094339622641509,0.22535211267605634,0.2115384615384615,0.29166666666666663,0.32075471698113206,0.11663764605404517,0.041820424508782886,0.4180921946579704,0.3252133333333333
1614,0.44000000000000006,0.38461538461538464,0.2857142857142857,0.23684210526315788,0.32,0.3333333333333333,0.22163477218902775,0.20218742292430394,0.47341630053999656,0.39495556007870275
1615,0.42735042735042733,0.4666666666666666,0.33043478260869563,0.3636363636363636,0.41025641025641024,0.4666666666666666,0.2661368108259892,0.20369490632722145,0.3651698573573574,0.35715328680314223
1616,0.5,0.5957446808510638,0.22222222222222224,0.43478260869565216,0.3125,0.5744680851063829,0.040165599595617996,0.22595937964265358,0.3574113232155792,0.3871527777777778
1617,0.49206349206349204,0.56,0.27419354838709675,0.3089430894308943,0.3333333333333333,0.448,0.12170804623515162,0.1661113770335371,0.3430832541943654,0.39162403253312345
1618,0.6578947368421053,0.7692307692307692,0.4594594594594595,0.4126984126984127,0.4473684210526315,0.49230769230769234,0.3203505804334101,0.20014546470534897,0.5973067575146969,0.5809859154929577
1619,0.35971223021582727,0.2537313432835821,0.14598540145985403,0.09090909090909091,0.20143884892086333,0.14925373134328357,0.033090286187399384,0.008924797220737269,0.17934276387377585,0.13843201754385964
1620,0.3225806451612903,0.32876712328767127,0.10989010989010989,0.056338028169014086,0.23655913978494622,0.24657534246575344,0.05541207544162287,0.014612432574893431,0.23427960927960928,0.16926104848810167
1621,0.41379310344827586,0.5060240963855421,0.15789473684210525,0.2716049382716049,0.24137931034482757,0.2891566265060241,0.0848498077946495,0.17288741231277982,0.36461397864269723,0.42476190476190473
1622,0.32075471698113206,0.32876712328767127,0.1730769230769231,0.22535211267605634,0.2830188679245283,0.3013698630136986,0.09802574501643915,0.16030470496400512,0.21459655847007625,0.2168848167539267
1623,0.49645390070921985,0.4328358208955224,0.302158273381295,0.2575757575757575,0.2978723404255319,0.22388059701492535,0.09214308120431654,0.07367439280752917,0.3198839038853318,0.23136275563371106
1624,0.48598130841121495,0.6170212765957447,0.1523809523809524,0.3478260869565218,0.2616822429906542,0.46808510638297873,0.05753876257253705,0.12003774697943907,0.2910646281362007,0.35609836670844625
1625,0.411764705882353,0.3908045977011494,0.18,0.16470588235294117,0.2156862745098039,0.3218390804597701,0.10527271456619279,0.06995008111626813,0.26547549414530247,0.22868852459016395
1626,0.3949044585987261,0.4999999999999999,0.19354838709677422,0.25333333333333335,0.22929936305732485,0.2631578947368421,0.06395580240802591,0.07756529305423408,0.20988567462926438,0.30403461924837083
1627,0.411214953271028,0.42352941176470593,0.17142857142857143,0.19277108433734938,0.2990654205607476,0.2588235294117647,0.029308002469614052,0.031090693155284514,0.1866293966922898,0.2320479614165141
1628,0.45454545454545453,0.5054945054945055,0.3023255813953489,0.2921348314606742,0.3636363636363636,0.4175824175824176,0.19213658036923073,0.2044537965576019,0.4387854142018122,0.4412788857233302
1629,0.43298969072164945,0.5057471264367815,0.23157894736842108,0.32941176470588235,0.22680412371134018,0.22988505747126434,0.16870964579147557,0.20139549078446153,0.3200971556688794,0.3891592090892791
1630,0.3508771929824562,0.32380952380952377,0.07142857142857144,0.17475728155339806,0.21052631578947364,0.26666666666666666,0.014895877919526236,0.15198578415124375,0.28462320989212037,0.22824530945419103
1631,0.42857142857142855,0.463768115942029,0.2195121951219512,0.208955223880597,0.35714285714285715,0.34782608695652173,0.028396955265917102,0.045570540228394414,0.3128168261166105,0.31147203947368424
1632,0.37037037037037035,0.3095238095238095,0.11320754716981131,0.0975609756097561,0.25925925925925924,0.19047619047619047,0.026736510248291313,0.02787535474955792,0.25608519269776875,0.13492569002123142
1633,0.5769230769230769,0.4415584415584416,0.3921568627450981,0.18666666666666668,0.36538461538461536,0.33766233766233766,0.1681372644883007,0.042266572401851284,0.6329534662867996,0.3065934065934066
1634,0.3191489361702128,0.3711340206185567,0.13043478260869565,0.12631578947368421,0.14893617021276598,0.14432989690721648,0.03115557772802626,0.03539689290857985,0.24781341107871718,0.33110955397895925
1635,0.27956989247311825,0.273972602739726,0.06593406593406594,0.08450704225352113,0.21505376344086022,0.19178082191780824,0.010606948946692587,0.01737720878556081,0.20326369758187943,0.19849042182200355
1636,0.5486725663716815,0.4578313253012048,0.2162162162162162,0.1728395061728395,0.24778761061946902,0.2891566265060241,0.08947233841203844,0.05812373701773295,0.44745526051329615,0.26653739612188365
1637,0.5046728971962616,0.6326530612244897,0.26666666666666666,0.3541666666666667,0.29906542056074764,0.46938775510204084,0.1595487507830045,0.164568731094265,0.3789215138997432,0.4754628907012136
1638,0.3692307692307692,0.44036697247706424,0.125,0.24299065420560748,0.12307692307692308,0.3302752293577982,0.01380950033769462,0.1750813991942864,0.24329944858641286,0.3286834688906479
1639,0.37383177570093457,0.42,0.11428571428571431,0.163265306122449,0.29906542056074764,0.33999999999999997,0.02169547848686038,0.034242748607340986,0.24657677981218196,0.35079556609947643
1640,0.42105263157894735,0.4074074074074074,0.16071428571428573,0.1320754716981132,0.2456140350877193,0.24074074074074076,0.03372260583653095,0.03310081977507441,0.27937388547652076,0.2917647058823529
1641,0.4888888888888889,0.3209876543209876,0.25,0.10126582278481013,0.4222222222222222,0.19753086419753088,0.16994097849129067,0.026140353007312916,0.37620061574765407,0.18762174280568927
1642,0.33587786259541985,0.4666666666666666,0.12403100775193798,0.20454545454545453,0.1984732824427481,0.24444444444444444,0.021526587514518865,0.04821052691269705,0.28074548907882246,0.40888888888888886
1643,0.384,0.34615384615384615,0.09756097560975609,0.09803921568627451,0.256,0.23076923076923075,0.07134047594319572,0.03048238419494524,0.29693692586561793,0.2260421694015444
1644,0.4077669902912621,0.5111111111111111,0.17821782178217824,0.25,0.3300970873786408,0.2888888888888889,0.09092617426809149,0.12222357675481307,0.2941913864479952,0.3708845594171153
1645,0.6896551724137931,0.47058823529411764,0.5411764705882354,0.31325301204819284,0.6666666666666667,0.44705882352941173,0.3905235544161889,0.24667287075718647,0.6923454221165279,0.359034705878269
1646,0.5050505050505051,0.4395604395604396,0.16494845360824742,0.13483146067415733,0.30303030303030304,0.24175824175824176,0.03686467508351105,0.03059940015198739,0.2918408742807468,0.1649484536082474
1647,0.4285714285714286,0.39534883720930236,0.07272727272727274,0.07142857142857142,0.19642857142857145,0.20930232558139536,0.015955947271273828,0.012776828351444267,0.2673625218914185,0.23427960927960922
1648,0.49206349206349204,0.6029411764705882,0.2903225806451613,0.43283582089552236,0.4126984126984127,0.4264705882352941,0.22704643630297802,0.35436507170567905,0.30996069944057253,0.49030490112385255
1649,0.5271317829457365,0.41441441441441446,0.2047244094488189,0.16513761467889906,0.27906976744186046,0.2702702702702703,0.08985283203766677,0.09785699915255877,0.4268758205647762,0.3269836653579565
1650,0.2626262626262626,0.15384615384615383,0.10309278350515463,0.0,0.18181818181818182,0.10256410256410256,0.04824077493405581,0.00611867791405416,0.19888065289008688,0.09915014164305949
1651,0.6792452830188679,0.5111111111111111,0.3269230769230769,0.38636363636363635,0.4716981132075472,0.4222222222222223,0.19606565695585443,0.2154451333334823,0.34690135680234696,0.31425061538532595
1652,0.528,0.5840707964601771,0.16260162601626016,0.32432432432432434,0.28800000000000003,0.3893805309734513,0.0169675251556125,0.19300563035126647,0.3030833271936933,0.46805046805046807
1653,0.4363636363636364,0.5048543689320388,0.2037037037037037,0.25742574257425743,0.36363636363636365,0.38834951456310685,0.18473000217570404,0.21068465272127312,0.38285476487723674,0.4107270934194011
1654,0.4507042253521127,0.6060606060606061,0.17391304347826086,0.3125,0.3380281690140845,0.36363636363636365,0.1321324456652371,0.17140739929345014,0.42724511145087307,0.4670253508979085
1655,0.5192307692307693,0.6666666666666666,0.3529411764705882,0.5360824742268041,0.44230769230769235,0.6666666666666666,0.16261701715194893,0.28394576106472474,0.5743744537268534,0.7053228091479458
1656,0.6000000000000001,0.5413533834586467,0.296875,0.2595419847328244,0.4461538461538462,0.3609022556390978,0.19952824957899346,0.1826698702196268,0.5180158934668373,0.38698225358868066
1657,0.5853658536585367,0.45,0.325,0.20512820512820512,0.3902439024390244,0.4,0.04647531341394785,0.04633204748192576,0.3217721518987341,0.3574076689499329
1658,0.5684210526315789,0.46846846846846846,0.3010752688172043,0.2568807339449541,0.4421052631578947,0.3423423423423423,0.2087861727805667,0.18998199813084912,0.39503768312304166,0.3296809028445944
1659,0.5154639175257731,0.4571428571428572,0.2105263157894737,0.1764705882352941,0.32989690721649484,0.3142857142857143,0.11319855982230338,0.032208742734244705,0.34231847731778575,0.23682594618733954
1660,0.624,0.43010752688172044,0.35772357723577236,0.15384615384615385,0.56,0.3225806451612903,0.1559286726779057,0.07363310709106512,0.5259031275467261,0.21894290123456786
1661,0.4117647058823529,0.441860465116279,0.16,0.09523809523809525,0.23529411764705885,0.186046511627907,0.026476481925335787,0.01752818941059841,0.3529597974042419,0.2657773407423212
1662,0.5567010309278351,0.32911392405063294,0.3368421052631579,0.12987012987012989,0.28865979381443296,0.27848101265822783,0.20911971038029412,0.03132972850907572,0.451169164882227,0.19035218253968253
1663,0.35514018691588783,0.34146341463414637,0.1714285714285714,0.1,0.2616822429906542,0.24390243902439024,0.06006158040232693,0.0324217949956417,0.28489013077858877,0.27473035846462934
1664,0.5054945054945056,0.45783132530120485,0.31460674157303375,0.2716049382716049,0.43956043956043955,0.3855421686746988,0.19148874609524302,0.11265744222717027,0.4494389954630171,0.34021369985902855
1665,0.43902439024390244,0.2758620689655173,0.075,0.07058823529411765,0.21951219512195122,0.20689655172413793,0.01959168274759532,0.030282756553424387,0.18957345971563982,0.2006535947712418
1666,0.4299065420560748,0.47826086956521746,0.13333333333333333,0.17777777777777778,0.26168224299065423,0.28260869565217384,0.015590549262671132,0.03725917780842771,0.21889400921658986,0.2278177458033573
1667,0.5546218487394958,0.5048543689320388,0.25641025641025644,0.198019801980198,0.35294117647058826,0.3300970873786408,0.04364935903006047,0.03603958994820688,0.314515592792074,0.29366188624210016
1668,0.4153846153846154,0.5128205128205129,0.25,0.2105263157894737,0.39999999999999997,0.23076923076923078,0.08287033530871164,0.036583474306295105,0.4072613046972022,0.2768640350877193
1669,0.4952380952380952,0.34782608695652173,0.27184466019417475,0.1791044776119403,0.39999999999999997,0.2318840579710145,0.104853420736428,0.04154928547620749,0.437534645679442,0.23682594618733954
1670,0.5416666666666667,0.44943820224719094,0.29787234042553196,0.22988505747126436,0.37500000000000006,0.38202247191011235,0.13716549481565732,0.12672678305140953,0.44156467482601386,0.3438180827886711
1671,0.3092783505154639,0.4523809523809524,0.08421052631578947,0.2926829268292683,0.2061855670103093,0.42857142857142855,0.014435323317567443,0.1032116290549728,0.18801099953350192,0.3101313164893617
1672,0.3464566929133859,0.396551724137931,0.192,0.2456140350877193,0.2992125984251968,0.3448275862068965,0.1023857820560022,0.12933963092554096,0.34467542448388416,0.3843132325676398
1673,0.5526315789473685,0.45637583892617445,0.32,0.3129251700680272,0.39473684210526316,0.389261744966443,0.20548037690992704,0.20755662651554632,0.3832660878951629,0.30369879606377276
1674,0.4324324324324324,0.5866666666666667,0.2054794520547945,0.3918918918918919,0.25675675675675674,0.32,0.053719754136554415,0.2058744862794018,0.24136995557011526,0.39649736825978305
1675,0.5686274509803921,0.7155963302752292,0.4,0.5420560747663552,0.4901960784313726,0.6422018348623854,0.2347262354578639,0.2883845086283676,0.43783908392277154,0.5309452010283714
1676,0.5094339622641509,0.4285714285714285,0.21153846153846154,0.10416666666666666,0.33962264150943394,0.2040816326530612,0.10478460599905204,0.02364596722572258,0.3613720285610743,0.24579615127784862
1677,0.5,0.40860215053763443,0.2978723404255319,0.13186813186813187,0.4166666666666667,0.30107526881720426,0.12918877974348797,0.03152858851878919,0.39347799535887307,0.27557776923405525
1678,0.4629629629629629,0.5688073394495413,0.16981132075471697,0.29906542056074764,0.3148148148148148,0.4587155963302752,0.11615934901243442,0.17117338910632163,0.2926970633693972,0.39316239316239315
1679,0.49382716049382713,0.3870967741935484,0.20253164556962022,0.10000000000000002,0.37037037037037035,0.25806451612903225,0.012660998324628945,0.019436309349939396,0.34709901290961315,0.18913690476190476
1680,0.4269662921348315,0.46060606060606063,0.17045454545454544,0.15950920245398775,0.20224719101123595,0.27878787878787875,0.11129704776536442,0.11696924362479251,0.29527879055293654,0.27911797997693977
1681,0.3622047244094488,0.3333333333333333,0.14400000000000002,0.1509433962264151,0.2992125984251968,0.3148148148148148,0.05478742952040907,0.06621693913646423,0.2734489802582645,0.2227724481832183
1682,0.45977011494252873,0.379746835443038,0.3058823529411765,0.07792207792207792,0.39080459770114945,0.25316455696202533,0.21968919427717296,0.015267134761161571,0.38544766846287665,0.17566979876385388
1683,0.3917525773195876,0.53125,0.23157894736842102,0.3548387096774193,0.28865979381443296,0.40625,0.16852903819120324,0.234700176335681,0.30256508667562215,0.39048513302034427
1684,0.5581395348837209,0.5641025641025641,0.30952380952380953,0.34210526315789475,0.37209302325581395,0.48717948717948717,0.19419278571522508,0.24550839205782457,0.509128797745625,0.5385154287186756
1685,0.3440860215053763,0.4857142857142857,0.1978021978021978,0.29411764705882354,0.2365591397849462,0.34285714285714286,0.09868981544446528,0.1521465789619599,0.32622739018087854,0.38484589041095896
1686,0.44755244755244755,0.2903225806451613,0.2269503546099291,0.13114754098360656,0.3216783216783217,0.24193548387096772,0.07260257830851642,0.022667571670237047,0.25079911482665357,0.16024032175103955
1687,0.33009708737864074,0.4948453608247423,0.17821782178217824,0.23157894736842108,0.23300970873786409,0.37113402061855677,0.09112438336339672,0.05165461232756207,0.2146326856534469,0.3415568879962193
1688,0.4888888888888888,0.3119266055045872,0.2706766917293233,0.056074766355140186,0.4,0.2018348623853211,0.15146471575377823,0.009403953427859931,0.37485962081103785,0.13876707707876537
1689,0.647887323943662,0.6,0.4,0.35937500000000006,0.5211267605633804,0.47692307692307695,0.2526356728402363,0.22659460907759138,0.4703530238597898,0.3651188946015424
1690,0.42696629213483145,0.2424242424242424,0.2528735632183908,0.0625,0.3146067415730337,0.1212121212121212,0.13775870873742263,0.011494806212309363,0.43246479686057243,0.10359116022099449
1691,0.29411764705882354,0.40860215053763443,0.08,0.19780219780219782,0.15686274509803924,0.2795698924731182,0.03109907341720617,0.033940425442088494,0.1377952755905512,0.19145382703979796
1692,0.4832214765100671,0.4748201438848921,0.24489795918367346,0.3065693430656934,0.38926174496644295,0.3597122302158273,0.13371199577473641,0.14473420980612822,0.25300542091836736,0.2833545108005083
1693,0.43010752688172044,0.4044943820224719,0.13186813186813184,0.1839080459770115,0.30107526881720426,0.2247191011235955,0.020087890504089986,0.07879356782810766,0.3033412887828162,0.30675459632294166
1694,0.6829268292682926,0.6944444444444445,0.46913580246913583,0.47887323943661975,0.5121951219512196,0.625,0.33078619999945036,0.29493800271499404,0.5243047464395231,0.4703993055555555
1695,0.49275362318840576,0.3148148148148148,0.2647058823529412,0.07547169811320756,0.391304347826087,0.20370370370370372,0.15007819165965275,0.009532438641178276,0.39533718892962594,0.1389968238951209
1696,0.5617977528089887,0.6329113924050633,0.3218390804597701,0.36363636363636365,0.3146067415730337,0.379746835443038,0.08563831261693779,0.10628758795042677,0.39062499999999994,0.43791243654822337
1697,0.3076923076923077,0.19753086419753088,0.05217391304347826,0.025316455696202528,0.15384615384615385,0.1728395061728395,0.013523279745521118,0.0031188122957805896,0.15597920277296362,0.055658627087198514
1698,0.41463414634146345,0.3466666666666667,0.09999999999999999,0.08219178082191782,0.2682926829268293,0.23999999999999996,0.016727990523359913,0.018686804489766475,0.3094089685785188,0.27261161534022355
1699,0.47619047619047616,0.5263157894736842,0.24390243902439027,0.27027027027027023,0.380952380952381,0.368421052631579,0.1284356725246006,0.15541593159954734,0.392447636494044,0.4915905356816865
1700,0.4375,0.45544554455445546,0.2127659574468085,0.202020202020202,0.3333333333333333,0.29702970297029707,0.13055278806438803,0.08340893093922369,0.3898274225222062,0.37948976961240805
1701,0.5,0.44660194174757284,0.23728813559322035,0.19801980198019803,0.36666666666666664,0.3106796116504854,0.08040117921478253,0.025968737864183387,0.2652217136854741,0.27686776324605755
1702,0.5,0.625,0.2830188679245283,0.41025641025641024,0.25925925925925924,0.4,0.17758808056383552,0.2846587246377319,0.4448446961202064,0.5417317200104085
1703,0.5535714285714285,0.4752475247524752,0.2909090909090909,0.22222222222222224,0.3571428571428571,0.29702970297029707,0.12607864960153378,0.11930012202908273,0.3465861456483126,0.2957686992820034
1704,0.3305785123966942,0.39215686274509803,0.06722689075630252,0.12000000000000002,0.1652892561983471,0.23529411764705882,0.01284058622017167,0.019857408701050665,0.17830553199509946,0.1890458747601605
1705,0.5306122448979592,0.5054945054945055,0.25,0.15730337078651688,0.30612244897959184,0.24175824175824176,0.15855075874399516,0.04455007742857857,0.35643364472259437,0.3389734774066798
1706,0.6727272727272728,0.26804123711340205,0.46296296296296297,0.08421052631578947,0.4727272727272727,0.20618556701030932,0.34691703985382183,0.021775941968332234,0.5866936886933527,0.11406844106463879
1707,0.18604651162790697,0.15254237288135591,0.047244094488188976,0.017241379310344827,0.12403100775193798,0.1016949152542373,0.009809520545272874,0.007452633545304934,0.10437338290336355,0.09852713178294573
1708,0.4929577464788733,0.4833333333333334,0.2571428571428572,0.22033898305084748,0.29577464788732394,0.21666666666666667,0.06865832837517083,0.016883709456832822,0.3134300126103404,0.2195052195052195
1709,0.625,0.6578947368421052,0.41025641025641024,0.3513513513513513,0.5,0.2894736842105263,0.22006232699880446,0.03000487960856969,0.5215419501133788,0.4762457044673539
1710,0.35384615384615375,0.4,0.140625,0.2040816326530612,0.19999999999999998,0.34,0.08485991571163382,0.10691977429258591,0.32513805575815313,0.3173162000705533
1711,0.39252336448598135,0.39080459770114945,0.13333333333333333,0.16470588235294117,0.28037383177570097,0.29885057471264365,0.026736510248291313,0.10459901189892218,0.3197652849228334,0.31044083526682137
1712,0.3392857142857143,0.2978723404255319,0.12727272727272726,0.08695652173913043,0.25,0.23404255319148937,0.030318810016405812,0.01138595499369909,0.24192323547918157,0.1644669723686895
1713,0.5373134328358208,0.6782608695652175,0.45454545454545453,0.6725663716814159,0.5223880597014925,0.6782608695652175,0.320982421481549,0.32313245017346864,0.4147234341306856,0.47439125472751215
1714,0.5762711864406779,0.5977011494252874,0.2931034482758621,0.28235294117647064,0.27118644067796616,0.27586206896551724,0.1541112342649405,0.07891435678657839,0.3724231692088698,0.2723476190977744
1715,0.5800000000000001,0.5822784810126581,0.2857142857142857,0.36363636363636365,0.32,0.4556962025316455,0.16480159089513266,0.19812129631982217,0.43542612419700216,0.3838145345702653
1716,0.6326530612244898,0.6753246753246753,0.33333333333333337,0.4799999999999999,0.4693877551020408,0.6493506493506495,0.165975824058603,0.19790434751450564,0.52543669250646,0.4347973763463585
1717,0.3851851851851852,0.35294117647058826,0.15037593984962405,0.10256410256410256,0.2518518518518518,0.2689075630252101,0.02752498276180274,0.06649853592601068,0.3299139722584699,0.31753018108651915
1718,0.5,0.411764705882353,0.3023255813953488,0.1818181818181818,0.22727272727272727,0.1764705882352941,0.14190783246616454,0.04634652805299396,0.44892803121643254,0.31891308055255524
1719,0.42000000000000004,0.5142857142857143,0.2857142857142857,0.3235294117647059,0.38,0.45714285714285713,0.16435319657003422,0.17864866390812012,0.4199227292608252,0.41992090954028666
1720,0.32,0.4999999999999999,0.2040816326530612,0.3714285714285715,0.27999999999999997,0.4722222222222222,0.12738148638291735,0.237110098309946,0.30426832387090175,0.40106951871657753
1721,0.42553191489361697,0.56,0.21739130434782608,0.32876712328767116,0.34042553191489355,0.4533333333333333,0.08599406239430937,0.15448396990132696,0.41554853416435833,0.4714139344262296
1722,0.45217391304347826,0.5773195876288659,0.17699115044247787,0.35789473684210527,0.31304347826086953,0.4948453608247423,0.07622160068447059,0.13768214610578003,0.3015525477707006,0.320407224958949
1723,0.4166666666666667,0.32608695652173914,0.2765957446808511,0.13333333333333333,0.3333333333333333,0.21739130434782608,0.1962709156038045,0.0365828711541333,0.35620757842980066,0.2494331065759637
1724,0.3829787234042553,0.47368421052631576,0.10869565217391304,0.13513513513513511,0.276595744680851,0.2894736842105264,0.06084116865763263,0.08831068514312587,0.2755555555555556,0.30255773578811374
1725,0.5833333333333334,0.4878048780487805,0.2542372881355932,0.1652892561983471,0.2833333333333333,0.2113821138211382,0.07789424243589771,0.09012299994484951,0.3665702769015071,0.2640065460146322
1726,0.4426229508196721,0.7115384615384616,0.2666666666666667,0.6274509803921567,0.3442622950819672,0.673076923076923,0.1523356400519831,0.48322106686908906,0.3736960897944244,0.6905946458185264
1727,0.5494505494505494,0.6086956521739131,0.2921348314606742,0.3582089552238806,0.32967032967032966,0.49275362318840576,0.15079950581962825,0.15338104647416725,0.35903635644260795,0.40513447432762834
1728,0.3333333333333333,0.37499999999999994,0.0975609756097561,0.12820512820512822,0.19047619047619047,0.25,0.016474575791240956,0.03579300370931225,0.22431015290878203,0.197189349112426
1729,0.4042553191489362,0.39080459770114945,0.1956521739130435,0.18823529411764706,0.3191489361702127,0.2988505747126437,0.03362444211480555,0.034038042427431366,0.2710798816568047,0.2738180622796007
1730,0.4791666666666667,0.5,0.1702127659574468,0.17647058823529413,0.2708333333333333,0.3269230769230769,0.0195141276123013,0.1089191401353215,0.28959720773489533,0.355640535372849
1731,0.32432432432432434,0.5755395683453237,0.1651376146788991,0.24817518248175185,0.23423423423423423,0.27338129496402874,0.09507739716810931,0.162205357309136,0.21936166916283634,0.42770697332719904
1732,0.5476190476190476,0.6575342465753425,0.39024390243902435,0.47887323943661975,0.5476190476190476,0.6575342465753425,0.22663413191590168,0.3381835741319851,0.5059069718160627,0.571125624195905
1733,0.44036697247706424,0.5037037037037037,0.18691588785046728,0.24060150375939854,0.23853211009174313,0.3555555555555556,0.10453699271407757,0.10213946334608756,0.30002376425855515,0.47430401604608724
1734,0.2921348314606742,0.32876712328767127,0.16091954022988506,0.16901408450704225,0.24719101123595502,0.27397260273972607,0.10747234966623062,0.1408805232069835,0.27138973292819446,0.31690140845070425
1735,0.5510204081632654,0.29787234042553196,0.3541666666666667,0.10869565217391304,0.46938775510204084,0.1914893617021277,0.16484155024429126,0.014325008620115659,0.4023738548785808,0.12548262548262548
1736,0.4426229508196721,0.3950617283950617,0.15,0.15189873417721522,0.26229508196721313,0.24691358024691357,0.01704179460700692,0.025592760826923945,0.3375095038180556,0.24278673835125447
1737,0.43902439024390244,0.360655737704918,0.125,0.13559322033898305,0.26829268292682923,0.19672131147540986,0.0174390768189676,0.04248648259834659,0.37586087066405516,0.2932111392957477
1738,0.46017699115044247,0.4666666666666666,0.0900900900900901,0.11363636363636362,0.17699115044247785,0.2666666666666667,0.030180156820471364,0.02015222492579002,0.2879083469721768,0.18544036796485902
1739,0.41176470588235287,0.5405405405405405,0.14,0.33333333333333337,0.23529411764705882,0.37837837837837845,0.09600528348405618,0.2331566299119172,0.27779705828532486,0.41058394160583933
1740,0.5106382978723405,0.35443037974683544,0.2608695652173913,0.18181818181818182,0.2978723404255319,0.3037974683544304,0.10453699271407757,0.06534434987768793,0.4562659846547315,0.22034574468085105
1741,0.5263157894736842,0.35820895522388063,0.18918918918918917,0.12307692307692308,0.39473684210526316,0.26865671641791045,0.09241086582147896,0.022001668581548308,0.37507989369933054,0.19183711159333303
1742,0.3937007874015748,0.45098039215686275,0.192,0.32,0.1732283464566929,0.4313725490196078,0.05888058085657003,0.09184788787777787,0.22426897115435326,0.2686746987951807
1743,0.6019417475728156,0.6601941747572816,0.4356435643564357,0.4752475247524752,0.4271844660194175,0.5436893203883495,0.32473602765907567,0.39226667025195916,0.49624723956746875,0.5759263704608939
1744,0.45454545454545453,0.4,0.0925925925925926,0.1075268817204301,0.3090909090909091,0.2105263157894737,0.02975100691979461,0.013692672598519489,0.2562586975661015,0.1876653439153439
1745,0.5333333333333333,0.5274725274725274,0.2330097087378641,0.24719101123595508,0.4,0.41758241758241754,0.0658721293974066,0.08214528602945162,0.47448979591836743,0.4555296919828939
1746,0.396551724137931,0.41463414634146345,0.10526315789473685,0.1,0.18965517241379312,0.2195121951219512,0.024165176186017892,0.038363234131402656,0.28560164166458524,0.24803321678321677
1747,0.5309734513274336,0.4444444444444445,0.3423423423423424,0.1518987341772152,0.47787610619469023,0.2962962962962963,0.21993037379029481,0.01617143760676008,0.4401833231358877,0.23153526970954358
1748,0.37499999999999994,0.42857142857142855,0.12765957446808512,0.14634146341463414,0.20833333333333334,0.2380952380952381,0.014774310980141163,0.016051679053388793,0.29419558731155787,0.2607674684994272
1749,0.5,0.6067415730337078,0.24528301886792453,0.367816091954023,0.3148148148148148,0.47191011235955055,0.15689441377845137,0.2592211917820537,0.29724520255863546,0.42083333333333334
1750,0.4285714285714286,0.4175824175824176,0.20833333333333334,0.22471910112359547,0.36734693877551017,0.3516483516483516,0.03885673820841032,0.03944737604618178,0.3275742668831789,0.28207014961981847
1751,0.43636363636363634,0.45161290322580644,0.2222222222222222,0.19780219780219782,0.2363636363636364,0.25806451612903225,0.08316539428117037,0.03738777702443413,0.40753658351656685,0.3486770382156222
1752,0.3636363636363636,0.3170731707317074,0.18556701030927836,0.15,0.30303030303030304,0.24390243902439027,0.09876007157432852,0.09791579531860735,0.43835978835978834,0.3335795629424438
1753,0.4742268041237113,0.42424242424242425,0.1473684210526316,0.18556701030927836,0.288659793814433,0.3232323232323232,0.047053556867151264,0.09565657435552219,0.2629212965097515,0.23689680214359055
1754,0.32323232323232326,0.2898550724637681,0.12371134020618556,0.08955223880597016,0.26262626262626265,0.2898550724637681,0.024229285889812952,0.018357725092546517,0.22884890031419597,0.1917191100106606
1755,0.34108527131782945,0.30769230769230765,0.15748031496062992,0.15789473684210525,0.17054263565891473,0.2564102564102564,0.07197850722448662,0.09897551030412388,0.3686430506498406,0.19740226337448558
1756,0.48275862068965514,0.36363636363636365,0.18823529411764706,0.06185567010309278,0.32183908045977005,0.16161616161616163,0.08504468118450445,0.013760338347015556,0.4281677767092877,0.2892721518987342
1757,0.46666666666666673,0.3486238532110092,0.23728813559322035,0.18691588785046728,0.36666666666666664,0.3119266055045872,0.16229339959378788,0.12611435407515673,0.4471567632577893,0.2408976773383553
1758,0.4869565217391304,0.5,0.26548672566371684,0.28571428571428575,0.4347826086956522,0.4166666666666667,0.1422969888267188,0.22103734484244444,0.5141637761001157,0.4014988348280488
1759,0.423076923076923,0.45783132530120485,0.1764705882352941,0.24691358024691357,0.23076923076923075,0.3373493975903615,0.027723124400360434,0.04993191312506256,0.18532909852682794,0.3090069284064665
1760,0.5348837209302325,0.591549295774648,0.38095238095238104,0.40579710144927533,0.4883720930232558,0.5633802816901409,0.25434292071719206,0.30034688478868904,0.46701570680628274,0.46765968867418145
1761,0.5333333333333333,0.5609756097560976,0.3300970873786408,0.35000000000000003,0.28571428571428575,0.3902439024390244,0.16264639720372043,0.1571525858431971,0.46402747428122476,0.3012771739130435
1762,0.607843137254902,0.48192771084337344,0.36,0.24691358024691357,0.35294117647058826,0.3855421686746988,0.18239336435292988,0.1663158830163828,0.49539445494100365,0.35853573253718496
1763,0.5862068965517242,0.6055045871559633,0.2456140350877193,0.22429906542056074,0.22413793103448276,0.23853211009174313,0.1058110856152991,0.051598548552934824,0.4535676919857711,0.4251428571428572
1764,0.5849056603773585,0.39560439560439564,0.3269230769230769,0.20224719101123595,0.43396226415094336,0.28571428571428575,0.2617722684835539,0.09732835514683608,0.465145828446321,0.2603345549845417
1765,0.49090909090909085,0.5813953488372092,0.3148148148148148,0.380952380952381,0.43636363636363634,0.2558139534883721,0.19872072157663753,0.1863452946039852,0.41905696457326885,0.3622928025746379
1766,0.5365853658536586,0.4109589041095891,0.225,0.08450704225352113,0.2682926829268293,0.1917808219178082,0.08096427645620342,0.0233464833213293,0.3834382200213211,0.317948717948718
1767,0.6055045871559633,0.4418604651162791,0.3551401869158878,0.2380952380952381,0.4954128440366972,0.32558139534883723,0.28720320892730355,0.09480505812266142,0.5144475338167058,0.24754901960784315
1768,0.5681818181818181,0.40579710144927533,0.20930232558139533,0.11940298507462685,0.29545454545454547,0.2318840579710145,0.09977790531676639,0.0202243304882254,0.45443977087780846,0.23946893586687754
1769,0.5546218487394957,0.449438202247191,0.376068376068376,0.13793103448275862,0.3865546218487395,0.15730337078651685,0.2618724352707444,0.01704920142902986,0.5237820640996343,0.23699410359205694
1770,0.40384615384615385,0.4197530864197531,0.19607843137254902,0.20253164556962022,0.28846153846153844,0.32098765432098764,0.09110982027783525,0.08360161095423953,0.43155696755395206,0.2988939606741573
1771,0.4225352112676056,0.46846846846846846,0.08571428571428572,0.12844036697247707,0.22535211267605634,0.2522522522522523,0.014847755848337078,0.024023068938790037,0.2380594261144402,0.18264840182648404
1772,0.4333333333333333,0.488888888888889,0.18644067796610167,0.2045454545454545,0.30000000000000004,0.2888888888888889,0.10226475084730065,0.06606631915137852,0.2950767936040396,0.23006594724220622
1773,0.5233644859813084,0.5773195876288659,0.24761904761904763,0.29473684210526313,0.3738317757009346,0.4536082474226804,0.16472062572414106,0.16181615822007675,0.35367819095977693,0.3866112385321101
1774,0.49673202614379086,0.5248226950354611,0.18543046357615892,0.17266187050359713,0.23529411764705882,0.2553191489361702,0.10122997413359126,0.025552155599377246,0.32691122967302483,0.28127875162214394
1775,0.42735042735042733,0.4,0.29565217391304344,0.2795698924731182,0.3760683760683761,0.37894736842105264,0.18497104627962851,0.21771426230383525,0.3553719008264462,0.3187869769054619
1776,0.4466019417475729,0.41379310344827586,0.25742574257425743,0.1647058823529412,0.36893203883495146,0.22988505747126436,0.1583270575591328,0.07749863556241195,0.24006478068357798,0.15151515151515152
1777,0.46017699115044247,0.4615384615384615,0.21621621621621623,0.23529411764705882,0.30088495575221236,0.3269230769230769,0.15090203245504347,0.13200730575878322,0.3697006228651798,0.3402402627717754
1778,0.2933333333333334,0.31000000000000005,0.08968609865470852,0.16161616161616163,0.1688888888888889,0.21,0.003528934085429507,0.0015268645005891228,0.1132058880290853,0.10635956465759151
1779,0.42748091603053434,0.5084745762711865,0.12403100775193798,0.13793103448275865,0.21374045801526717,0.25423728813559326,0.03693767144710042,0.06287944448005275,0.2897196261682242,0.3044538621461698
1780,0.32653061224489793,0.3764705882352941,0.125,0.14457831325301207,0.20408163265306123,0.2352941176470588,0.029909967069885617,0.03944418292494366,0.19524205030849542,0.2300200655801889
1781,0.47058823529411764,0.3058823529411765,0.12000000000000001,0.07228915662650603,0.25490196078431376,0.16470588235294115,0.01163493333191836,0.012932942767795315,0.26002752364020815,0.13157894736842105
1782,0.4672897196261682,0.4835164835164835,0.24761904761904763,0.22471910112359547,0.29906542056074764,0.32967032967032966,0.11789993586413962,0.09848285298488085,0.40506772908366534,0.3482425262728293
1783,0.48333333333333334,0.40707964601769914,0.2542372881355932,0.19819819819819817,0.3833333333333333,0.24778761061946908,0.1496506360592563,0.12222397993742976,0.2868999514220103,0.29812286235211133
1784,0.42307692307692313,0.4772727272727273,0.196078431372549,0.20930232558139536,0.25000000000000006,0.31818181818181823,0.07268417959946279,0.03985434894052862,0.32484092436605294,0.3370702297539514
1785,0.3764705882352941,0.4507042253521127,0.21686746987951808,0.20289855072463767,0.25882352941176473,0.28169014084507044,0.02916679457816502,0.112393069291347,0.30521033794356217,0.4018169112508735
1786,0.65,0.6885245901639345,0.43589743589743596,0.5084745762711865,0.375,0.3278688524590164,0.26089177643207306,0.3291705961246801,0.5606603140782828,0.4946268656716418
1787,0.26804123711340205,0.2745098039215686,0.10526315789473684,0.09999999999999999,0.14432989690721648,0.15686274509803924,0.023943187829134,0.01220026412293977,0.20693272812914826,0.18967794915738362
1788,0.4938271604938272,0.5757575757575757,0.20253164556962025,0.28125,0.2716049382716049,0.42424242424242425,0.0396752237380573,0.1635601510774433,0.31390796703296714,0.401443570854939
1789,0.5873015873015873,0.5370370370370371,0.3870967741935484,0.37735849056603776,0.31746031746031744,0.2962962962962963,0.25473719831755465,0.2154507404972655,0.47886405428135637,0.3781722067015742
1790,0.4297520661157025,0.4615384615384615,0.08403361344537816,0.1348314606741573,0.1983471074380165,0.26373626373626374,0.014184879018600485,0.03031075595974169,0.2653015246081113,0.22945014431589414
1791,0.4869565217391304,0.5,0.247787610619469,0.2162162162162162,0.2782608695652174,0.36842105263157887,0.1178621964943093,0.14467000438132246,0.46608885618477036,0.3405493683271461
1792,0.4285714285714286,0.4878048780487804,0.22916666666666663,0.225,0.32653061224489793,0.34146341463414637,0.11156634302121328,0.1284356725246006,0.3989276139410187,0.42575478945040623
1793,0.3917525773195877,0.3454545454545454,0.16842105263157894,0.14814814814814814,0.24742268041237114,0.1818181818181818,0.0272936302200797,0.022547891181633868,0.289119170984456,0.21093990359963077
1794,0.3620689655172413,0.44036697247706424,0.17543859649122806,0.18691588785046728,0.24137931034482757,0.2935779816513761,0.028293637696341443,0.20604436278316826,0.24173922962850294,0.28573528176702784
1795,0.1739130434782609,0.1518987341772152,0.0,0.0,0.10869565217391304,0.0759493670886076,0.005120485239565197,0.006256262221561363,0.10723860589812333,0.09695290858725764
1796,0.3294117647058824,0.1818181818181818,0.19277108433734938,0.0625,0.30588235294117644,0.1515151515151515,0.14920276910823296,0.015094876738728629,0.2429525516759998,0.16262755102040816
1797,0.4883720930232558,0.5757575757575757,0.26190476190476186,0.28125,0.3953488372093023,0.30303030303030304,0.10405607890252992,0.06656499035628416,0.4595385491158786,0.4258474353446009
1798,0.5937499999999999,0.6086956521739131,0.3968253968253969,0.44247787610619466,0.46875,0.5217391304347827,0.3234616230597851,0.29241380447787324,0.46318364922790894,0.44536614239810585
1799,0.4489795918367347,0.7105263157894737,0.3125,0.5405405405405405,0.28571428571428575,0.5789473684210528,0.16870170290732436,0.31848065594338926,0.2804246144215889,0.4114588057445201
1800,0.5178571428571429,0.5208333333333334,0.12727272727272726,0.2127659574468085,0.2142857142857143,0.22916666666666666,0.01820579254093672,0.021537467495609905,0.3199069694740218,0.31189016822287147
1801,0.6851851851851852,0.6019417475728156,0.6037735849056605,0.5544554455445544,0.6666666666666666,0.5825242718446602,0.4444823314818667,0.4058484064846071,0.6546150151542753,0.5373505462791177
1802,0.45528455284552843,0.5154639175257731,0.21487603305785122,0.25263157894736843,0.3089430894308943,0.35051546391752586,0.08913042148251867,0.12745430881920855,0.390473126064165,0.3975125944584383
1803,0.3157894736842105,0.2954545454545454,0.07142857142857142,0.11627906976744186,0.1929824561403509,0.25,0.014734890673119451,0.02162070970981443,0.23131404460518384,0.16762825510681428
1804,0.577319587628866,0.6578947368421053,0.4,0.43243243243243246,0.5567010309278351,0.5526315789473685,0.20600615014914675,0.21545828833785918,0.5091908320669485,0.4488031914893617
1805,0.5098039215686274,0.44155844155844154,0.3,0.16,0.4117647058823529,0.3116883116883117,0.1466701788453605,0.031172387971743983,0.43137813211845105,0.24439076757917338
1806,0.5617977528089887,0.5714285714285714,0.3218390804597701,0.3235294117647059,0.47191011235955055,0.48571428571428577,0.13792125616909445,0.15559694555207862,0.4833793668946767,0.3849005665614662
1807,0.5,0.5826771653543308,0.24691358024691357,0.33599999999999997,0.3048780487804878,0.36220472440944884,0.14628810688547672,0.1908015912526962,0.398912921998611,0.39663747383942166
1808,0.41666666666666663,0.4675324675324675,0.25531914893617025,0.24000000000000002,0.375,0.4155844155844156,0.18092176081223305,0.12174407814034292,0.35546393920278757,0.30641786824992934
1809,0.5454545454545454,0.5391304347826087,0.26890756302521013,0.2654867256637168,0.34710743801652894,0.3304347826086957,0.04204876879826443,0.046518617659268326,0.39553700267985986,0.38916128917331344
1810,0.4747474747474747,0.5668449197860962,0.19387755102040816,0.2486486486486486,0.29292929292929293,0.3636363636363636,0.0319315244883598,0.0545633749385591,0.26148290651726225,0.2751417464585603
1811,0.5486725663716814,0.5925925925925926,0.2702702702702703,0.27848101265822783,0.3893805309734514,0.4691358024691358,0.15607294883539205,0.08857461164509853,0.45215088629485517,0.33143582181681003
1812,0.5084745762711865,0.4571428571428571,0.3275862068965517,0.27184466019417475,0.3898305084745763,0.22857142857142854,0.18340477552459414,0.07599582438098605,0.3760175123005019,0.21158396946564886
1813,0.4329896907216495,0.39999999999999997,0.18947368421052632,0.13636363636363635,0.20618556701030927,0.3333333333333333,0.029909967069885617,0.06850641701978356,0.2387868813451777,0.29946251598465473
1814,0.5517241379310346,0.4705882352941177,0.32941176470588235,0.27272727272727276,0.2988505747126437,0.2647058823529411,0.1890224326648158,0.12339418569948733,0.4879730720265422,0.2571537998577447
1815,0.6929133858267716,0.4778761061946903,0.608,0.37837837837837834,0.6771653543307087,0.4424778761061947,0.5287922602981223,0.3113257882969124,0.6267185793507108,0.38297495654413194
1816,0.4406779661016949,0.2823529411764706,0.15517241379310345,0.07228915662650602,0.23728813559322032,0.16470588235294117,0.046060597460535466,0.013242871062737777,0.3319409168754722,0.14189369658119658
1817,0.3364485981308411,0.38636363636363635,0.09523809523809523,0.0930232558139535,0.16822429906542055,0.1818181818181818,0.01502299696440018,0.026827116684252347,0.22376680474726166,0.22035872350337765
1818,0.3636363636363636,0.3529411764705882,0.18666666666666668,0.1212121212121212,0.31168831168831174,0.2058823529411765,0.04729782264549039,0.021360710220235647,0.3938131313131313,0.2980239714933593
1819,0.6021505376344086,0.6363636363636364,0.41758241758241754,0.40625,0.49462365591397844,0.5151515151515151,0.18351327295915532,0.06408789128514616,0.6536702894727586,0.45497666299851997
1820,0.5555555555555556,0.41025641025641024,0.3636363636363636,0.2631578947368421,0.4222222222222222,0.25641025641025644,0.22995771381824875,0.1693794680230298,0.5161888304776739,0.3224096385542169
1821,0.3076923076923077,0.32989690721649484,0.18439716312056742,0.16842105263157894,0.1818181818181818,0.26804123711340205,0.05942693772565327,0.07245621700681253,0.25903076129919234,0.17663139329805996
1822,0.3653846153846154,0.3950617283950617,0.019607843137254898,0.10126582278481011,0.15384615384615383,0.22222222222222224,0.012049505059461792,0.02500727782157847,0.1754385964912281,0.20648526077097507
1823,0.3896103896103896,0.5675675675675677,0.24,0.5277777777777779,0.33766233766233766,0.5675675675675677,0.1595137043776433,0.33554265071755857,0.5208333333333334,0.7684436655548645
1824,0.7200000000000001,0.8314606741573034,0.5510204081632654,0.7586206896551724,0.54,0.7191011235955055,0.40739887459511187,0.6216682575276301,0.7373741300882547,0.7644074143418835
1825,0.4,0.5154639175257731,0.2222222222222222,0.2947368421052632,0.2,0.32989690721649484,0.10309599006201783,0.10521514475793249,0.266655311945167,0.31485424748411767
1826,0.5112781954887218,0.5599999999999999,0.27480916030534347,0.3577235772357723,0.40601503759398494,0.272,0.15483586242875638,0.23942799131554715,0.4182838207263243,0.40546492659053834
1827,0.3928571428571429,0.4424778761061947,0.12727272727272726,0.2162162162162162,0.17857142857142855,0.2831858407079646,0.030786229472603434,0.03344462415879991,0.256747398367897,0.2803722504230118
1828,0.5762711864406779,0.6601941747572816,0.3103448275862069,0.4554455445544554,0.30508474576271183,0.5825242718446603,0.08396258176464488,0.16794739456202837,0.3815385363286969,0.41064852604883884
1829,0.5652173913043479,0.6304347826086958,0.3333333333333333,0.24444444444444444,0.47826086956521735,0.4130434782608695,0.14987638789869634,0.055766047626271804,0.38804531212340326,0.34622424078091096
1830,0.4999999999999999,0.4727272727272727,0.1864406779661017,0.1851851851851852,0.2666666666666667,0.2545454545454546,0.10004262582585362,0.09100618232864137,0.2560900637823714,0.2927280896428717
1831,0.4482758620689655,0.43809523809523804,0.2280701754385965,0.23300970873786409,0.27586206896551724,0.28571428571428575,0.1763316443945786,0.1215782428305474,0.34731141873999016,0.29601868448210306
1832,0.5294117647058822,0.4,0.24,0.19277108433734938,0.2745098039215686,0.16470588235294117,0.04499282615104464,0.03182255124823367,0.38172020107352816,0.24463631606488748
1833,0.42276422764227645,0.46464646464646464,0.24793388429752067,0.30927835051546393,0.3252032520325204,0.42424242424242425,0.1956113522948382,0.10237802750249746,0.26786725563483976,0.24011763006918643
1834,0.41860465116279066,0.5142857142857143,0.19047619047619047,0.29411764705882354,0.25581395348837205,0.2857142857142857,0.0365921382309162,0.17626255501399044,0.4271123491179201,0.425934924234244
1835,0.5148514851485149,0.46153846153846156,0.3838383838383838,0.22471910112359553,0.39603960396039606,0.2417582417582418,0.2802733661584046,0.15207890408810282,0.5655732138005976,0.39892659279778386
1836,0.3888888888888889,0.48148148148148145,0.11267605633802817,0.22641509433962265,0.18055555555555555,0.25925925925925924,0.01967177361450581,0.1534857162343794,0.2545604066985646,0.3447629754543751
1837,0.5476190476190477,0.3809523809523809,0.2926829268292683,0.17073170731707318,0.30952380952380953,0.30952380952380953,0.10068921364546068,0.07243671671799473,0.3815384615384615,0.30798522307473714
1838,0.45669291338582674,0.4571428571428571,0.15999999999999998,0.27184466019417475,0.22047244094488191,0.3428571428571428,0.07199121031972121,0.17668778095928586,0.3005681650917012,0.335472111965842
1839,0.40522875816993464,0.3934426229508197,0.15894039735099336,0.15,0.26143790849673204,0.22950819672131148,0.034135804673137225,0.031128556680668943,0.28256127542691156,0.22386251211688168
1840,0.6881720430107527,0.6464646464646465,0.5494505494505495,0.4948453608247423,0.6236559139784946,0.6262626262626263,0.29162528686560957,0.2614007456349365,0.6864226910213531,0.6754105622883902
1841,0.4684684684684684,0.45360824742268047,0.22018348623853212,0.2526315789473684,0.2702702702702703,0.43298969072164945,0.028499015228670172,0.023643361346075788,0.28521019327965186,0.26116307220804186
1842,0.35051546391752575,0.3466666666666667,0.1473684210526316,0.10958904109589042,0.28865979381443296,0.26666666666666666,0.02879460455234716,0.03177604227107873,0.292724609375,0.25049603174603174
1843,0.4950495049504951,0.5,0.3232323232323232,0.3137254901960784,0.4752475247524753,0.4615384615384615,0.21864218183105483,0.20445762916151852,0.5710111788617886,0.5962566844919788
1844,0.359375,0.3469387755102041,0.12698412698412698,0.125,0.23437499999999997,0.16326530612244897,0.0299942187862765,0.04564320113517718,0.25476649642203714,0.18265139116202947
1845,0.3764705882352941,0.4383561643835617,0.14457831325301204,0.1971830985915493,0.18823529411764706,0.136986301369863,0.030469273960613164,0.04139156711877854,0.3197707736389685,0.3623971976850442
1846,0.3793103448275862,0.48351648351648346,0.10526315789473684,0.24719101123595505,0.25862068965517243,0.3516483516483517,0.02290430096985733,0.12374422939017311,0.2928571428571428,0.34940206742787644
1847,0.46153846153846156,0.31428571428571433,0.1797752808988764,0.08823529411764705,0.2417582417582418,0.14285714285714288,0.035906331642091054,0.0139906071978976,0.4050016170535877,0.14225434491978609
1848,0.40298507462686567,0.4273504273504274,0.1818181818181818,0.17391304347826086,0.20895522388059698,0.2393162393162393,0.11283513475843147,0.08074424451317413,0.2591576165391831,0.2988835066162571
1849,0.40350877192982454,0.5137614678899083,0.10714285714285714,0.2616822429906542,0.2631578947368421,0.36697247706422026,0.0322200206808624,0.166037634298854,0.2556964944649446,0.3362571494439626
1850,0.5306122448979592,0.5714285714285713,0.27083333333333337,0.3170731707317074,0.2857142857142857,0.35714285714285715,0.20661591428108778,0.13967017877393567,0.37238167938931294,0.31262635247691284
1851,0.549618320610687,0.4485981308411215,0.24806201550387597,0.19047619047619047,0.22900763358778628,0.2429906542056075,0.12459682678718254,0.06475438308620983,0.3286520150532419,0.231055900621118
1852,0.2595419847328244,0.3111111111111111,0.062015503875969,0.10526315789473685,0.16793893129770993,0.19259259259259257,0.04534670916915221,0.0579518035733566,0.12019845532197841,0.16109250047670953
1853,0.45871559633027525,0.39560439560439564,0.11214953271028036,0.11235955056179775,0.20183486238532108,0.2197802197802198,0.01845624464457861,0.015389517413641083,0.31460977585741295,0.23186107673267328
1854,0.3717948717948718,0.39999999999999997,0.09090909090909091,0.14457831325301204,0.16666666666666669,0.18823529411764706,0.019974940234590653,0.0202439088671781,0.2771917487107361,0.20908900669642855
1855,0.4576271186440678,0.5517241379310346,0.27586206896551724,0.3529411764705882,0.33898305084745767,0.3448275862068966,0.12841695694340807,0.1112904686659939,0.3238236122851507,0.3746775363316716
1856,0.46153846153846156,0.8055555555555555,0.2631578947368421,0.6857142857142857,0.41025641025641024,0.7499999999999999,0.15701014973532346,0.39353087227122546,0.38795034816833185,0.6407740843336411
1857,0.35772357723577236,0.3695652173913044,0.16528925619834708,0.20000000000000004,0.2601626016260163,0.32608695652173914,0.07577393481150407,0.12451314185232248,0.2770949720670392,0.2098742603550296
1858,0.46774193548387094,0.49438202247191015,0.19672131147540983,0.25287356321839083,0.20967741935483872,0.35955056179775285,0.07480447919606817,0.08793984704449635,0.3251298459931084,0.26810810810810815
1859,0.4264705882352941,0.40350877192982454,0.16417910447761194,0.16071428571428573,0.20588235294117646,0.19298245614035087,0.03308972736565342,0.018035875938596943,0.22045493784530384,0.17453839253147216
1860,0.2556390977443609,0.3232323232323232,0.0916030534351145,0.061855670103092786,0.19548872180451127,0.18181818181818182,0.018852786469529897,0.008420761448939813,0.1328125,0.13179571663920922
1861,0.2891566265060241,0.2898550724637681,0.07407407407407407,0.08955223880597014,0.19277108433734938,0.2028985507246377,0.010435177484523031,0.007048793693474341,0.26666666666666666,0.20001174812030073
1862,0.5801526717557252,0.5942028985507245,0.32558139534883723,0.3235294117647059,0.33587786259541985,0.30434782608695654,0.24400414436649323,0.21769897651788855,0.3963700108165121,0.4996864178005617
1863,0.6666666666666667,0.7096774193548387,0.46,0.5054945054945055,0.4117647058823529,0.5376344086021505,0.3608569418073304,0.3919889778571937,0.6206378664835813,0.5813754073057795
1864,0.5081967213114754,0.40740740740740744,0.2833333333333333,0.11320754716981132,0.3278688524590164,0.20370370370370372,0.17680824766324973,0.02101299487342348,0.38634199643454353,0.15441580700449506
1865,0.54,0.5,0.3061224489795919,0.33333333333333337,0.36000000000000004,0.45,0.2526213882414725,0.23619025103338215,0.5489339775645359,0.4145231499802137
1866,0.24657534246575344,0.33333333333333326,0.08450704225352114,0.11538461538461538,0.19178082191780818,0.25925925925925924,0.02535021061685972,0.04370614964591188,0.2555668016194332,0.30187351093783843
1867,0.6433566433566433,0.512,0.425531914893617,0.22764227642276422,0.48951048951048953,0.384,0.3178160101881356,0.15030820726410282,0.4718296439800553,0.36894227275479924
1868,0.4615384615384615,0.2894736842105263,0.3157894736842105,0.1081081081081081,0.4102564102564102,0.26315789473684204,0.22692499039089312,0.03408981146282771,0.4754910672283842,0.28863387434033655
1869,0.5434782608695652,0.5813953488372092,0.26666666666666666,0.30952380952380953,0.3695652173913044,0.3023255813953488,0.09834578470659126,0.12238832728919559,0.32007845538737345,0.3518533671548973
1870,0.537313432835821,0.5245901639344263,0.2153846153846154,0.33898305084745767,0.417910447761194,0.32786885245901637,0.1477490668245796,0.20092946521195643,0.3954478987856825,0.31877524185216494
1871,0.43137254901960786,0.42352941176470593,0.18000000000000002,0.14457831325301207,0.2745098039215686,0.3058823529411765,0.019058864535419655,0.01884302148092793,0.2954960045697158,0.24434543402614503
1872,0.6464646464646464,0.5679012345679012,0.35051546391752575,0.30379746835443033,0.4848484848484848,0.4444444444444445,0.2240750868020436,0.12291421474007573,0.5181532782406013,0.35967525566647496
1873,0.4021739130434782,0.5176470588235293,0.1648351648351648,0.14285714285714282,0.2934782608695652,0.23529411764705882,0.10046863042757194,0.011703546886509557,0.29207360506529484,0.32154872389791184
1874,0.44680851063829785,0.575,0.17391304347826086,0.30769230769230765,0.2978723404255319,0.425,0.07819364188971545,0.15344612089354767,0.36320401316003775,0.47400412087912097
1875,0.25,0.3098591549295775,0.023255813953488375,0.08695652173913043,0.15909090909090912,0.16901408450704225,0.011782386561983231,0.012159985973637445,0.20132873293202175,0.14598765432098768
1876,0.48,0.5,0.14285714285714288,0.17073170731707318,0.3,0.2619047619047619,0.07603945204405141,0.016584417555566104,0.3093555093555094,0.3000081503819565
1877,0.686868686868687,0.6024096385542169,0.37113402061855677,0.3950617283950617,0.46464646464646464,0.5542168674698795,0.23169800429268833,0.22229569838921145,0.5436599412950663,0.38767160281001334
1878,0.6464646464646465,0.6578947368421052,0.43298969072164945,0.5135135135135136,0.5656565656565656,0.631578947368421,0.22338096587433956,0.32344032312776255,0.6619053942309434,0.5282094771061089
1879,0.37383177570093457,0.46341463414634143,0.15238095238095237,0.2,0.205607476635514,0.2926829268292683,0.014003177719178032,0.09481216077844942,0.195224171539961,0.278111367718758
1880,0.3529411764705882,0.5333333333333332,0.14,0.3013698630136986,0.29411764705882354,0.37333333333333335,0.036238746344836766,0.12405576802114933,0.2550502232142857,0.4237529691211402
1881,0.4743589743589744,0.47692307692307695,0.2077922077922078,0.171875,0.37179487179487175,0.3384615384615384,0.11018783796619427,0.13403645995560245,0.3943193055162167,0.27800371979760813
1882,0.1702127659574468,0.20930232558139533,0.02173913043478261,0.02380952380952381,0.12765957446808512,0.1627906976744186,0.00879423328912265,0.010393938326032186,0.1385498046875,0.141875
1883,0.37500000000000006,0.48717948717948717,0.10638297872340427,0.18421052631578944,0.20833333333333334,0.35897435897435903,0.01636524062019966,0.04771661455660759,0.29245301819486236,0.37903855320148383
1884,0.6363636363636364,0.5853658536585367,0.4883720930232558,0.275,0.5000000000000001,0.34146341463414637,0.33432718370768866,0.04217599091817322,0.551761635493693,0.2643598615916955
1885,0.42458100558659223,0.34972677595628415,0.15819209039548024,0.12154696132596685,0.1787709497206704,0.2076502732240437,0.07099219628259403,0.034028291434985224,0.2973993668877774,0.2599071200396239
1886,0.6315789473684211,0.6320754716981133,0.38647342995169076,0.36190476190476195,0.5263157894736842,0.5283018867924528,0.1675423001283633,0.16073777022366123,0.404755413615828,0.41760928269226666
1887,0.6268656716417911,0.5633802816901409,0.3484848484848485,0.2571428571428571,0.4029850746268656,0.38028169014084506,0.11244757142483247,0.028117447409874034,0.38571479829209077,0.2825946197007359
1888,0.4395604395604395,0.2222222222222222,0.2247191011235955,0.028571428571428567,0.2417582417582418,0.1388888888888889,0.10245114310804511,0.005653171078511422,0.4807209652531186,0.17857142857142858
1889,0.4,0.34090909090909094,0.12389380530973451,0.046511627906976744,0.34782608695652173,0.2727272727272727,0.02663972841610661,0.010532521529292104,0.28573528176702784,0.1435500432338954
1890,0.4833333333333333,0.44000000000000006,0.23728813559322037,0.24489795918367344,0.3333333333333333,0.34,0.16318903390612202,0.10047522531302545,0.32367763039587594,0.2345566963526008
1891,0.45652173913043476,0.28169014084507044,0.2,0.05797101449275362,0.32608695652173914,0.14084507042253522,0.08159493878109725,0.013889018890784397,0.3428301802004225,0.13139502376292986
1892,0.2340425531914894,0.27522935779816515,0.08695652173913043,0.11214953271028039,0.12765957446808512,0.14678899082568808,0.013368255124145662,0.012446218617455759,0.27360817761153117,0.32159042403436594
1893,0.5655172413793104,0.5528455284552846,0.34965034965034963,0.34710743801652894,0.4413793103448276,0.4878048780487805,0.3236141116366386,0.24953356341264524,0.45252757352941175,0.3861416361416361
1894,0.4565217391304348,0.4571428571428572,0.2888888888888889,0.23529411764705885,0.3695652173913044,0.3428571428571429,0.14370666679571661,0.14722500792577722,0.5891290451088115,0.4968538430904023
1895,0.676056338028169,0.676056338028169,0.5797101449275363,0.6376811594202899,0.676056338028169,0.676056338028169,0.44104365433804277,0.4952678638635001,0.6348938630942341,0.6241591389582933
1896,0.25882352941176473,0.32,0.14457831325301204,0.136986301369863,0.1647058823529412,0.21333333333333332,0.02900697051073635,0.08197539732074254,0.21189258312020456,0.2521748586341888
1897,0.29565217391304344,0.2978723404255319,0.07079646017699115,0.1956521739130435,0.1391304347826087,0.14893617021276595,0.05645743106238594,0.06961200504228233,0.23678487214120555,0.1966645051471184
1898,0.3584905660377358,0.3617021276595745,0.19230769230769232,0.2391304347826087,0.32075471698113206,0.3617021276595745,0.14918508653824356,0.18536008294764042,0.3885979729729729,0.37978181468665906
1899,0.34615384615384615,0.3409090909090909,0.1372549019607843,0.11627906976744184,0.2692307692307693,0.22727272727272724,0.07760620502671253,0.017821295368029472,0.20981572705710638,0.14956729832762888
1900,0.6744186046511628,0.59375,0.411764705882353,0.4444444444444444,0.3023255813953488,0.40625,0.314001771396409,0.20468338734951802,0.5489570183743601,0.40154413572657977
1901,0.4631578947368421,0.40449438202247195,0.19354838709677422,0.22988505747126436,0.2947368421052632,0.3370786516853933,0.039448815526825526,0.1458352000597073,0.3097728990586134,0.2418582375478927
1902,0.7313432835820897,0.5190839694656489,0.5,0.24806201550387597,0.5373134328358209,0.3206106870229008,0.34319546008524354,0.16950124193822927,0.5247970946303593,0.34904991948470204
1903,0.5686274509803921,0.6233766233766234,0.26000000000000006,0.29333333333333333,0.2941176470588235,0.28571428571428575,0.11448557306517253,0.1948172411853275,0.46000985621521334,0.4128237833594976
1904,0.5492957746478874,0.6017699115044248,0.3,0.37837837837837834,0.4084507042253521,0.5309734513274337,0.1994611652740954,0.19885882505679223,0.4289558113448773,0.43162076680999023
1905,0.7591240875912407,0.7751937984496123,0.5037037037037038,0.6299212598425198,0.6277372262773722,0.7751937984496123,0.409553534236074,0.43993943097822247,0.5720360305958131,0.5706243486585394
1906,0.52,0.4158415841584159,0.22448979591836735,0.1414141414141414,0.3,0.21782178217821782,0.11444132075555219,0.01333753219251146,0.3650879470857291,0.22755078485687905
1907,0.65,0.7526881720430109,0.5423728813559322,0.7032967032967032,0.6166666666666667,0.7526881720430109,0.40211999279456984,0.40331615674445526,0.5856300150221669,0.5296610169491526
1908,0.3666666666666667,0.21739130434782608,0.15254237288135591,0.044444444444444446,0.2,0.15217391304347827,0.02972724110585495,0.01107055188858121,0.2638984120018651,0.11130360878661086
1909,0.5467625899280576,0.5982905982905983,0.2627737226277372,0.2260869565217391,0.3741007194244605,0.39316239316239315,0.19408095567420114,0.0954978261981594,0.4067302596714362,0.3954259062269862
1910,0.4464285714285714,0.43999999999999995,0.12727272727272726,0.16326530612244897,0.3035714285714286,0.36000000000000004,0.03186646824300317,0.035447813235115144,0.2656777019358345,0.2158584520381462
1911,0.3846153846153846,0.4367816091954023,0.1372549019607843,0.16470588235294115,0.2884615384615385,0.3448275862068966,0.0961242499769303,0.09334196611061035,0.29224537037037035,0.3168260038240918
1912,0.49504950495049505,0.5853658536585366,0.2222222222222222,0.3,0.25742574257425743,0.2926829268292683,0.07694131807026645,0.15592845929927648,0.3475303164744159,0.3975125944584384
1913,0.6138613861386137,0.5106382978723404,0.3434343434343434,0.19565217391304346,0.5148514851485149,0.3829787234042553,0.1655453046392017,0.03854132847627562,0.4753297684853807,0.38470259367554693
1914,0.4719101123595506,0.4266666666666667,0.18390804597701146,0.16438356164383564,0.3370786516853933,0.32,0.0805111000764593,0.08837046445557763,0.3701492537313433,0.31036655211912945
1915,0.5454545454545455,0.47887323943661975,0.3255813953488372,0.2608695652173913,0.3636363636363636,0.39436619718309857,0.10289528209632637,0.05089934892590172,0.5086107074743439,0.43103448275862066
1916,0.2888888888888889,0.3287671232876712,0.045454545454545456,0.08450704225352113,0.13333333333333333,0.1917808219178082,0.01153419728869882,0.03679506496542543,0.14066496163682862,0.1831404958677686
1917,0.3934426229508197,0.47368421052631576,0.16666666666666663,0.16216216216216214,0.2786885245901639,0.3157894736842105,0.06996381995524524,0.036887575849578545,0.3815560526969923,0.2919946228179552
1918,0.6818181818181818,0.4489795918367347,0.46511627906976744,0.3125,0.4772727272727273,0.30612244897959184,0.2839540593261807,0.18873614734999725,0.5626857793705031,0.38729031525994295
1919,0.5609756097560976,0.5507246376811594,0.4,0.41791044776119407,0.48780487804878053,0.5217391304347826,0.26789951568502807,0.20944921372599531,0.586438063597532,0.3977272727272728
1920,0.638655462184874,0.5483870967741936,0.3076923076923077,0.26229508196721313,0.40336134453781514,0.33870967741935487,0.1322864836335919,0.05289409442798695,0.5371228098500826,0.35292517386421507
1921,0.4242424242424242,0.2823529411764706,0.18556701030927836,0.0963855421686747,0.24242424242424243,0.25882352941176473,0.04167881115593022,0.034002989634680035,0.3880453121234032,0.23777111741557608
1922,0.38,0.4489795918367347,0.14285714285714285,0.14583333333333334,0.21999999999999997,0.2040816326530612,0.028667291694942056,0.029946106381606264,0.1761835791198502,0.1961998093510962
1923,0.33663366336633666,0.273972602739726,0.12121212121212123,0.11267605633802817,0.2772277227722772,0.16438356164383564,0.013243387827292846,0.03207143916009552,0.23337802274194352,0.10362694300518135
1924,0.3793103448275862,0.3243243243243243,0.15789473684210525,0.07339449541284403,0.24137931034482757,0.1981981981981982,0.11454475446002362,0.014774907399564273,0.26524064171122996,0.18164771593855972
1925,0.6666666666666667,0.6562500000000001,0.42105263157894735,0.45161290322580644,0.3076923076923077,0.34374999999999994,0.18138706785930134,0.13786649464848438,0.4645833333333333,0.3918325772849462
1926,0.4603174603174603,0.4615384615384615,0.27419354838709675,0.2352941176470588,0.25396825396825395,0.34615384615384615,0.19574586165872343,0.12631885758572514,0.3497804924603932,0.2830198457668814
1927,0.42857142857142855,0.45714285714285713,0.17073170731707318,0.17647058823529413,0.21428571428571427,0.22857142857142856,0.03099436555527029,0.0428596925372397,0.2768640350877193,0.2700394383179683
1928,0.4736842105263158,0.3098591549295775,0.27027027027027023,0.08695652173913043,0.3157894736842105,0.14084507042253522,0.12576299804399627,0.02085775285293966,0.3453977691740413,0.20562181422279407
1929,0.432,0.4943820224719101,0.22764227642276422,0.18390804597701146,0.30399999999999994,0.31460674157303375,0.1321933494682529,0.03215330440356704,0.341780434553872,0.28940373261702895
1930,0.5499999999999999,0.47887323943661964,0.4102564102564102,0.20289855072463772,0.27499999999999997,0.2535211267605634,0.27159627303716033,0.023619588039813094,0.5978260869565217,0.25211435925721637
1931,0.29729729729729726,0.30985915492957744,0.1111111111111111,0.14492753623188406,0.21621621621621623,0.28169014084507044,0.015622141216474922,0.09093798669760576,0.1212121212121212,0.2719512195121952
1932,0.3773584905660377,0.5765765765765766,0.15384615384615385,0.4036697247706422,0.26415094339622647,0.5045045045045045,0.053963875588827495,0.20018980009705678,0.3502563512113187,0.6837453974225567
1933,0.40336134453781514,0.4672897196261682,0.13675213675213674,0.1714285714285714,0.2184873949579832,0.26168224299065423,0.028419556369877374,0.04326728276552578,0.2782931354359926,0.30614494475038695
1934,0.37777777777777777,0.3466666666666667,0.18181818181818185,0.08219178082191782,0.3555555555555556,0.18666666666666668,0.04309006047076053,0.018686804489766475,0.3132754342431762,0.21922307912025135
1935,0.46153846153846156,0.3116883116883117,0.27450980392156865,0.21333333333333332,0.3653846153846153,0.23376623376623376,0.11937739359683008,0.1511224641254248,0.43832923832923837,0.2758808177468465
1936,0.41818181818181815,0.43373493975903615,0.24074074074074076,0.2716049382716049,0.2909090909090909,0.3614457831325301,0.15313822724490136,0.13144499397616025,0.37191037191037196,0.2692878056199856
1937,0.5046728971962617,0.5346534653465346,0.26666666666666666,0.24242424242424243,0.4485981308411215,0.43564356435643564,0.07924598793675405,0.08678355060660481,0.41926597938144333,0.44912383194297684
1938,0.49523809523809526,0.44999999999999996,0.21359223300970873,0.15384615384615383,0.3428571428571428,0.29999999999999993,0.09391131113662976,0.08591087563325714,0.4651636909583832,0.2732704334930904
1939,0.15189873417721522,0.3058823529411765,0.05194805194805195,0.09638554216867469,0.10126582278481011,0.21176470588235294,0.01323614238074055,0.01465869850971218,0.13808049535603714,0.25030211480362535
1940,0.6476190476190475,0.4421052631578947,0.33009708737864074,0.23655913978494622,0.4571428571428572,0.27368421052631575,0.19289512159786373,0.10828839550428355,0.4567566935180241,0.2896018822488449
1941,0.5352112676056338,0.5217391304347826,0.24285714285714283,0.24778761061946905,0.29577464788732394,0.3652173913043478,0.18289441873227932,0.13831811368475083,0.42747004359058893,0.2836473253408095
1942,0.4615384615384615,0.4222222222222223,0.09803921568627451,0.0909090909090909,0.23076923076923075,0.24444444444444444,0.016973615113481628,0.01412096277630769,0.3211969031178071,0.2680609284332689
1943,0.5591397849462365,0.5277777777777778,0.37362637362637363,0.2571428571428571,0.49462365591397844,0.4444444444444444,0.22526596179110092,0.1195444975694423,0.5591184573002757,0.37747579225352107
1944,0.5714285714285715,0.5974025974025974,0.2916666666666667,0.32,0.4489795918367347,0.49350649350649345,0.12944083548863067,0.15706629058133043,0.4593903164284397,0.38057890013054835
1945,0.5074626865671641,0.505050505050505,0.22727272727272724,0.3092783505154639,0.26865671641791045,0.3838383838383838,0.12358752573306214,0.11416643924217942,0.35804956435981505,0.326708404872155
1946,0.5309734513274337,0.5750000000000001,0.2882882882882883,0.4358974358974359,0.2831858407079646,0.55,0.10000160006400306,0.24292977518185258,0.37139877776699975,0.3931623931623931
1947,0.24742268041237114,0.16666666666666666,0.0631578947368421,0.024390243902439025,0.18556701030927836,0.11904761904761904,0.013433582022038107,0.00961889788545792,0.1572938689217759,0.10425909494232474
1948,0.4421052631578947,0.4444444444444444,0.2150537634408602,0.25316455696202533,0.3368421052631579,0.29629629629629634,0.18282472485667683,0.15414816743964563,0.29355501566686343,0.3107237174188168
1949,0.358974358974359,0.2978723404255319,0.08695652173913045,0.06521739130434782,0.17094017094017094,0.14893617021276595,0.024557150113447886,0.013863341114467655,0.2818181818181818,0.22306597057427618
1950,0.28571428571428575,0.5217391304347827,0.08333333333333334,0.208955223880597,0.18367346938775508,0.2898550724637681,0.013712360858743172,0.02367111362157911,0.1928502191808567,0.27688229338732884
1951,0.5132743362831859,0.47619047619047616,0.2162162162162162,0.24390243902439024,0.3008849557522124,0.38095238095238093,0.06568550058916131,0.17535258817151533,0.4791666666666667,0.3817201327433628
1952,0.4193548387096774,0.4859813084112149,0.14754098360655737,0.19047619047619047,0.30645161290322576,0.3177570093457944,0.02956381498332535,0.0477232154483013,0.24568715083798884,0.26574083844317037
1953,0.3111111111111111,0.6,0.15909090909090912,0.28571428571428575,0.26666666666666666,0.41999999999999993,0.07276375309803214,0.04457483297364406,0.17862570560138946,0.5150232773359343
1954,0.4337349397590361,0.6352941176470588,0.17283950617283952,0.3373493975903615,0.26506024096385544,0.39999999999999997,0.04707922854280622,0.1596552515137844,0.3066450943935926,0.4948337129840547
1955,0.4754098360655738,0.4230769230769231,0.2833333333333333,0.11764705882352941,0.4098360655737705,0.2884615384615385,0.17001288809858583,0.01839424215236725,0.37007492376355594,0.25153418010560863
1956,0.5357142857142857,0.5526315789473684,0.30909090909090914,0.16216216216216214,0.3214285714285714,0.31578947368421056,0.13401434473469037,0.037580154149470295,0.44289789219845493,0.30384006334125097
1957,0.42857142857142855,0.42424242424242425,0.21951219512195122,0.18750000000000003,0.2380952380952381,0.24242424242424243,0.03725917780842771,0.03924032282136175,0.30743801652892566,0.17341040462427745
1958,0.3888888888888889,0.4155844155844156,0.09859154929577466,0.05333333333333333,0.19444444444444445,0.28571428571428575,0.039538820347482406,0.014137574519930989,0.3339108263598326,0.21502952227589908
1959,0.48214285714285715,0.4123711340206186,0.07272727272727271,0.10526315789473684,0.17857142857142858,0.16494845360824742,0.014980620180224391,0.03007658090196756,0.28750282485875706,0.17509727626459143
1960,0.37500000000000006,0.39999999999999997,0.11111111111111112,0.14814814814814814,0.171875,0.21818181818181817,0.014512321436219094,0.014933946395183618,0.20015748031496058,0.25891744913403963
1961,0.5132743362831859,0.4395604395604395,0.2522522522522523,0.15730337078651685,0.3185840707964602,0.24175824175824173,0.12146225872770755,0.0194954132532325,0.3715935070873343,0.23056868176633538
1962,0.4318181818181818,0.5507246376811594,0.23255813953488372,0.3283582089552239,0.27272727272727276,0.37681159420289856,0.14187543102220676,0.2315365683956557,0.40937288864320376,0.41093353329659316
1963,0.42105263157894735,0.4358974358974359,0.19354838709677416,0.2631578947368421,0.3578947368421052,0.3846153846153846,0.13240628161243978,0.1547918519500672,0.3128507295173962,0.31706161137440764
1964,0.42424242424242425,0.35616438356164387,0.20618556701030927,0.11267605633802817,0.3434343434343435,0.2191780821917808,0.07515153914064741,0.020315529420776156,0.3581072351421189,0.1902428973695657
1965,0.4423076923076923,0.43243243243243246,0.1764705882352941,0.2018348623853211,0.2692307692307692,0.36036036036036034,0.07942549363825657,0.11731035143205971,0.3081026785714286,0.3500003339857188
1966,0.4418604651162791,0.22535211267605634,0.2380952380952381,0.02898550724637681,0.3255813953488372,0.19718309859154928,0.10103674020661256,0.015362849996515139,0.43687637409098584,0.11428571428571428
1967,0.6382978723404256,0.6024096385542169,0.30434782608695654,0.24691358024691357,0.40425531914893614,0.4337349397590362,0.17225193377043252,0.1959450785993979,0.4390755947553393,0.43501772799518473
1968,0.45637583892617445,0.3789473684210526,0.14965986394557823,0.10752688172043011,0.2550335570469799,0.23157894736842102,0.029302072667172503,0.018859398893621784,0.38851511730947763,0.1945014015780731
1969,0.6086956521739131,0.45454545454545453,0.24444444444444444,0.11627906976744186,0.28260869565217395,0.25,0.12082057004156244,0.0259564415236943,0.43595079118265806,0.23680176424710211
1970,0.27722772277227714,0.2891566265060241,0.0606060606060606,0.14814814814814817,0.1584158415841584,0.26506024096385544,0.013839209880933743,0.03606795609134687,0.16031654399384226,0.21520467836257307
1971,0.5737704918032787,0.5423728813559322,0.26666666666666666,0.25862068965517243,0.40983606557377056,0.3220338983050847,0.11733483563249557,0.08746740746374837,0.47041870936555485,0.44483958590144984
1972,0.4316546762589928,0.34108527131782945,0.1313868613138686,0.11023622047244094,0.2589928057553957,0.20155038759689922,0.021516846666641398,0.02145794533331065,0.2800780831131864,0.17793687290969898
1973,0.5271317829457365,0.5048543689320388,0.3307086614173228,0.27722772277227714,0.372093023255814,0.4077669902912621,0.26082765624620835,0.22458540480799136,0.3198982601450993,0.2729264347576831
1974,0.5252525252525253,0.3380281690140845,0.24742268041237114,0.11594202898550725,0.303030303030303,0.3098591549295775,0.1184010165730705,0.01936632132196306,0.437055540552705,0.21754535147392287
1975,0.6126126126126126,0.6363636363636365,0.3853211009174311,0.37209302325581395,0.4864864864864864,0.5227272727272727,0.3071242350365383,0.25448113759211,0.5588174564396534,0.44390257814282447
1976,0.3333333333333333,0.45901639344262296,0.17073170731707318,0.13559322033898305,0.2619047619047619,0.3278688524590164,0.1347074304649598,0.021786562244985277,0.2684871689396576,0.2581803469377434
1977,0.2696629213483146,0.37333333333333335,0.13793103448275862,0.1917808219178082,0.24719101123595508,0.2933333333333334,0.09899454101616163,0.13497563057408893,0.3121147682445759,0.29070228595903996
1978,0.4583333333333333,0.5494505494505495,0.21276595744680848,0.3146067415730337,0.35416666666666663,0.3736263736263736,0.08776230670079477,0.11535569229124434,0.4657963446475196,0.5398525719886778
1979,0.5238095238095237,0.5365853658536586,0.3170731707317073,0.225,0.4523809523809524,0.34146341463414637,0.1985295651629352,0.05025022118172459,0.48491387356175947,0.41190910524063695
1980,0.5,0.33766233766233766,0.2553191489361702,0.13333333333333333,0.3125,0.28571428571428575,0.11538267844591657,0.019133137335032815,0.5375079719387754,0.2373925925925926
1981,0.3603603603603604,0.25806451612903225,0.11009174311926605,0.04395604395604396,0.25225225225225223,0.17204301075268816,0.06157123341766962,0.01263221558550226,0.20888939670932358,0.1400089605734767
1982,0.45614035087719296,0.5510204081632653,0.25,0.3125,0.38596491228070173,0.44897959183673464,0.15502438015135697,0.19219407211695028,0.45804694835680754,0.49596097560975616
1983,0.41304347826086957,0.23529411764705882,0.13333333333333336,0.12121212121212122,0.2826086956521739,0.17647058823529413,0.04127648373153852,0.038504519018271906,0.37622391047969067,0.07874015748031496
1984,0.35772357723577236,0.3870967741935484,0.1652892561983471,0.1978021978021978,0.29268292682926833,0.27956989247311825,0.11161133657801552,0.16392772674508457,0.3808367780749712,0.32179664980692885
1985,0.4464285714285715,0.4615384615384615,0.14545454545454545,0.15730337078651688,0.3214285714285714,0.2857142857142857,0.014848091986898446,0.03952745497467512,0.3262094125881502,0.36578366445916116
1986,0.5,0.6461538461538462,0.2682926829268293,0.34920634920634924,0.3095238095238095,0.27692307692307694,0.14358701360596682,0.17236210977436373,0.4324407510003078,0.4356060606060607
1987,0.44943820224719105,0.42857142857142855,0.18390804597701146,0.14705882352941174,0.22471910112359553,0.19999999999999998,0.08728913550720153,0.09695847481703304,0.3590349740932643,0.32812594610959744
1988,0.37499999999999994,0.5217391304347826,0.05128205128205128,0.3283582089552239,0.19999999999999998,0.43478260869565216,0.014242196946931705,0.21698304986619052,0.20594187896859112,0.3375668449197861
1989,0.39682539682539686,0.4155844155844156,0.1774193548387097,0.18666666666666668,0.20634920634920634,0.2597402597402597,0.06379412996646219,0.04104002889093719,0.37799401197604793,0.29581436258278143
1990,0.660377358490566,0.5744680851063829,0.576923076923077,0.30434782608695654,0.6415094339622641,0.425531914893617,0.3056936884355273,0.15448739460725425,0.6585278626698745,0.46807909604519776
1991,0.41666666666666663,0.4,0.14893617021276598,0.1686746987951807,0.29166666666666663,0.30588235294117644,0.016639012025123044,0.036302916215581765,0.38577274069491124,0.27201592366953553
1992,0.5185185185185186,0.4742268041237114,0.30188679245283023,0.2736842105263158,0.462962962962963,0.4123711340206186,0.21915801729869583,0.1735628241541669,0.49201075779148873,0.36579190305898385
1993,0.3742690058479532,0.3055555555555555,0.14201183431952663,0.09859154929577464,0.17543859649122806,0.16666666666666666,0.049611844358434645,0.04435896039382951,0.18930228341336533,0.2024741015408143
1994,0.5599999999999999,0.417910447761194,0.20809248554913296,0.16666666666666669,0.26285714285714284,0.2238805970149254,0.04039322734807821,0.0267890686207332,0.35921104536489146,0.2352484472049689
1995,0.35514018691588783,0.5714285714285715,0.13333333333333333,0.32,0.18691588785046728,0.44155844155844154,0.022908772036214792,0.1919328261354665,0.2564006024096385,0.46728064179587725
1996,0.49056603773584906,0.4375,0.23076923076923075,0.1702127659574468,0.22641509433962265,0.20833333333333334,0.09815577016627534,0.09416034954139203,0.3686010582974621,0.2929546986614097
1997,0.2826086956521739,0.3333333333333333,0.06666666666666665,0.10526315789473685,0.2173913043478261,0.20512820512820512,0.015904297349587267,0.02577290876346665,0.17980417018878556,0.16097089723463345
1998,0.4044943820224719,0.42424242424242425,0.18390804597701146,0.15625,0.22471910112359553,0.27272727272727276,0.07252605189561437,0.08434096828647734,0.30976149140211634,0.26943361614308653
1999,0.3092783505154639,0.3037974683544304,0.0631578947368421,0.05194805194805195,0.2061855670103093,0.1772151898734177,0.012882549225328634,0.016474575791240956,0.2669598358252712,0.20552847415660785
2000,0.35200000000000004,0.3789473684210526,0.14634146341463417,0.15053763440860213,0.22399999999999998,0.3157894736842105,0.02563631217412045,0.02079180899189383,0.33206412825651305,0.24912732712765956
2001,0.5750000000000001,0.4507042253521127,0.30769230769230765,0.14492753623188404,0.39999999999999997,0.25352112676056343,0.04759600467171392,0.0371749241029078,0.4983240223463687,0.2108134920634921
2002,0.35185185185185186,0.5106382978723405,0.11320754716981132,0.26086956521739135,0.22222222222222224,0.3617021276595745,0.05952523922534138,0.1377209342807476,0.26363459019591456,0.4631542699724518
2003,0.3541666666666667,0.43037974683544306,0.10638297872340427,0.12987012987012989,0.18749999999999997,0.30379746835443044,0.012646071698454286,0.017317490673177862,0.35108519598315513,0.36826367652055725
2004,0.5112781954887218,0.41904761904761906,0.21374045801526717,0.2718446601941748,0.36090225563909767,0.3428571428571428,0.043691337194082115,0.0782540609802082,0.25916221898754654,0.194994918699187
2005,0.5769230769230769,0.4375,0.33333333333333337,0.1276595744680851,0.42307692307692313,0.18749999999999997,0.2507376356833394,0.01581218796598209,0.45556821381610385,0.23427524198297026
2006,0.5333333333333333,0.34426229508196726,0.25675675675675674,0.15000000000000002,0.29333333333333333,0.26229508196721313,0.09555325088940472,0.027268414396955383,0.2977356327330053,0.22360204195422947
2007,0.38636363636363635,0.5277777777777778,0.20930232558139533,0.2571428571428572,0.22727272727272727,0.2222222222222222,0.10777245529804232,0.13082252574718825,0.31318082788671026,0.3564982346777957
2008,0.5714285714285714,0.5818181818181818,0.18803418803418803,0.16666666666666666,0.31932773109243695,0.2909090909090909,0.03784219180388753,0.037907949382939524,0.4062246438822793,0.34228007181328535
2009,0.375,0.3724137931034483,0.1971830985915493,0.12587412587412586,0.3194444444444444,0.23448275862068962,0.09923807088180456,0.014209304817575074,0.2648378191856453,0.2723095975232198
2010,0.2153846153846154,0.20312499999999997,0.03125,0.015873015873015872,0.15384615384615385,0.140625,0.008287424277099725,0.004617078818203884,0.12832125603864733,0.09581881533101046
2011,0.6060606060606061,0.4615384615384615,0.21538461538461537,0.17391304347826086,0.30303030303030304,0.3076923076923077,0.14134832933907765,0.08115271897766708,0.3494598201805409,0.26944005616991396
2012,0.5357142857142857,0.5454545454545454,0.1818181818181818,0.2558139534883721,0.32142857142857145,0.43181818181818177,0.06130092369662883,0.12773605610501024,0.45072871837851924,0.3475303164744159
2013,0.5039370078740159,0.4242424242424242,0.256,0.10309278350515463,0.3937007874015749,0.3636363636363637,0.09793316925795417,0.028387481895773576,0.4924292297564186,0.29018264840182645
2014,0.5517241379310345,0.5,0.30588235294117644,0.22857142857142856,0.39080459770114934,0.3333333333333333,0.05810437612217841,0.04562309457484729,0.5205721229890822,0.37361014994232983
2015,0.14285714285714285,0.1176470588235294,0.0,0.0,0.09523809523809523,0.02941176470588235,0,0.004089349842971759,0.04166666666666668,0.02222222222222222
2016,0.5454545454545454,0.4038461538461538,0.28865979381443296,0.0784313725490196,0.4848484848484848,0.1730769230769231,0.11964258135552995,0.016075475828140333,0.5199274570641962,0.26927966101694917
2017,0.6969696969696969,0.8070175438596492,0.6153846153846154,0.6964285714285714,0.6515151515151516,0.5614035087719298,0.4111419567477151,0.5557929026768856,0.6971862862482844,0.7349169175867069
2018,0.5039370078740157,0.3673469387755102,0.24,0.10416666666666667,0.2677165354330709,0.24489795918367346,0.11015802380984063,0.01796506967950386,0.315767928249786,0.13740438892414575
2019,0.34343434343434337,0.38961038961038963,0.10309278350515466,0.10666666666666667,0.2222222222222222,0.2857142857142857,0.013863341114467655,0.031524833852735246,0.15317286652078774,0.2205019939010087
2020,0.4126984126984127,0.5714285714285714,0.17741935483870966,0.1875,0.28571428571428575,0.24489795918367344,0.03779923165508146,0.03340141609870016,0.31061656599300935,0.3199916614550761
2021,0.4833333333333333,0.4429530201342282,0.2711864406779661,0.14965986394557823,0.3166666666666667,0.2953020134228188,0.03957669983215952,0.03402233172813786,0.28526761699838615,0.2771993911719939
2022,0.5298013245033113,0.4297520661157025,0.28187919463087246,0.21848739495798322,0.3178807947019867,0.3305785123966942,0.14516389496555823,0.15205265094325626,0.41451690605416613,0.2940386564668578
2023,0.6071428571428571,0.7307692307692307,0.43636363636363634,0.5882352941176471,0.42857142857142855,0.5,0.32997475086815276,0.3981317970935804,0.4224249141162888,0.4864715494040754
2024,0.513888888888889,0.4967320261437909,0.2112676056338028,0.2251655629139073,0.40277777777777773,0.392156862745098,0.14205843477952465,0.13328861988736582,0.35444849115504684,0.37859222389181063
2025,0.3076923076923077,0.2654867256637168,0.05673758865248227,0.05405405405405405,0.11188811188811189,0.1415929203539823,0.009777282281450965,0.0030114500473292704,0.18002014665901236,0.07513661202185792
2026,0.5306122448979592,0.4411764705882353,0.27586206896551724,0.3283582089552239,0.4081632653061225,0.39705882352941174,0.17601251731795936,0.1736646686708719,0.3404813440527726,0.3069195160202744
2027,0.42857142857142855,0.572972972972973,0.16494845360824745,0.28415300546448086,0.29591836734693877,0.4432432432432432,0.0684463635891538,0.06592198759220672,0.26231636623521004,0.31065452755905515
2028,0.3697478991596638,0.5434782608695652,0.17094017094017094,0.26666666666666666,0.2689075630252101,0.2826086956521739,0.03683963963607931,0.04725401866956742,0.24256982049739265,0.34765781634874265
2029,0.43678160919540227,0.5974025974025974,0.2352941176470588,0.4,0.41379310344827586,0.4675324675324675,0.21195722044582718,0.31149206739821345,0.34375453885257806,0.49053911589355825
2030,0.4102564102564103,0.5,0.15652173913043477,0.24444444444444444,0.3076923076923077,0.28260869565217395,0.10692452429600897,0.06096095577440523,0.2984769545237986,0.2610779224267259
2031,0.6956521739130435,0.5510204081632654,0.49557522123893805,0.33333333333333337,0.5739130434782609,0.4081632653061224,0.281786921372182,0.1423878674565796,0.5193614219881502,0.3290700814550113
2032,0.4772727272727273,0.5217391304347826,0.2558139534883721,0.3283582089552239,0.3181818181818182,0.43478260869565216,0.15029204094905121,0.18892963826656214,0.40888888888888886,0.4201680672268907
2033,0.46956521739130436,0.44000000000000006,0.1592920353982301,0.061224489795918366,0.3304347826086957,0.26,0.0153086342603718,0.012133650006341503,0.34248103525211965,0.2418014978401452
2034,0.4727272727272727,0.4235294117647059,0.2962962962962963,0.19277108433734938,0.43636363636363634,0.30588235294117644,0.1959207027727648,0.12486374823840939,0.4543582317337542,0.3679493058740151
2035,0.5176470588235295,0.5238095238095238,0.38554216867469876,0.36585365853658536,0.39999999999999997,0.42857142857142855,0.2515118408942346,0.25434292071719206,0.5387931034482758,0.5091028453396955
2036,0.5359477124183006,0.5483870967741935,0.27814569536423844,0.2459016393442623,0.3398692810457516,0.24193548387096772,0.17646679484329916,0.1608934333240399,0.46386813116021386,0.37818082743464226
2037,0.47706422018348627,0.27906976744186046,0.16822429906542058,0.023809523809523808,0.3853211009174312,0.186046511627907,0.06846475974153583,0.010855743210015298,0.36927691937143736,0.11088709677419356
2038,0.5740740740740741,0.4615384615384615,0.2075471698113208,0.18421052631578944,0.24074074074074076,0.20512820512820515,0.098603291286199,0.046190381778730104,0.4792570498915401,0.2716701711136891
2039,0.29059829059829057,0.14285714285714285,0.034782608695652174,0.0,0.10256410256410256,0.057142857142857134,0.004303718913135972,0.006184667464058876,0.12106537530266344,0.04054054054054054
2040,0.6194690265486725,0.6739130434782609,0.3423423423423423,0.4222222222222222,0.42477876106194684,0.5217391304347826,0.19998615624210594,0.2397500754691918,0.4812691548001195,0.4680695327212805
2041,0.5813953488372093,0.5783132530120482,0.28571428571428564,0.2962962962962963,0.3023255813953488,0.31325301204819284,0.15432603662740563,0.1686730079436037,0.4670822570792268,0.4484028888565751
2042,0.41481481481481486,0.2549019607843137,0.19548872180451127,0.14,0.3111111111111111,0.21568627450980393,0.12516005012860815,0.07378528590759947,0.3323106806691416,0.13432653061224487
2043,0.4230769230769231,0.5168539325842697,0.19607843137254902,0.25287356321839083,0.3653846153846153,0.40449438202247195,0.1381513531043138,0.1769712723813187,0.36113360323886645,0.3726851851851851
2044,0.5806451612903226,0.5,0.24175824175824173,0.27272727272727276,0.30107526881720426,0.2647058823529412,0.05231470616409397,0.03617386690059042,0.3652388443935926,0.244982512779123
2045,0.45398773006134974,0.4461538461538461,0.2484472049689441,0.296875,0.3067484662576687,0.36923076923076925,0.17247907198005052,0.11342376978652158,0.3021146697520986,0.24057974785168443
2046,0.3448275862068966,0.47887323943661975,0.09411764705882353,0.14492753623188404,0.16091954022988506,0.25352112676056343,0.03248429723773907,0.023156671020460835,0.264237926575589,0.21141754218401784
2047,0.5,0.5263157894736842,0.169811320754717,0.23214285714285715,0.2592592592592593,0.2982456140350877,0.03641930949593228,0.036971212318401364,0.36293787662861016,0.3790473794932772
2048,0.38095238095238093,0.41025641025641024,0.23300970873786406,0.2631578947368421,0.20952380952380953,0.25641025641025644,0.1302073057408704,0.16740317817915037,0.32115524781341115,0.251890542440254
2049,0.48543689320388356,0.4197530864197531,0.2574257425742575,0.20253164556962025,0.3106796116504854,0.22222222222222224,0.10887743834886722,0.12804682817218818,0.42809263157894734,0.3244422038390736
2050,0.39583333333333337,0.5185185185185185,0.2765957446808511,0.3291139240506329,0.22916666666666666,0.3703703703703703,0.1846596666944265,0.23703459826005296,0.43246479686057254,0.4976728427974763
2051,0.5555555555555556,0.5263157894736843,0.3661971830985915,0.26785714285714285,0.45833333333333337,0.42105263157894735,0.2364422106323373,0.10082336563330717,0.39993309068554866,0.31117957746478875
2052,0.5714285714285715,0.37500000000000006,0.3418803418803419,0.20512820512820515,0.48739495798319327,0.35,0.18827269294684068,0.1268992802227656,0.5291319857312723,0.18343195266272186
2053,0.36036036036036034,0.411764705882353,0.11009174311926606,0.1515151515151515,0.21621621621621623,0.2647058823529412,0.0260340884004478,0.03988238152606946,0.28113097365187,0.2215610664184562
2054,0.5046728971962617,0.5,0.2476190476190476,0.2926829268292683,0.3177570093457944,0.40476190476190477,0.12569502659320056,0.19065000833142293,0.47954935701844315,0.4129955947136564
2055,0.27999999999999997,0.4615384615384615,0.08163265306122448,0.15789473684210528,0.18,0.20512820512820512,0.02519820294120627,0.04292670396725621,0.1790065706453157,0.3065797794825263
2056,0.27906976744186046,0.38461538461538464,0.07874015748031495,0.1372549019607843,0.17054263565891473,0.3076923076923077,0.012335471928962501,0.01906830910916019,0.17322856333417272,0.19360696938609512
2057,0.3170731707317073,0.3835616438356164,0.125,0.16901408450704225,0.21951219512195122,0.3013698630136986,0.034038042427431366,0.051059550804342414,0.28018592419307986,0.2868570176262484
2058,0.3283582089552239,0.4444444444444445,0.13636363636363638,0.1818181818181818,0.22388059701492538,0.2666666666666666,0.02563631217412045,0.0364153913817477,0.22143895348837214,0.21795418151764037
2059,0.3709677419354838,0.40816326530612246,0.0819672131147541,0.08333333333333333,0.25806451612903225,0.32653061224489793,0.02455499133472534,0.02913450581322207,0.29693692586561793,0.27015107212475636
2060,0.4485981308411215,0.3673469387755103,0.1714285714285714,0.08333333333333333,0.2803738317757009,0.18367346938775514,0.08969209657070817,0.010473730489024103,0.3106280159742637,0.16027603279386712
2061,0.6904761904761905,0.393939393939394,0.5365853658536586,0.3125,0.6428571428571429,0.3636363636363636,0.3221325993031584,0.23646924972047098,0.7046628885740478,0.31016186610592206
2062,0.3661971830985916,0.3063063063063063,0.07142857142857142,0.05504587155963303,0.16901408450704225,0.12612612612612614,0.01139780877354611,0.006812268745158809,0.1854049722372029,0.10695187165775401
2063,0.3908045977011494,0.39506172839506165,0.16470588235294117,0.02531645569620253,0.20689655172413793,0.22222222222222224,0.0849541643814335,0.015353897595014288,0.3112962721159496,0.2682908570668086
2064,0.3875968992248062,0.3304347826086957,0.2204724409448819,0.07079646017699115,0.29457364341085274,0.19130434782608696,0.22114801074313564,0.02139058854733188,0.29748902680311745,0.19510501840301506
2065,0.3518518518518518,0.35416666666666663,0.09433962264150944,0.1702127659574468,0.18518518518518517,0.22916666666666666,0.03163924185591822,0.08733992816245584,0.30059523809523814,0.31044871034846994
2066,0.41904761904761906,0.4044943820224719,0.17475728155339804,0.13793103448275865,0.1904761904761905,0.2247191011235955,0.03749834259679986,0.037865216827555614,0.42559608625439355,0.35034935014951
2067,0.2857142857142857,0.4000000000000001,0.08695652173913043,0.2222222222222222,0.18571428571428572,0.21818181818181817,0.018460553827399192,0.11076056449649449,0.236994103592057,0.34650924024640656
2068,0.42105263157894735,0.4411764705882353,0.17204301075268819,0.15151515151515152,0.3368421052631579,0.35294117647058826,0.09623329638024435,0.03686418478173179,0.29315603025783077,0.18967794915738362
2069,0.4403669724770642,0.44000000000000006,0.22429906542056074,0.16326530612244897,0.33027522935779813,0.26,0.13351346405404302,0.06777655824894453,0.32309650527165995,0.2808051601423488
2070,0.5263157894736843,0.3917525773195877,0.21428571428571427,0.10526315789473684,0.3508771929824561,0.2061855670103093,0.13946707572078185,0.022375900108757063,0.3747161416006732,0.14705882352941177
2071,0.41860465116279066,0.44444444444444453,0.14285714285714288,0.17721518987341772,0.2558139534883721,0.37037037037037035,0.03309174328550828,0.11376631525572614,0.25784507351327635,0.34911961141469333
2072,0.4485981308411215,0.3098591549295775,0.13333333333333333,0.08695652173913045,0.13084112149532712,0.14084507042253522,0.029744906342648408,0.032671083691996526,0.34646875,0.20162601626016258
2073,0.44444444444444453,0.2647058823529412,0.22784810126582278,0.0909090909090909,0.345679012345679,0.23529411764705882,0.1207660158443925,0.017010139363731934,0.3318903318903319,0.14301915322580644
2074,0.5531914893617021,0.7594936708860759,0.391304347826087,0.6233766233766234,0.44680851063829785,0.5316455696202531,0.23573691484920462,0.5009718769021604,0.5138117682506887,0.6352350871581641
2075,0.5742574257425743,0.46511627906976744,0.26262626262626265,0.28571428571428575,0.4158415841584159,0.3953488372093023,0.09186761034814503,0.0746966941372234,0.39255598455598456,0.27909124746687985
2076,0.41025641025641024,0.42105263157894735,0.17391304347826086,0.1935483870967742,0.2393162393162393,0.2736842105263158,0.0796490747213396,0.05239775384424863,0.334998352553542,0.2723048415001938
2077,0.6233766233766235,0.328125,0.5,0.1746031746031746,0.5454545454545455,0.28125,0.2139542210906934,0.016282081287428973,0.41203155818540427,0.150501276370767
2078,0.5185185185185186,0.40860215053763443,0.169811320754717,0.21978021978021978,0.38888888888888884,0.2150537634408602,0.036296964278629044,0.07370499385951333,0.3324983598735611,0.20799011532125206
2079,0.22608695652173913,0.5161290322580645,0.10619469026548672,0.2857142857142857,0.1565217391304348,0.4086021505376344,0.024650822821549758,0.1213610809218618,0.19942855678556784,0.29902529487247104
2080,0.4313725490196078,0.43749999999999994,0.24,0.2553191489361702,0.3137254901960784,0.31250000000000006,0.15119648828963342,0.14412759418050577,0.3027905827687164,0.33180288461538465
2081,0.35443037974683544,0.30927835051546393,0.08974358974358973,0.1263157894736842,0.22784810126582278,0.2268041237113402,0.06680230939710763,0.07307786119882267,0.2494920702307669,0.13673303197500497
2082,0.53125,0.42276422764227645,0.253968253968254,0.24793388429752067,0.34375,0.3252032520325203,0.11377651372527628,0.12129492250161815,0.33230628991215744,0.30350468293521227
2083,0.5212765957446808,0.43971631205673756,0.2795698924731183,0.25899280575539574,0.2978723404255319,0.2978723404255319,0.16154104864368402,0.10552904044639166,0.43407788191384344,0.29723747575852794
2084,0.4740740740740741,0.32558139534883723,0.13533834586466165,0.09448818897637795,0.16296296296296295,0.2015503875968992,0.016471988943409253,0.015750473255825855,0.3132438940488476,0.24085122195057937
2085,0.5256410256410257,0.375,0.28571428571428575,0.14545454545454545,0.39743589743589747,0.26785714285714285,0.11198581650599422,0.02700976353971349,0.41775693670820485,0.20205070842654738
2086,0.4360902255639098,0.32,0.183206106870229,0.14285714285714285,0.22556390977443608,0.26,0.033850645052595864,0.013327284433395663,0.2689419812882928,0.16543825018306854
2087,0.32941176470588235,0.32352941176470584,0.048192771084337345,0.09090909090909091,0.18823529411764706,0.2647058823529412,0.0111851888957889,0.02028576299736498,0.239868804664723,0.28264925373134325
2088,0.42990654205607476,0.5473684210526315,0.1904761904761905,0.30107526881720426,0.22429906542056074,0.4842105263157895,0.019256112630012114,0.1650160866506184,0.28015584764979434,0.443617983068957
2089,0.5567010309278351,0.647887323943662,0.3157894736842105,0.37681159420289856,0.3092783505154639,0.36619718309859156,0.14203214956519228,0.10581607609245358,0.43090050339640945,0.39939236111111115
2090,0.41818181818181815,0.26804123711340205,0.11111111111111112,0.042105263157894736,0.2727272727272727,0.20618556701030932,0.025873585474851017,0.011597748989988079,0.3022637626479163,0.14801225420347677
2091,0.5050505050505051,0.4888888888888889,0.268041237113402,0.2272727272727273,0.30303030303030304,0.24444444444444444,0.1842496017884442,0.03936482792475133,0.41312941176470586,0.3264672469120716
2092,0.4731182795698925,0.40963855421686746,0.24175824175824176,0.1728395061728395,0.3655913978494624,0.24096385542168675,0.2039823758593055,0.020854069676850478,0.3966836734693877,0.26861702127659576
2093,0.40540540540540543,0.4444444444444445,0.1917808219178082,0.18309859154929578,0.2702702702702703,0.3055555555555556,0.046673526976852606,0.07284646093573946,0.20549603602122712,0.255134006265228
2094,0.42990654205607476,0.43137254901960786,0.26666666666666666,0.21999999999999997,0.35514018691588783,0.3529411764705882,0.21162058968337388,0.1899437228213771,0.3859590040636717,0.35751503006012025
2095,0.39560439560439564,0.36065573770491804,0.0898876404494382,0.20338983050847456,0.24175824175824173,0.32786885245901637,0.015275844289895266,0.05880089513013978,0.31617279473029003,0.2549230769230769
2096,0.4615384615384615,0.4421052631578948,0.17647058823529413,0.12903225806451613,0.2692307692307692,0.18947368421052632,0.03147198259074957,0.02723308971076269,0.27602334911305015,0.2599906490842638
2097,0.5102040816326531,0.44705882352941173,0.25,0.26506024096385544,0.2857142857142857,0.2588235294117647,0.09857434200635984,0.10953590221562978,0.3055441478439425,0.29433572737053293
2098,0.33962264150943394,0.2222222222222222,0.1923076923076923,0.0909090909090909,0.3018867924528302,0.2222222222222222,0.09559161229812302,0.02417396906483826,0.33500976562499996,0.1378319300518135
2099,0.43373493975903615,0.15625,0.24691358024691354,0.0,0.36144578313253006,0.125,0.17820035757960134,0.008261364238101187,0.5060917314245091,0.06289308176100629
2100,0.4297520661157025,0.44,0.2184873949579832,0.16326530612244897,0.2809917355371901,0.24,0.05132167919282155,0.03977751350409749,0.3455586840901981,0.250736468101374
2101,0.2833333333333333,0.345679012345679,0.1864406779661017,0.27848101265822783,0.26666666666666666,0.345679012345679,0.13066484577754062,0.16915489537694978,0.21574905744067419,0.25715442764578833
2102,0.5142857142857142,0.6236559139784946,0.2912621359223301,0.37362637362637363,0.45714285714285713,0.4731182795698925,0.24184136877418513,0.2712063658941421,0.42479032258064514,0.46211000537923613
2103,0.4918032786885246,0.6037735849056605,0.26666666666666666,0.3461538461538462,0.3278688524590164,0.4716981132075472,0.13913771843215667,0.25123761351116236,0.4016890847247991,0.4579737757658778
2104,0.4732824427480916,0.3220338983050848,0.20155038759689922,0.10344827586206896,0.3206106870229008,0.23728813559322032,0.013594555028737488,0.009737960167701077,0.20813743927284126,0.1273565410904467
2105,0.31746031746031744,0.2716049382716049,0.08064516129032256,0.0759493670886076,0.17460317460317457,0.2469135802469136,0.019606992567128684,0.01392958736714279,0.28235294117647053,0.208761333021688
2106,0.617283950617284,0.5376344086021505,0.3291139240506329,0.26373626373626374,0.4444444444444445,0.4731182795698925,0.14261193884208695,0.08828781887996916,0.4878826530612245,0.4395885320085774
2107,0.5714285714285715,0.5245901639344263,0.25641025641025644,0.25,0.3361344537815126,0.24590163934426226,0.12269671107105322,0.11588952814536929,0.4732510288065844,0.4577348066298343
2108,0.4615384615384615,0.49484536082474223,0.19130434782608696,0.18947368421052632,0.2735042735042735,0.3092783505154639,0.12969927642858944,0.15657633705375856,0.4679105493798123,0.40079329046317924
2109,0.6,0.5098039215686274,0.32812500000000006,0.22,0.3384615384615384,0.3333333333333333,0.13561087326617882,0.014343136850463426,0.41138962381086597,0.29660568890768735
2110,0.2921348314606742,0.38888888888888895,0.09195402298850575,0.17142857142857143,0.17977528089887643,0.2222222222222222,0.013183865476808339,0.022740778402796064,0.26115648926555596,0.3479933006637305
2111,0.4324324324324324,0.4680851063829787,0.1651376146788991,0.1739130434782609,0.3063063063063063,0.3617021276595745,0.08707487335130791,0.1229221559567771,0.336105476673428,0.3609571129707113
2112,0.42953020134228187,0.4833333333333333,0.16326530612244897,0.15254237288135594,0.2818791946308725,0.29999999999999993,0.06908070377249784,0.0437671155899251,0.42796610169491517,0.3773876098482097
2113,0.43037974683544306,0.4,0.3116883116883117,0.2465753424657534,0.3544303797468355,0.3466666666666667,0.25055471104658633,0.21099145091026578,0.3018943854053329,0.34048049599586666
2114,0.4716981132075472,0.31111111111111117,0.2692307692307692,0.11363636363636363,0.3773584905660377,0.24444444444444446,0.08328150499765702,0.034332976020767535,0.2875899193156411,0.18307333691949074
2115,0.45,0.27368421052631575,0.2542372881355932,0.12903225806451613,0.36666666666666664,0.16842105263157894,0.10690878256108512,0.010394137539240655,0.37130644904979576,0.1461233144845585
2116,0.5737704918032788,0.3619047619047619,0.2833333333333333,0.11650485436893204,0.4098360655737705,0.20952380952380953,0.14406819585800298,0.07215949108492441,0.45594105656531336,0.2530410312273057
2117,0.6101694915254238,0.6010928961748634,0.45714285714285713,0.4198895027624309,0.5310734463276837,0.4918032786885245,0.37209175985142146,0.3112199399025266,0.46600337793519603,0.4455163551401869
2118,0.5042016806722689,0.38095238095238093,0.20512820512820512,0.17475728155339804,0.25210084033613445,0.26666666666666666,0.0732378935325031,0.07598554255740397,0.3163046094650675,0.2582682457145565
2119,0.4924623115577889,0.5714285714285715,0.3350253807106599,0.40963855421686746,0.38190954773869346,0.4880952380952381,0.2525684114598847,0.30118910031371104,0.4091134354673465,0.4234841168735103
2120,0.36641221374045796,0.5434782608695652,0.21705426356589147,0.28888888888888886,0.2900763358778626,0.4347826086956522,0.11100267711108361,0.10795356760167962,0.34037833167683307,0.3185375713188784
2121,0.3764705882352941,0.42424242424242425,0.07228915662650602,0.1875,0.21176470588235297,0.39393939393939387,0.015056549290686267,0.08524838659283929,0.22281282385584855,0.20500801776242752
2122,0.534351145038168,0.37999999999999995,0.186046511627907,0.12244897959183673,0.38167938931297707,0.25999999999999995,0.07774353802951435,0.030509718260701795,0.3452867583302366,0.16857358057458485
2123,0.4242424242424242,0.575,0.12371134020618557,0.41025641025641024,0.2222222222222222,0.55,0.016075475828140333,0.2567454429061167,0.29312428602175467,0.38429406850459485
2124,0.435483870967742,0.5904761904761905,0.21311475409836067,0.23300970873786409,0.2580645161290323,0.28571428571428564,0.09370997245916765,0.08744875333491238,0.36610191752035726,0.3986510912789153
2125,0.6153846153846153,0.5689655172413792,0.37662337662337664,0.3508771929824561,0.5512820512820513,0.5,0.17502317115227434,0.15108744691112336,0.5065524716865945,0.3651894149631706
2126,0.2753623188405797,0.33333333333333337,0.0588235294117647,0.05357142857142857,0.18840579710144928,0.2105263157894737,0.01674006939095271,0.020661822887602484,0.23155393472985975,0.23182189542483658
2127,0.42857142857142855,0.4000000000000001,0.14545454545454545,0.13636363636363635,0.1964285714285714,0.22222222222222224,0.025663532889536992,0.03425320850989178,0.36737393370046434,0.3010555555555556
2128,0.6376811594202899,0.6323529411764707,0.44117647058823534,0.4626865671641791,0.43478260869565216,0.45588235294117646,0.2840070962852484,0.3018819568955237,0.624005424954792,0.6442771555154634
2129,0.6292134831460674,0.5384615384615384,0.41379310344827586,0.34210526315789475,0.4044943820224719,0.30769230769230765,0.22726660336363094,0.23345935776661042,0.675461570795745,0.5346988795518207
2130,0.5384615384615384,0.4827586206896552,0.19607843137254902,0.1647058823529412,0.1923076923076923,0.2298850574712644,0.09027479802182485,0.02872121012797751,0.31760811090420027,0.24552143314139474
2131,0.3725490196078432,0.3414634146341463,0.12,0.17500000000000002,0.27450980392156865,0.2926829268292683,0.029817898035358736,0.09233618775861192,0.26816911250873515,0.24997772034578022
2132,0.6557377049180328,0.7115384615384615,0.4,0.47058823529411764,0.29508196721311475,0.4230769230769231,0.23164401330042933,0.3811706728747542,0.46552613610499954,0.5839348448861043
2133,0.33684210526315794,0.45783132530120485,0.17204301075268816,0.34567901234567905,0.21052631578947367,0.45783132530120485,0.03223923885341144,0.1883409711279447,0.24531551751135242,0.4342160982442425
2134,0.3366336633663366,0.46511627906976744,0.22222222222222224,0.3095238095238095,0.2772277227722772,0.41860465116279066,0.11283678603002038,0.14258819571894274,0.2542032189981192,0.28263301793824974
2135,0.4347826086956522,0.40404040404040403,0.15929203539823006,0.1443298969072165,0.4,0.32323232323232326,0.06754312828675708,0.09606835615557717,0.3005952380952381,0.2618245541472335
2136,0.18556701030927836,0.2631578947368421,0.021052631578947368,0.027027027027027025,0.12371134020618557,0.18421052631578944,0.010968473790606286,0.011126740830274007,0.1369612068965517,0.13034611992945327
2137,0.3968253968253968,0.35051546391752586,0.0967741935483871,0.042105263157894736,0.2380952380952381,0.16494845360824742,0.0662863246329625,0.009965011308857573,0.2698530102376256,0.17646144278606965
2138,0.5981308411214952,0.5176470588235293,0.36190476190476184,0.26506024096385544,0.5046728971962617,0.3764705882352941,0.14780722923804207,0.1113823137164125,0.5065656565656566,0.34659615546042133
2139,0.6190476190476191,0.6034482758620691,0.46774193548387094,0.45614035087719296,0.5555555555555555,0.5344827586206896,0.3510373316343989,0.3648419079647714,0.6197254441344884,0.5771377060439561
2140,0.7339449541284404,0.6511627906976745,0.5233644859813084,0.5,0.45871559633027525,0.558139534883721,0.3263258480948137,0.2772875467327733,0.6037607879040836,0.4252929441939216
2141,0.5454545454545454,0.5263157894736842,0.33613445378151263,0.25,0.2809917355371901,0.3684210526315789,0.12591411197005212,0.11372167026345127,0.23978476227038664,0.21898671385861185
2142,0.5476190476190476,0.43478260869565216,0.2926829268292683,0.1791044776119403,0.42857142857142855,0.2898550724637681,0.10122037844325622,0.023210220739492447,0.46410891089108913,0.2453155175113524
2143,0.5048543689320389,0.5,0.23762376237623764,0.22857142857142856,0.3689320388349514,0.3333333333333333,0.1045792918011034,0.14483029488744173,0.4417009602194788,0.3558510638297872
2144,0.5294117647058824,0.4,0.21428571428571427,0.147239263803681,0.32941176470588235,0.27878787878787875,0.10988164781882491,0.04950454389566902,0.3860084349621252,0.19123441670382915
2145,0.38571428571428573,0.35593220338983045,0.13043478260869565,0.0689655172413793,0.21428571428571427,0.22033898305084745,0.09291160487650528,0.019960741807068656,0.2789283366206443,0.22118285568813947
2146,0.37398373983739835,0.3269230769230769,0.06611570247933883,0.0784313725490196,0.22764227642276422,0.21153846153846154,0.02291290675795085,0.028232017871523418,0.24302103250478013,0.2003520352035203
2147,0.6493506493506495,0.6714285714285714,0.48684210526315785,0.43478260869565216,0.5454545454545454,0.5142857142857143,0.3201165905092575,0.2738873405795299,0.7492499695419105,0.6547628311628686
2148,0.2857142857142857,0.4418604651162791,0.0625,0.11904761904761905,0.1836734693877551,0.23255813953488372,0.02304368644479676,0.02952473631877189,0.17475238155321432,0.25043960142803856
2149,0.32941176470588235,0.3466666666666666,0.07228915662650602,0.08219178082191782,0.1411764705882353,0.16,0.013896384467262771,0.01064826961651138,0.1685379052242957,0.19700282994597373
2150,0.5882352941176471,0.575,0.36000000000000004,0.358974358974359,0.5490196078431372,0.4000000000000001,0.17055211658371033,0.19850861668903835,0.5485596707818932,0.44696751940212703
2151,0.3764705882352941,0.3636363636363636,0.14457831325301204,0.125,0.2588235294117647,0.21212121212121213,0.07369695820630162,0.03894511562811977,0.30659340659340656,0.18473837209302324
2152,0.5038167938931297,0.5858585858585859,0.20155038759689922,0.26804123711340205,0.24427480916030533,0.2626262626262626,0.10230403685546677,0.15347073714502232,0.37206709327128173,0.38945656192236594
2153,0.42307692307692313,0.44155844155844154,0.23529411764705882,0.26666666666666666,0.34615384615384615,0.3896103896103896,0.1523418938325645,0.13339172214017944,0.4414714033761653,0.3601390611738591
2154,0.4727272727272728,0.38,0.20370370370370372,0.16326530612244897,0.34545454545454546,0.32,0.032515597301254785,0.018962033979726695,0.3910461538461539,0.3000652315720809
2155,0.4793388429752066,0.4035087719298246,0.26890756302521013,0.19642857142857142,0.3801652892561983,0.28070175438596495,0.14088424514920342,0.1197594484892674,0.3674784513645764,0.3193318259784812
2156,0.5290322580645161,0.4369747899159664,0.326797385620915,0.15384615384615385,0.36129032258064514,0.23529411764705885,0.20816912714870406,0.061595223638839576,0.3956302228412256,0.22439772277662992
2157,0.48684210526315785,0.36800000000000005,0.1733333333333333,0.14634146341463417,0.2631578947368421,0.288,0.026722828708169506,0.0466202589728603,0.28649208418326777,0.1785081278168836
2158,0.3711340206185567,0.35616438356164387,0.2105263157894737,0.16901408450704225,0.24742268041237114,0.3013698630136986,0.14014081627160418,0.036102970930110126,0.35763402313834125,0.238374244480079
2159,0.52,0.6559999999999999,0.3243243243243243,0.35772357723577236,0.46666666666666673,0.48,0.19195981478377908,0.2052375071982677,0.3790333440793957,0.41049494219653176
2160,0.4941176470588236,0.48484848484848486,0.3132530120481928,0.28125000000000006,0.3058823529411765,0.393939393939394,0.11516796881774477,0.14119598284201468,0.46009475218658896,0.36027644230769235
2161,0.45312499999999994,0.4067796610169491,0.22222222222222224,0.1724137931034483,0.31250000000000006,0.2711864406779661,0.11064436277652401,0.05165394367349352,0.293195793407644,0.21518641045256273
2162,0.4897959183673469,0.42857142857142855,0.2708333333333333,0.14583333333333334,0.3469387755102041,0.2653061224489796,0.063411683336276,0.03442912140457455,0.4017013232514178,0.23126757120156466
2163,0.37623762376237624,0.33766233766233766,0.10101010101010101,0.10666666666666667,0.27722772277227725,0.28571428571428575,0.015312433400572515,0.01416595741435955,0.22213667114164626,0.13452914798206275
2164,0.43478260869565216,0.46464646464646464,0.24778761061946905,0.288659793814433,0.3130434782608696,0.2626262626262626,0.09084844809738221,0.1489407321204516,0.39660521739130433,0.40279191507924966
2165,0.45454545454545453,0.37837837837837834,0.23255813953488372,0.11111111111111112,0.3181818181818182,0.18918918918918917,0.18158745002019744,0.018893319005952477,0.41675724637681166,0.22542612381877597
2166,0.5794392523364486,0.6172839506172839,0.26666666666666666,0.27848101265822783,0.35514018691588783,0.4197530864197531,0.17737881188666835,0.039574253511179186,0.3981319735757606,0.3134679379549876
2167,0.2580645161290323,0.358974358974359,0.043956043956043966,0.07894736842105264,0.15053763440860216,0.12820512820512822,0.012388559502462976,0.017736964392774914,0.12141280353200884,0.21799628942486085
2168,0.23404255319148934,0.4166666666666667,0.043478260869565216,0.11428571428571428,0.14893617021276595,0.3055555555555555,0.012177530069670229,0.021395347999263525,0.19673899767943653,0.24913861648555527
2169,0.5333333333333333,0.5742574257425743,0.3220338983050848,0.32323232323232326,0.3666666666666667,0.4752475247524753,0.1847686042052219,0.19540526721785817,0.3185609519492492,0.3458828312028546
2170,0.4,0.47619047619047616,0.1951219512195122,0.2524271844660194,0.35200000000000004,0.419047619047619,0.12023166984127356,0.1625634142487973,0.40736534446764094,0.42511546840958603
2171,0.4615384615384615,0.6,0.17187500000000003,0.41025641025641024,0.29230769230769227,0.5,0.08973766618783151,0.230670777923732,0.3873948995900216,0.4323024887125248
2172,0.35714285714285715,0.4383561643835616,0.12195121951219512,0.16901408450704225,0.30952380952380953,0.3561643835616438,0.019784038259398888,0.04621453312729395,0.2811083123425693,0.30255773578811374
2173,0.5,0.5185185185185186,0.1951219512195122,0.27848101265822783,0.28571428571428575,0.37037037037037035,0.08785370367379304,0.12176423623881263,0.30617283950617286,0.35705138056452024
2174,0.3,0.18691588785046728,0.08474576271186442,0.03809523809523809,0.23333333333333334,0.16822429906542052,0.02075249855784965,0.005673971686875166,0.17604303384639863,0.06578947368421052
2175,0.5283018867924528,0.4533333333333333,0.19230769230769232,0.1095890410958904,0.32075471698113206,0.3733333333333333,0.034157826245907824,0.016864722424424855,0.21920668058455114,0.22434097068243408
2176,0.4222222222222222,0.2772277227722772,0.22727272727272727,0.0606060606060606,0.26666666666666666,0.19801980198019803,0.08026327034012368,0.010532976288623963,0.36315421747967475,0.16723684210526318
2177,0.5806451612903225,0.5609756097560975,0.3076923076923077,0.325,0.4301075268817204,0.4146341463414634,0.20850914243719815,0.18679914408062656,0.4314111433749732,0.3763713080168776
2178,0.4132231404958678,0.4509803921568628,0.1008403361344538,0.18000000000000002,0.23140495867768596,0.27450980392156865,0.025400289715190975,0.041588827230552065,0.2639761904761905,0.24214614932231907
2179,0.45161290322580644,0.3789473684210526,0.21978021978021978,0.1935483870967742,0.27956989247311825,0.2526315789473684,0.1497106295064617,0.11373574639082615,0.44398473132609156,0.3740179573512907
2180,0.2727272727272727,0.3023255813953488,0.07407407407407408,0.11904761904761905,0.18181818181818182,0.20930232558139533,0.012123898135089014,0.02489974447845241,0.15692351707037952,0.16688410524026961
2181,0.24347826086956526,0.23655913978494625,0.05309734513274336,0.02197802197802198,0.1391304347826087,0.15053763440860213,0.01193773935968301,0.012363756488868848,0.14073296301314187,0.10706638115631692
2182,0.43137254901960786,0.5161290322580645,0.18000000000000002,0.21978021978021978,0.2549019607843137,0.30107526881720426,0.11738518622489055,0.05590776680605834,0.39663793103448275,0.38214974463305573
2183,0.4227642276422764,0.2888888888888889,0.2479338842975206,0.20454545454545456,0.35772357723577236,0.2888888888888889,0.16264901612926946,0.18811421827972638,0.3728761096187223,0.22449679640315096
2184,0.3220338983050847,0.2692307692307692,0.034482758620689655,0.07843137254901959,0.16949152542372883,0.19230769230769232,0.01283970246961909,0.01229667938661222,0.20870279146141213,0.15230470886579484
2185,0.5079365079365079,0.35714285714285715,0.27419354838709675,0.1818181818181818,0.36507936507936506,0.23214285714285715,0.09230229880673622,0.03623820977029249,0.3176100628930818,0.1762539321224767
2186,0.29213483146067415,0.2424242424242424,0.09195402298850573,0.08247422680412371,0.17977528089887643,0.18181818181818182,0.02519820294120627,0.023686440265695587,0.27815568194856494,0.2592388306674021
2187,0.6972477064220183,0.594059405940594,0.5981308411214953,0.40404040404040403,0.5321100917431193,0.3564356435643565,0.5384291559840169,0.2917964231877982,0.6657649995323606,0.39936593793757624
2188,0.5499999999999999,0.5652173913043478,0.25641025641025644,0.35555555555555557,0.27499999999999997,0.391304347826087,0.05273653182808135,0.18836167635688097,0.4469883419689119,0.6037887708106657
2189,0.4848484848484849,0.5333333333333333,0.3092783505154639,0.35616438356164387,0.4242424242424242,0.4,0.172656052403854,0.26278435750032136,0.47096870979095623,0.42422518396925923
2190,0.367816091954023,0.5405405405405405,0.18823529411764708,0.3055555555555555,0.27586206896551724,0.2972972972972973,0.1028840244182704,0.17403166226664893,0.269836942410552,0.44525065963060684
2191,0.4132231404958677,0.35789473684210527,0.20168067226890754,0.2365591397849462,0.3305785123966942,0.3157894736842105,0.0824410312211826,0.052183917948233634,0.2424154064334849,0.14095500459136823
2192,0.5301204819277109,0.5753424657534247,0.3703703703703703,0.3661971830985915,0.38554216867469876,0.547945205479452,0.1736006488622933,0.2460794784748036,0.5096403600323308,0.5150572645834346
2193,0.5274725274725275,0.5245901639344263,0.33707865168539325,0.4067796610169491,0.39560439560439564,0.5245901639344263,0.22727634830301674,0.31662471301306017,0.5463480008934555,0.4655425219941349
2194,0.584070796460177,0.4962406015037593,0.2162162162162162,0.2137404580152672,0.3185840707964602,0.3909774436090226,0.04064085356219932,0.03605801111329424,0.4640083181358979,0.4344957264957265
2195,0.5185185185185185,0.5416666666666666,0.32075471698113206,0.36170212765957444,0.3888888888888889,0.3333333333333333,0.13385956104209748,0.10912140800057091,0.4077614035087719,0.3663878932696137
2196,0.48648648648648646,0.5274725274725274,0.27522935779816515,0.2696629213483146,0.36036036036036034,0.3076923076923077,0.1542970578631907,0.10001000250075022,0.5478717534930553,0.4504484124590296
2197,0.4927536231884058,0.5849056603773585,0.3235294117647059,0.4423076923076923,0.4347826086956522,0.43396226415094347,0.13287367251849705,0.2530158517009986,0.4952270531400966,0.4128440366972477
2198,0.66,0.5714285714285715,0.32653061224489793,0.23999999999999996,0.39999999999999997,0.3116883116883117,0.13418106536450716,0.06196009483839757,0.6232739825581396,0.4229918568412587
2199,0.4,0.45833333333333337,0.08333333333333333,0.15492957746478872,0.21176470588235294,0.2777777777777778,0.012146802541104408,0.052351669889160325,0.1860276878419113,0.27120291616038883
2200,0.5217391304347826,0.5,0.3235294117647059,0.29508196721311475,0.4492753623188405,0.3709677419354839,0.18081173678219423,0.13485075784275105,0.40917223282442744,0.2732998208817242
2201,0.45161290322580644,0.651685393258427,0.29508196721311475,0.5287356321839081,0.3225806451612903,0.5168539325842696,0.14454146703103166,0.3272949150288407,0.4270770438352856,0.524516722126552
2202,0.4444444444444444,0.3037974683544304,0.12371134020618556,0.12987012987012986,0.2828282828282829,0.1518987341772152,0.0438309866561723,0.025991106241760563,0.2865096952908587,0.18470473015927558
2203,0.35514018691588783,0.33333333333333337,0.1904761904761905,0.13207547169811323,0.22429906542056074,0.22222222222222224,0.11296688116384655,0.07557085678637648,0.2550242614660991,0.1869346733668342
2204,0.5499999999999999,0.6551724137931035,0.28205128205128205,0.42857142857142855,0.4,0.5172413793103449,0.05436728936735598,0.1922879533606796,0.3534866915572684,0.4148727747678019
2205,0.38532110091743116,0.4210526315789474,0.11214953271028037,0.15053763440860213,0.2568807339449541,0.25263157894736843,0.01460590398096744,0.03460762691613938,0.2487279843444227,0.2550505050505051
2206,0.5517241379310345,0.6612903225806452,0.31578947368421056,0.4262295081967213,0.4137931034482759,0.5483870967741935,0.22074508535655052,0.2876038554901645,0.4206186831297876,0.5654941626409018
2207,0.43181818181818177,0.25531914893617025,0.13953488372093023,0.13043478260869568,0.3181818181818182,0.25531914893617025,0.032141080122601084,0.06344648907297284,0.4284330762825386,0.27695504705488944
2208,0.26666666666666666,0.24657534246575347,0.045454545454545456,0.0,0.15555555555555556,0.136986301369863,0.009954893279291863,0.007800772536265703,0.15895953757225434,0.16717325227963523
2209,0.48543689320388345,0.5974025974025974,0.21782178217821782,0.4,0.3300970873786408,0.4675324675324675,0.0880400789584396,0.22723879070923264,0.32347390388720126,0.3946902654867257
2210,0.4144144144144144,0.38983050847457623,0.14678899082568808,0.13793103448275862,0.25225225225225223,0.2033898305084746,0.06892065488521311,0.0542141995870129,0.3377422116611046,0.33281680440771344
2211,0.48780487804878053,0.44155844155844154,0.275,0.26666666666666666,0.2926829268292683,0.33766233766233766,0.22286186450054848,0.2388620048611248,0.4650606469002696,0.4323833605840526
2212,0.41379310344827586,0.3661971830985916,0.16470588235294117,0.08695652173913043,0.27586206896551724,0.16901408450704225,0.03162593967015063,0.01930453907254598,0.2634837962962963,0.21764586664264643
2213,0.5765765765765767,0.6292134831460675,0.3119266055045872,0.36781609195402304,0.3063063063063063,0.40449438202247195,0.19362018442860648,0.22717514708919964,0.4240642994241843,0.3837704995790397
2214,0.4117647058823529,0.4,0.22,0.21505376344086022,0.3529411764705882,0.3157894736842105,0.17645642511827464,0.1838908187931421,0.4240362811791384,0.3852596314907873
2215,0.2439024390243902,0.3235294117647059,0.075,0.0909090909090909,0.17073170731707318,0.2058823529411765,0.015263496054469331,0.020315529420776156,0.2560316288374973,0.20606934279588968
2216,0.5517241379310344,0.5263157894736842,0.29824561403508776,0.2678571428571429,0.3275862068965517,0.33333333333333337,0.12614021160298702,0.09361368635830816,0.32571036122842273,0.2531107913669065
2217,0.4819277108433735,0.29999999999999993,0.2716049382716049,0.10256410256410256,0.38554216867469876,0.19999999999999998,0.10952542777192922,0.01390432068625059,0.39508687725564606,0.17129380053908358
2218,0.4819277108433735,0.4155844155844156,0.24691358024691357,0.18666666666666665,0.26506024096385544,0.28571428571428575,0.14980363149539497,0.0905887188970769,0.4184514559827039,0.34769492574257427
2219,0.40449438202247195,0.3243243243243243,0.18390804597701152,0.1388888888888889,0.3370786516853933,0.2972972972972973,0.09917306187981967,0.015245663433692854,0.318986198716912,0.16756756756756755
2220,0.39669421487603307,0.3357664233576642,0.15126050420168066,0.07407407407407407,0.3140495867768595,0.21897810218978103,0.07134989920948745,0.009442856695261036,0.38253029022259794,0.31424657384418514
2221,0.39622641509433965,0.2588235294117647,0.15384615384615383,0.048192771084337345,0.22641509433962262,0.11764705882352941,0.04168049367449498,0.008897606394790956,0.24881059245960505,0.11834264432029792
2222,0.509090909090909,0.5471698113207548,0.22222222222222224,0.23076923076923075,0.38181818181818183,0.39622641509433965,0.0974613169886531,0.08048862002869049,0.43527814351547073,0.4527497351166653
2223,0.6197183098591549,0.6349206349206349,0.34782608695652173,0.3934426229508197,0.5070422535211268,0.5714285714285713,0.12328297430269292,0.14762020255661157,0.4879835997526409,0.47868013146619515
2224,0.484375,0.36170212765957444,0.2698412698412698,0.13043478260869568,0.34375000000000006,0.19148936170212766,0.13784130977042622,0.023965200960659117,0.3280459266364569,0.17295346628679964
2225,0.3090909090909091,0.2727272727272727,0.14814814814814814,0.09302325581395349,0.2545454545454545,0.20454545454545459,0.05504545893242799,0.017047050861139012,0.2673175267317527,0.14995127936771446
2226,0.45360824742268047,0.35714285714285715,0.23157894736842105,0.12195121951219512,0.24742268041237114,0.23809523809523808,0.12068409730926198,0.033874723051577064,0.43738114642760123,0.19035532994923862
2227,0.4383561643835617,0.47933884297520657,0.12499999999999997,0.1512605042016807,0.2465753424657534,0.19834710743801653,0.03141759628996915,0.05753554430275239,0.28662259993704753,0.2571722450795063
2228,0.5882352941176471,0.5,0.18000000000000002,0.10638297872340426,0.35294117647058826,0.31250000000000006,0.0317223882174107,0.015822538535369555,0.32901246664392525,0.26211268995460824
2229,0.3793103448275862,0.5161290322580644,0.14035087719298245,0.2857142857142857,0.2586206896551724,0.3225806451612903,0.054306520582490074,0.11012419619306525,0.29008707555420354,0.3984699769053118
2230,0.34710743801652894,0.32608695652173914,0.10084033613445378,0.13333333333333333,0.24793388429752064,0.23913043478260868,0.014628059423451323,0.05962491646484504,0.2770949720670392,0.23612200435729847
2231,0.575,0.5142857142857143,0.20512820512820512,0.23529411764705882,0.375,0.37142857142857144,0.04183814706059412,0.09863022371664866,0.41218836565096945,0.3586647727272727
2232,0.4892086330935252,0.5740740740740741,0.21897810218978103,0.30188679245283023,0.3021582733812949,0.4444444444444445,0.12773567584594112,0.125661663149722,0.3811958899531877,0.3792237199855865
2233,0.4576271186440678,0.4067796610169491,0.24137931034482757,0.12068965517241378,0.3559322033898305,0.23728813559322032,0.10887743834886722,0.017215034549349136,0.37896245503597126,0.3301498687628347
2234,0.5833333333333334,0.46464646464646464,0.288135593220339,0.16494845360824742,0.3333333333333333,0.2828282828282828,0.16690411675398364,0.03731899386233289,0.4684601113172542,0.3089981936473935
2235,0.25225225225225223,0.24324324324324326,0.11009174311926606,0.02777777777777778,0.19819819819819823,0.18918918918918917,0.05496215834045325,0.015025962672601461,0.33678799574128293,0.1816869998688181
2236,0.43298969072164945,0.36781609195402304,0.16842105263157894,0.11764705882352941,0.3092783505154639,0.2758620689655173,0.08215186199445944,0.05307318785662736,0.3560274952320407,0.1880752300920368
2237,0.47916666666666663,0.32432432432432434,0.1702127659574468,0.11111111111111112,0.2916666666666667,0.2972972972972973,0.028927969316143207,0.030556085059418463,0.27155473610655084,0.22606355014404977
2238,0.4946236559139785,0.45945945945945943,0.28571428571428564,0.2222222222222222,0.4086021505376344,0.35135135135135137,0.13060709079560143,0.1350051481015872,0.3769864411721825,0.27970529577557646
2239,0.3185840707964602,0.48333333333333334,0.0900900900900901,0.1864406779661017,0.1946902654867257,0.21666666666666665,0.025490131696937906,0.11920320448337737,0.19226575328407225,0.34810730663541406
2240,0.5882352941176471,0.6052631578947368,0.36000000000000004,0.2972972972972973,0.3921568627450981,0.368421052631579,0.15887358234530552,0.04838462716963468,0.44109327548806954,0.3619552752293578
2241,0.3724137931034483,0.3529411764705883,0.08391608391608392,0.09271523178807947,0.20689655172413793,0.19607843137254902,0.02701257917573578,0.02760983215228995,0.3558426856482008,0.3122985703247296
2242,0.4431818181818182,0.38461538461538464,0.1724137931034483,0.1558441558441558,0.25,0.2692307692307692,0.013487896348175474,0.01834598439516359,0.27194528598234374,0.23250381916000618
2243,0.4202898550724638,0.4144144144144145,0.1764705882352941,0.1651376146788991,0.24637681159420288,0.1981981981981982,0.06627878376645523,0.06155182545460537,0.27895541469607427,0.26444666838842973
2244,0.5128205128205129,0.33333333333333337,0.3652173913043478,0.21276595744680854,0.376068376068376,0.25,0.24866479028455882,0.0685241096913774,0.40335269910433313,0.2147864221830864
2245,0.525,0.5671641791044776,0.3589743589743589,0.36923076923076925,0.4,0.3880597014925374,0.15733666524507361,0.20988785322505515,0.44518647795252553,0.4531722054380665
2246,0.5271317829457364,0.5599999999999999,0.31496062992125984,0.24489795918367344,0.3255813953488372,0.4,0.17663263990902386,0.114744257603244,0.4753075216777576,0.34241842610364687
2247,0.5000000000000001,0.4444444444444444,0.29268292682926833,0.20618556701030927,0.35714285714285715,0.2828282828282829,0.12374422939017311,0.06285411666031594,0.4664788820069097,0.3720387053720387
2248,0.4695652173913043,0.36170212765957444,0.17699115044247787,0.13043478260869568,0.31304347826086953,0.21276595744680848,0.03772245866809626,0.01623520307262907,0.2741020793950851,0.11939275440489033
2249,0.31654676258992803,0.42105263157894735,0.058394160583941604,0.10714285714285714,0.15827338129496402,0.2456140350877193,0.010685362716233774,0.013446930898192383,0.18102739325371023,0.18897637795275593
2250,0.5106382978723404,0.5333333333333333,0.2014388489208633,0.23300970873786409,0.31205673758865243,0.26666666666666666,0.08841916203243,0.10922999290346844,0.41412310968336347,0.31079858657243814
2251,0.4132231404958678,0.2385321100917431,0.13445378151260504,0.037383177570093455,0.24793388429752064,0.12844036697247707,0.10945181419039614,0.012334566187635683,0.3265086206896552,0.16010830702322956
2252,0.3826086956521739,0.45569620253164556,0.2300884955752213,0.28571428571428575,0.2608695652173913,0.20253164556962025,0.1277007264458924,0.10768129301778782,0.3710945049281711,0.2876628038149933
2253,0.3188405797101449,0.26229508196721313,0.07352941176470588,0.049999999999999996,0.14492753623188404,0.11475409836065574,0.007279370692980399,0.008640865398249096,0.19438225117036437,0.16994753366933815
2254,0.39506172839506176,0.42666666666666664,0.1518987341772152,0.136986301369863,0.2469135802469136,0.24,0.07399538748036871,0.017345333612331648,0.3477961432506887,0.28420724094881394
2255,0.4132231404958678,0.5432098765432098,0.20168067226890757,0.27848101265822783,0.19834710743801653,0.39506172839506165,0.03331314787994029,0.05551485287421669,0.3718480603448276,0.3763458422620603
2256,0.5054945054945055,0.5822784810126583,0.22222222222222224,0.25641025641025644,0.35164835164835156,0.29113924050632917,0.1258616247887345,0.14886686793574316,0.3846601770680467,0.39575614371424034
2257,0.4247787610619469,0.33613445378151263,0.16216216216216214,0.11965811965811965,0.23008849557522126,0.21848739495798317,0.03759122142912114,0.05471757215376959,0.2774522422435985,0.20599675850891405
2258,0.2923076923076923,0.35789473684210527,0.0625,0.06451612903225806,0.15384615384615383,0.21052631578947367,0.012100242398732305,0.011871541897877428,0.19045903846380952,0.1615648316192781
2259,0.3857142857142857,0.2524271844660194,0.17391304347826086,0.0,0.1857142857142857,0.1553398058252427,0.032316512266028295,0.005058485252226466,0.3015888717156105,0.1227495908346972
2260,0.5833333333333333,0.7297297297297296,0.42553191489361697,0.4999999999999999,0.5625,0.6756756756756757,0.1995990808154456,0.33613367836505575,0.5815294734476818,0.599627996256167
2261,0.6851851851851851,0.7522935779816513,0.5660377358490566,0.6542056074766355,0.6666666666666667,0.7339449541284404,0.2928167897342713,0.3472034499342382,0.45666135616847553,0.5443246538552372
2262,0.4461538461538462,0.5,0.21875000000000003,0.21818181818181817,0.3538461538461538,0.30357142857142855,0.07917353810429117,0.03942692320753159,0.3006569704584917,0.3114358407130311
2263,0.4444444444444445,0.41904761904761906,0.18309859154929578,0.1359223300970874,0.22222222222222224,0.20952380952380953,0.08845450564553764,0.03317639558783578,0.3313500330143972,0.2068643498698901
2264,0.5324675324675324,0.31654676258992803,0.3157894736842105,0.16058394160583941,0.37662337662337664,0.2589928057553957,0.22442106803533057,0.09048014378451058,0.36547880145576206,0.21270860077021822
2265,0.4273504273504273,0.3838383838383838,0.1391304347826087,0.1443298969072165,0.2905982905982906,0.30303030303030304,0.09237869236851447,0.07962529261753858,0.2631829754789167,0.24952855405619748
2266,0.41935483870967744,0.375,0.11475409836065573,0.1111111111111111,0.22580645161290322,0.17187500000000003,0.028242250279890496,0.031188191026752167,0.2976069023814381,0.2764347909751287
2267,0.5061728395061729,0.3418803418803419,0.17500000000000002,0.06956521739130435,0.2716049382716049,0.18803418803418803,0.03798321255204971,0.0077668320714230675,0.2778261958752105,0.1674942386733506
2268,0.4087591240875913,0.4504504504504504,0.2222222222222222,0.1651376146788991,0.30656934306569344,0.28828828828828834,0.15581270522678503,0.034166548771580714,0.2941168860738533,0.2642072213500785
2269,0.5892857142857143,0.62,0.36363636363636365,0.4285714285714285,0.5178571428571428,0.5399999999999999,0.19297564949929236,0.2045095273932252,0.43241210753901116,0.44564787121745253
2270,0.29411764705882354,0.4556962025316456,0.18,0.18181818181818182,0.2156862745098039,0.3037974683544304,0.03935111656358652,0.08859479480340798,0.2618841654308783,0.34525256131904325
2271,0.45,0.4096385542168675,0.28205128205128205,0.19753086419753085,0.325,0.3132530120481928,0.14043414718624156,0.09412491551164456,0.4061142604726497,0.40183937352030596
2272,0.3787878787878788,0.39999999999999997,0.12307692307692308,0.13636363636363635,0.19696969696969696,0.26666666666666666,0.02290829326597074,0.021204651085543244,0.23469360269360273,0.24055721671650146
2273,0.46043165467625896,0.5142857142857143,0.1897810218978102,0.2912621359223301,0.33093525179856115,0.419047619047619,0.11825297723495837,0.08302329969961827,0.3248082753700731,0.364554056586097
2274,0.4727272727272727,0.43564356435643564,0.18518518518518517,0.16161616161616163,0.3090909090909091,0.2376237623762376,0.040471056953606206,0.03614851517838537,0.3641826923076923,0.290625
2275,0.5046728971962616,0.5,0.19047619047619047,0.1951219512195122,0.2803738317757009,0.28571428571428564,0.0952943226770983,0.03850680290291281,0.3725709713812078,0.2495436895256485
2276,0.46715328467153283,0.42028985507246375,0.26666666666666666,0.22058823529411764,0.30656934306569344,0.2608695652173913,0.1508515291549652,0.16181696538426846,0.31074958264267993,0.27514009962640096
2277,0.3010752688172043,0.4444444444444445,0.15384615384615385,0.22857142857142856,0.21505376344086022,0.33333333333333337,0.06108557268562174,0.10728857550343267,0.30426832387090175,0.3177367340955731
2278,0.4444444444444444,0.4646464646464646,0.26415094339622647,0.24742268041237114,0.38888888888888895,0.36363636363636365,0.13844819387124216,0.11962764953149375,0.45227592224538266,0.3492173568456509
2279,0.31932773109243695,0.3146067415730337,0.08547008547008547,0.06896551724137931,0.23529411764705882,0.15730337078651685,0.012900208689981409,0.010961704486624499,0.24139784165347358,0.14633717930421228
2280,0.2988505747126437,0.4838709677419355,0.09411764705882353,0.23333333333333334,0.2298850574712644,0.3225806451612903,0.026437150667467973,0.14415550758915738,0.1880177514792899,0.2886028718953756
2281,0.44961240310077516,0.4761904761904762,0.2047244094488189,0.3106796116504854,0.31007751937984496,0.34285714285714286,0.10423552335499271,0.10706715777344926,0.31520916471721483,0.27603507824381374
2282,0.26190476190476186,0.30588235294117644,0.09756097560975609,0.0963855421686747,0.14285714285714285,0.16470588235294117,0.02926636567364411,0.029317397019424363,0.2525,0.28203701693443334
2283,0.2702702702702703,0.2857142857142857,0.03669724770642202,0.07317073170731708,0.1981981981981982,0.2142857142857143,0.008057575695866986,0.005081835741365613,0.21749762080998197,0.12605042016806722
2284,0.4931506849315068,0.3090909090909091,0.2638888888888889,0.09259259259259259,0.3013698630136986,0.2181818181818182,0.1335029330005164,0.005670562886718332,0.2960580325548478,0.13352952285030845
2285,0.4161073825503355,0.3114754098360656,0.09523809523809523,0.05,0.21476510067114093,0.14754098360655735,0.02047805898177315,0.006325104778121545,0.18658090281523956,0.15030903919792812
2286,0.43795620437956206,0.4672897196261682,0.2518518518518518,0.3047619047619048,0.35036496350364965,0.4112149532710281,0.14702640616911597,0.07373353103047077,0.30913229864196756,0.25291570699543875
2287,0.3010752688172043,0.24615384615384614,0.0879120879120879,0.03174603174603175,0.17204301075268816,0.18461538461538463,0.013989518287167822,0.01420678638297482,0.23176803523055736,0.13248393279963921
2288,0.35036496350364965,0.2300884955752213,0.16296296296296295,0.07207207207207209,0.2773722627737226,0.12389380530973451,0.0294932043691543,0.0059874397775685345,0.23318366195961043,0.10837996344348877
2289,0.44,0.44,0.22448979591836735,0.22448979591836735,0.36,0.36,0.07639413433645184,0.07639413433645184,0.403976296504085,0.403976296504085
2290,0.4912280701754386,0.31250000000000006,0.17857142857142858,0.0425531914893617,0.2105263157894737,0.20833333333333334,0.04187926947119404,0.01017186770303053,0.33479279596143496,0.1512686155543298
2291,0.3934426229508197,0.45871559633027525,0.18333333333333335,0.2803738317757009,0.22950819672131145,0.2752293577981651,0.11883936426424033,0.21791785685682571,0.30290978058108275,0.33280342420835674
2292,0.38596491228070173,0.3076923076923077,0.16071428571428573,0.08988764044943821,0.19298245614035087,0.17582417582417584,0.015873530646133286,0.0170498596809418,0.2582686720521542,0.1838160279414765
2293,0.47761194029850745,0.45217391304347826,0.16666666666666666,0.10619469026548672,0.2537313432835821,0.22608695652173913,0.06731462154808258,0.01595428247793322,0.25975358945260607,0.22547597408650263
2294,0.5384615384615384,0.5393258426966292,0.2894736842105263,0.2528735632183908,0.3846153846153846,0.3820224719101123,0.2012788513843773,0.09533208045615421,0.4533550998197463,0.4442359249329759
2295,0.5,0.34782608695652173,0.26666666666666666,0.11764705882352941,0.3026315789473684,0.20289855072463767,0.18891310983942228,0.08450147844149744,0.46185423189323754,0.3049948027791455
2296,0.47328244274809156,0.5132743362831859,0.23255813953488372,0.2522522522522523,0.2595419847328244,0.24778761061946902,0.12208341426598111,0.1503135189118644,0.4312951484715498,0.3400424081619059
2297,0.673076923076923,0.5148514851485148,0.45098039215686275,0.24242424242424243,0.4999999999999999,0.3366336633663366,0.28021830208091586,0.1408664427931766,0.47889456748059817,0.3095369973318086
2298,0.43548387096774194,0.46464646464646464,0.11475409836065574,0.12371134020618559,0.24193548387096772,0.2828282828282828,0.032713726531218006,0.013752033870017704,0.275448404379222,0.285280793889175
2299,0.5686274509803921,0.4444444444444445,0.31999999999999995,0.27826086956521734,0.411764705882353,0.3589743589743589,0.18807408844598697,0.15215249299432826,0.4098538823813549,0.3683168316831683
2300,0.323943661971831,0.34693877551020413,0.17142857142857143,0.08333333333333333,0.23943661971830987,0.20408163265306123,0.07591091989600467,0.0122835853347209,0.32991397225846997,0.20275695931477516
2301,0.5165562913907286,0.626865671641791,0.21476510067114093,0.303030303030303,0.33112582781456956,0.4477611940298507,0.09628144140511948,0.15911479407529341,0.3214609375,0.4139344262295082
2302,0.39534883720930236,0.2894736842105263,0.09523809523809525,0.1081081081081081,0.2790697674418605,0.2631578947368421,0.03162593967015063,0.035817229106400346,0.28375,0.24340541152496323
2303,0.4600000000000001,0.3870967741935484,0.26530612244897955,0.10989010989010989,0.36000000000000004,0.21505376344086022,0.15323359153795338,0.06297950530495798,0.35278733748497765,0.22564989029984708
2304,0.6597938144329897,0.5,0.4842105263157894,0.3333333333333333,0.5360824742268041,0.3695652173913044,0.2981310488397777,0.16977385691786034,0.5317578783903185,0.3335517785669993
2305,0.3815789473684211,0.302158273381295,0.09333333333333334,0.07299270072992702,0.15789473684210525,0.11510791366906475,0.018520645815680362,0.017237903279664436,0.3524790981359649,0.21533763926750002
2306,0.549618320610687,0.5688073394495413,0.29457364341085274,0.3364485981308411,0.41221374045801523,0.4403669724770642,0.2396240470724313,0.18079937678154034,0.41044326406361636,0.37868623340321456
2307,0.41379310344827586,0.4230769230769231,0.1754385964912281,0.09803921568627451,0.22413793103448276,0.25,0.016372701902751724,0.01412880866928896,0.267430392231242,0.2216131374891653
2308,0.43636363636363634,0.4255319148936171,0.2592592592592593,0.15217391304347827,0.36363636363636365,0.3191489361702128,0.1553712569276035,0.13203863485306172,0.34484878288664855,0.19519093620331945
2309,0.38461538461538464,0.5,0.140625,0.17543859649122806,0.23076923076923078,0.27586206896551724,0.024571186786862945,0.014911204211449335,0.22254180399134596,0.24670440315429656
2310,0.5120000000000001,0.5405405405405405,0.24390243902439024,0.33027522935779824,0.39999999999999997,0.5045045045045045,0.1693126682131631,0.16316231540462114,0.36475555250768504,0.3952190361122766
2311,0.5413533834586465,0.336283185840708,0.27480916030534347,0.16216216216216217,0.3909774436090226,0.24778761061946908,0.1351940686745609,0.06401441928410596,0.3353167914877402,0.13654866654571843
2312,0.41509433962264153,0.5176470588235293,0.1346153846153846,0.3373493975903615,0.20754716981132076,0.42352941176470593,0.02601277688154932,0.21706829095886104,0.33719586374695865,0.4410413803416673
2313,0.5161290322580645,0.34210526315789475,0.2417582417582418,0.13513513513513514,0.23655913978494625,0.2894736842105263,0.018788457524537377,0.016498435124328657,0.3509433962264151,0.20952770952770952
2314,0.4883720930232558,0.4927536231884059,0.21428571428571427,0.208955223880597,0.20930232558139533,0.3188405797101449,0.04142022143324245,0.04539153689245331,0.3670745703827781,0.3677192408376963
2315,0.5161290322580645,0.4166666666666667,0.24175824175824176,0.23404255319148937,0.45161290322580644,0.3541666666666667,0.16270966673376533,0.1845940469917686,0.49000726744186046,0.38267898383371823
2316,0.6315789473684211,0.5048543689320388,0.3392857142857143,0.15841584158415842,0.543859649122807,0.2912621359223301,0.14813387697080713,0.01451805386511644,0.44127026282062887,0.24806474313863475
2317,0.5555555555555556,0.4247787610619469,0.2535211267605634,0.25225225225225223,0.3194444444444444,0.3008849557522124,0.11785262285699333,0.14221525900718737,0.35478251993152876,0.28272583201267826
2318,0.4117647058823529,0.39999999999999997,0.13999999999999999,0.11363636363636363,0.29411764705882354,0.28888888888888886,0.07348665205751456,0.06173016046951849,0.39354738154613467,0.3755672982322511
2319,0.6222222222222222,0.36170212765957444,0.36363636363636365,0.23913043478260868,0.24444444444444444,0.34042553191489355,0.16439742777201236,0.12178634958314694,0.5824628046850269,0.3599374021909233
2320,0.5151515151515151,0.45098039215686275,0.27692307692307694,0.18,0.393939393939394,0.3137254901960784,0.16779961061850207,0.07521838029048779,0.42342784689316004,0.24144163763066204
2321,0.5737704918032788,0.47787610619469034,0.3,0.1981981981981982,0.29508196721311475,0.26548672566371684,0.23234101129032877,0.06434008820305322,0.40673119105814015,0.2548883550731853
2322,0.46625766871165647,0.4305555555555555,0.1739130434782609,0.18309859154929575,0.26993865030674846,0.2361111111111111,0.07151681784884673,0.07837790539679533,0.43769259455533965,0.3494990892531876
2323,0.33766233766233766,0.3050847457627119,0.16,0.10526315789473684,0.18181818181818185,0.16949152542372883,0.06877439247346581,0.016628867721686574,0.20174603174603176,0.14308351976137215
2324,0.25196850393700787,0.4318181818181818,0.047999999999999994,0.16279069767441862,0.14173228346456693,0.2727272727272727,0.007279370692980399,0.031472562352568574,0.23804530201342283,0.27420147420147417
2325,0.5352112676056338,0.39639639639639634,0.28571428571428575,0.1651376146788991,0.4225352112676056,0.2522522522522523,0.13774795163060638,0.0708389791655543,0.5456702253855279,0.27790855827579
2326,0.3760683760683761,0.5321100917431192,0.17391304347826086,0.13084112149532712,0.2564102564102564,0.2568807339449541,0.07909610667856,0.032883800733786626,0.3382536298918071,0.3724985139686944
2327,0.3333333333333333,0.3888888888888889,0.1276595744680851,0.17142857142857143,0.16666666666666666,0.19444444444444445,0.015055852953568415,0.033911999381429386,0.21889203327330417,0.20481034117397753
2328,0.3619047619047619,0.36363636363636365,0.11650485436893203,0.10309278350515463,0.26666666666666666,0.24242424242424243,0.013532313484936382,0.015337392625044346,0.21300584795321637,0.21619183285849955
2329,0.48484848484848486,0.6415094339622641,0.40625,0.5098039215686275,0.48484848484848486,0.6037735849056605,0.20033640990022633,0.32075202488704213,0.5630091542789956,0.6431938431938432
2330,0.54,0.7901234567901234,0.3877551020408163,0.6075949367088608,0.5200000000000001,0.7160493827160495,0.22935388177553145,0.37969445453482603,0.5505268065268065,0.696495157175346
2331,0.225,0.30000000000000004,0.025641025641025644,0.06896551724137931,0.125,0.26666666666666666,0.011067926155676427,0.016789125215525624,0.17695473251028812,0.15470704410796576
2332,0.5,0.5783132530120482,0.23529411764705882,0.2962962962962963,0.3461538461538462,0.43373493975903615,0.13195834500006975,0.14226471717315126,0.4129629629629629,0.4260214451184138
2333,0.5573770491803279,0.43564356435643564,0.3,0.12121212121212122,0.3278688524590164,0.27722772277227725,0.14789838390932591,0.056410893062300134,0.558496490726626,0.2807506583666729
2334,0.3975155279503106,0.3612903225806451,0.18867924528301885,0.11764705882352941,0.16149068322981366,0.21935483870967745,0.028454707080155916,0.01701951236572871,0.20087616198311783,0.14674526315789477
2335,0.3958333333333333,0.3733333333333333,0.1702127659574468,0.1917808219178082,0.25,0.29333333333333333,0.036117503894018806,0.022104342121432047,0.33025862953394464,0.1962219598583235
2336,0.4044943820224719,0.4878048780487805,0.16091954022988508,0.175,0.20224719101123595,0.2926829268292683,0.021748372491049325,0.02020135601921132,0.27227989234909655,0.2778366248460169
2337,0.5899280575539569,0.592,0.46715328467153283,0.34146341463414637,0.5323741007194245,0.448,0.353784619189445,0.2399468357572997,0.42816909171075834,0.4523165054348986
2338,0.3495145631067961,0.43750000000000006,0.1188118811881188,0.2127659574468085,0.27184466019417475,0.31250000000000006,0.01386767765495461,0.08743115249840501,0.16592950837742504,0.2388327922239101
2339,0.5333333333333333,0.6500000000000001,0.3181818181818182,0.3846153846153847,0.46666666666666673,0.5500000000000002,0.17257724576480188,0.24226143869347724,0.4352527710191944,0.5768564699362705
2340,0.4444444444444444,0.40963855421686746,0.08247422680412371,0.07407407407407408,0.2626262626262626,0.26506024096385544,0.02620275269318288,0.01798031533298255,0.2559839370178724,0.2545604066985646
2341,0.5112781954887218,0.41904761904761906,0.25954198473282447,0.23300970873786409,0.31578947368421056,0.2476190476190476,0.11476784681907987,0.02391816711286088,0.29569271074125447,0.18261494252873564
2342,0.23076923076923078,0.41791044776119407,0.0392156862745098,0.12307692307692308,0.15384615384615385,0.26865671641791045,0.0106874671588704,0.03792713285009904,0.18446180555555555,0.2587090163934426
2343,0.5225225225225224,0.3505154639175258,0.2018348623853211,0.08421052631578947,0.2342342342342342,0.2268041237113402,0.04342069842593894,0.023987831664480704,0.367817586752498,0.1802976829829676
2344,0.38565022421524664,0.40375586854460094,0.15384615384615383,0.19905213270142183,0.17040358744394618,0.16901408450704225,0.028582688583500257,0.03102217727773627,0.19549203462620315,0.20037377470773776
2345,0.31016042780748665,0.43870967741935485,0.05405405405405405,0.23529411764705882,0.16042780748663102,0.2580645161290323,0.015050825117518086,0.1801835293633549,0.2044664266057238,0.3143202168523015
2346,0.6436781609195402,0.6865671641791045,0.4,0.4923076923076923,0.5287356321839081,0.6567164179104478,0.21781564356699704,0.27452772899985484,0.6486804399347986,0.552576705391719
2347,0.3541666666666667,0.3820224719101123,0.12765957446808512,0.13793103448275865,0.2708333333333333,0.20224719101123595,0.056210258373608074,0.029317397019424363,0.3120901316824931,0.28987012987012994
2348,0.4842105263157895,0.4,0.1935483870967742,0.17948717948717946,0.23157894736842108,0.27499999999999997,0.09647322919209081,0.08578250162859438,0.39157228284832457,0.29815444696397075
2349,0.35398230088495575,0.4423076923076923,0.14414414414414417,0.23529411764705882,0.26548672566371684,0.34615384615384615,0.02563631217412045,0.14124923696346642,0.4029029029029029,0.45645204846985454
2350,0.5054945054945055,0.5,0.22471910112359547,0.18918918918918917,0.39560439560439564,0.34210526315789475,0.09845529670044038,0.029610011250394124,0.2768081412529551,0.24551149433601946
2351,0.6277372262773723,0.5208333333333333,0.41481481481481486,0.3191489361702127,0.32116788321167883,0.39583333333333337,0.24881504118276568,0.039612456044496494,0.5583855799373041,0.3184082997747594
2352,0.4339622641509434,0.4516129032258065,0.2115384615384615,0.21978021978021975,0.24528301886792453,0.3225806451612903,0.02634368677466628,0.015558197187775485,0.43042129132354706,0.3207940924657534
2353,0.2905982905982906,0.21505376344086022,0.12173913043478261,0.06593406593406594,0.17094017094017094,0.19354838709677416,0.02729931887047842,0.018947930792268825,0.19175257731958764,0.13333333333333336
2354,0.35,0.5581395348837209,0.1694915254237288,0.3464566929133858,0.2833333333333334,0.41860465116279066,0.13940563094584682,0.24829791351768724,0.18917533632432465,0.35474937850494304
2355,0.4,0.4578313253012048,0.09259259259259259,0.19753086419753085,0.23636363636363636,0.2891566265060241,0.014130755527126091,0.08535777204282091,0.26058313800696076,0.3121413174323227
2356,0.6495726495726495,0.5,0.45217391304347826,0.46341463414634143,0.5128205128205129,0.5,0.3654833993441221,0.1956931414986445,0.5517642786962279,0.28693181818181823
2357,0.45714285714285713,0.4923076923076923,0.14492753623188404,0.171875,0.2714285714285714,0.21538461538461537,0.10576189439422916,0.08991449942009323,0.22542730311953418,0.2957423410154342
2358,0.6666666666666665,0.6571428571428571,0.5454545454545455,0.5,0.6444444444444444,0.4000000000000001,0.35169602963536856,0.3946787625527635,0.6003736413043479,0.5475796930342385
2359,0.43859649122807015,0.3225806451612903,0.125,0.15384615384615385,0.28070175438596495,0.25806451612903225,0.07750699925190283,0.05441745641405913,0.16746411483253587,0.129943557899457
2360,0.25,0.4225352112676056,0.06976744186046513,0.1739130434782609,0.1590909090909091,0.3661971830985915,0.015631555252668464,0.040259869498048655,0.2175453514739229,0.3219845513963161
2361,0.5285714285714286,0.5528455284552845,0.36231884057971014,0.34710743801652894,0.5142857142857143,0.4878048780487805,0.1483331097525151,0.10583410333996854,0.3569523725563661,0.277099609375
2362,0.4948453608247423,0.5102040816326531,0.21052631578947367,0.20833333333333334,0.30927835051546393,0.34693877551020413,0.0794714904273273,0.07845890800043138,0.3456069696720638,0.2947481462123935
2363,0.37894736842105264,0.4197530864197531,0.08602150537634409,0.1518987341772152,0.25263157894736843,0.29629629629629634,0.06486155788333825,0.06886705259820701,0.23895886479591835,0.29433572737053293
2364,0.42276422764227645,0.3191489361702127,0.1487603305785124,0.10869565217391304,0.16260162601626016,0.17021276595744678,0.015188817436046295,0.008716101919018242,0.21221130264481183,0.12317983676497866
2365,0.2647058823529412,0.20634920634920637,0.059701492537313425,0.04838709677419354,0.16176470588235298,0.12698412698412698,0.00575347313387506,0.004310643611776266,0.11033681765389083,0.09268594552875487
2366,0.5918367346938775,0.5185185185185186,0.37499999999999994,0.3291139240506329,0.48979591836734687,0.4691358024691358,0.19174758338850234,0.20116020511980956,0.3983434377935275,0.3174348128274305
2367,0.5688073394495413,0.5523809523809525,0.4299065420560747,0.38834951456310685,0.4770642201834862,0.39999999999999997,0.3135495947416375,0.2564062934902672,0.4899446117244711,0.43126051788719394
2368,0.44067796610169496,0.49056603773584906,0.15517241379310345,0.19230769230769232,0.2711864406779661,0.2830188679245283,0.03335256543144973,0.04160625156856301,0.3265086206896552,0.35233053046818225
2369,0.297029702970297,0.7191011235955056,0.1212121212121212,0.5977011494252874,0.23762376237623764,0.6966292134831461,0.056554951932159994,0.3431747835596709,0.2492063492063492,0.7123404076436181
2370,0.435483870967742,0.47311827956989244,0.21311475409836067,0.21978021978021978,0.24193548387096772,0.30107526881720426,0.14283632578659286,0.12486383852647968,0.3663071446195058,0.30660483291412144
2371,0.6168224299065421,0.6226415094339622,0.2857142857142857,0.38461538461538464,0.3177570093457944,0.37735849056603776,0.10682951251169669,0.1790665154573975,0.4159802306425041,0.39808999081726365
2372,0.4423076923076923,0.37499999999999994,0.2156862745098039,0.10638297872340426,0.3269230769230769,0.22916666666666666,0.09932513797400347,0.016938019737037718,0.3310933010181131,0.21894290123456786
2373,0.41379310344827586,0.5897435897435898,0.21052631578947367,0.39473684210526316,0.3620689655172414,0.4871794871794871,0.11583730542130748,0.2512179553452341,0.3517788533506312,0.4604147288942387
2374,0.4688995215311004,0.3829787234042554,0.08695652173913043,0.08602150537634409,0.2105263157894737,0.1914893617021277,0.00729542552345603,0.004309177587280782,0.18673789826265783,0.12654640402625475
2375,0.40816326530612246,0.5217391304347826,0.16666666666666663,0.208955223880597,0.18367346938775508,0.20289855072463772,0.027933572892562916,0.04802409811718416,0.3451435255129393,0.42845200681459855
2376,0.32558139534883723,0.36065573770491804,0.14285714285714285,0.10169491525423728,0.23255813953488375,0.19672131147540983,0.015631555252668464,0.021895589486928463,0.20318841997163675,0.20110759493670885
2377,0.375,0.6724137931034484,0.15873015873015872,0.3508771929824561,0.25,0.43103448275862066,0.03663324698022081,0.17045820487285623,0.2882748713170039,0.5307765706912574
2378,0.5641025641025641,0.611111111111111,0.2894736842105263,0.34285714285714286,0.43589743589743585,0.4444444444444445,0.1961790432890607,0.22624070614459985,0.5334026021551754,0.46899963689179375
2379,0.4354838709677419,0.25742574257425743,0.19672131147540983,0.08080808080808081,0.22580645161290322,0.19801980198019803,0.0260340884004478,0.024877977947685172,0.29019886363636366,0.149953877652035
2380,0.3584905660377359,0.5263157894736842,0.1730769230769231,0.27027027027027023,0.18867924528301888,0.2631578947368421,0.07716124536825242,0.16610453717832135,0.31019656019656017,0.349178887241171
2381,0.43697478991596644,0.3673469387755102,0.13675213675213674,0.125,0.2689075630252101,0.1836734693877551,0.027448726596947397,0.025020203593238807,0.23519755462470276,0.19857651245551602
2382,0.33009708737864074,0.2692307692307692,0.07920792079207921,0.0784313725490196,0.21359223300970875,0.15384615384615385,0.013350097003610487,0.01365914929695545,0.1639344262295082,0.1329243353783231
2383,0.5490196078431373,0.5894736842105264,0.32,0.4301075268817204,0.29411764705882354,0.4842105263157894,0.1743226401491116,0.19940839170440589,0.27324890844304667,0.36570658102458814
2384,0.38461538461538464,0.2735042735042735,0.15625,0.08695652173913043,0.2,0.15384615384615383,0.04608045435691294,0.0069594221886217595,0.1744506069798192,0.1216393312418093
2385,0.6818181818181819,0.3333333333333333,0.37209302325581395,0.024390243902439025,0.5454545454545454,0.19047619047619047,0.20665163138245424,0.0070829616979508955,0.5861271377768597,0.1388888888888889
2386,0.4050632911392405,0.5714285714285715,0.07792207792207793,0.29508196721311475,0.25316455696202533,0.4444444444444444,0.03172414419318193,0.1958835612546605,0.2486654252017381,0.4237259265988372
2387,0.4096385542168674,0.5205479452054794,0.22222222222222224,0.3098591549295775,0.3373493975903615,0.4383561643835616,0.1769538176698901,0.15782045717631185,0.33754132556675065,0.36202533909140494
2388,0.45045045045045046,0.41860465116279066,0.22018348623853212,0.26190476190476186,0.30630630630630634,0.37209302325581395,0.13988521776260257,0.12200531415141316,0.40324348016655703,0.30366181475020737
2389,0.5645161290322579,0.34545454545454546,0.3770491803278689,0.16666666666666666,0.4838709677419355,0.23636363636363636,0.2093239789683107,0.07541910917357415,0.500753709748692,0.2675974403723095
2390,0.4047619047619047,0.43750000000000006,0.17073170731707316,0.22580645161290322,0.23809523809523808,0.28125,0.02932891436480801,0.044923985784159286,0.35445757250268534,0.2636172708179908
2391,0.49484536082474234,0.5531914893617021,0.23958333333333334,0.43010752688172044,0.3505154639175258,0.42553191489361697,0.06466066257309723,0.15072201004435656,0.2368827160493827,0.3305149704486716
2392,0.4166666666666667,0.4556962025316456,0.14893617021276595,0.2077922077922078,0.25,0.20253164556962025,0.016486383891034698,0.034744217556416386,0.27990517870167764,0.25306122448979596
2393,0.4210526315789474,0.3953488372093023,0.15053763440860213,0.14285714285714288,0.27368421052631575,0.23255813953488372,0.020068798128061893,0.03895172954113247,0.3190531127960564,0.26611328125
2394,0.4462809917355372,0.45669291338582674,0.2521008403361344,0.288,0.36363636363636365,0.3622047244094488,0.09495146210251698,0.16421959549550927,0.46696629796732314,0.5270385487528344
2395,0.19230769230769232,0.4485981308411215,0.0196078431372549,0.17142857142857146,0.11538461538461538,0.205607476635514,0.010052070847919934,0.04122146677874283,0.14846020567851556,0.3616434257403697
2396,0.5084745762711864,0.5454545454545454,0.3103448275862069,0.3917525773195876,0.42372881355932196,0.3838383838383838,0.2107694611977474,0.18663796378891429,0.40766010546230325,0.4143438596491228
2397,0.4042553191489362,0.2857142857142857,0.1739130434782609,0.026666666666666672,0.3191489361702128,0.2077922077922078,0.04263643631711572,0.005490270927816556,0.2592402464065708,0.11652542372881355
2398,0.607843137254902,0.7012987012987014,0.3,0.4,0.3137254901960784,0.3896103896103896,0.14446850619173915,0.22150943642074988,0.4820269016697588,0.43484354082998666
2399,0.4948453608247423,0.358974358974359,0.2105263157894737,0.13157894736842105,0.24742268041237114,0.25641025641025644,0.0755025280797955,0.021098344685170713,0.3743705907236331,0.258134193273604
2400,0.3448275862068965,0.303030303030303,0.1411764705882353,0.0625,0.2528735632183908,0.1818181818181818,0.03295828165685029,0.03127406644424424,0.2510952024788974,0.11019283746556474
2401,0.4742268041237113,0.3333333333333333,0.23157894736842105,0.07317073170731707,0.288659793814433,0.23809523809523808,0.151033820468191,0.06122572957846335,0.3888511798841824,0.1687074829931973
2402,0.6969696969696969,0.688,0.5538461538461538,0.5528455284552845,0.5909090909090909,0.608,0.4437925066766178,0.47102016254975865,0.5858226837060704,0.5799293758350831
2403,0.4403669724770642,0.676056338028169,0.28037383177570097,0.46376811594202894,0.3853211009174312,0.6478873239436619,0.1760928267911618,0.2868296834770684,0.4316506589233862,0.4869169890178294
2404,0.4,0.28571428571428575,0.11650485436893203,0.05333333333333334,0.30476190476190473,0.18181818181818182,0.017792053193275013,0.014061200489953726,0.2861570247933884,0.13186813186813187
2405,0.5981308411214953,0.39534883720930236,0.419047619047619,0.21428571428571427,0.5420560747663552,0.3023255813953488,0.2760324831898339,0.0805964605113889,0.5083514155643784,0.1546583130293537
2406,0.24,0.3235294117647059,0.06122448979591836,0.12121212121212122,0.16,0.2058823529411765,0.020899410246084285,0.04354004419807858,0.21472051897271838,0.2436764705882353
2407,0.39999999999999997,0.42990654205607476,0.15533980582524273,0.1523809523809524,0.3238095238095238,0.28037383177570097,0.09092617426809149,0.0989072160367663,0.20080321285140562,0.23811786857124756
2408,0.463768115942029,0.4036697247706422,0.25,0.28037383177570097,0.2898550724637681,0.33027522935779813,0.15272701116314708,0.07863532719730534,0.35081920385219645,0.26006471389645774
2409,0.3619047619047619,0.6363636363636364,0.11650485436893204,0.41860465116279066,0.26666666666666666,0.5227272727272727,0.028354854401059677,0.2107912639808485,0.23977681322327482,0.44012076869503997
2410,0.42000000000000004,0.5352112676056339,0.20408163265306123,0.2318840579710145,0.22,0.2535211267605634,0.06930497532321182,0.09257837448230649,0.3401131465517241,0.3524904214559387
2411,0.5777777777777778,0.4772727272727273,0.34090909090909094,0.2558139534883721,0.4666666666666667,0.38636363636363635,0.20911971038029412,0.21451481114642676,0.5147949367088608,0.45328048574801816
2412,0.47407407407407404,0.5,0.21052631578947367,0.2363636363636364,0.26666666666666666,0.3214285714285714,0.12970519944613793,0.08222060703204533,0.2827825469098924,0.26857408601849
2413,0.5087719298245614,0.5102040816326532,0.33928571428571425,0.31249999999999994,0.3684210526315789,0.3877551020408163,0.11325993722744765,0.043188549266785295,0.3683768115942029,0.29826287311983846
2414,0.3636363636363637,0.42857142857142855,0.20370370370370372,0.17073170731707318,0.29090909090909084,0.3333333333333333,0.08613204987193251,0.05328699549817489,0.3100322544766989,0.3205835077751196
2415,0.46315789473684216,0.5142857142857143,0.25806451612903225,0.3235294117647059,0.39999999999999997,0.42857142857142855,0.09121047699119286,0.17130512901382572,0.3820129270544783,0.3801136363636364
2416,0.4791666666666667,0.32876712328767127,0.25531914893617025,0.14084507042253522,0.3125,0.3013698630136986,0.11632465601369746,0.04410877697328769,0.4213523783804638,0.3281163816878102
2417,0.39999999999999997,0.3098591549295775,0.18181818181818182,0.14492753623188406,0.26666666666666666,0.28169014084507044,0.03924256072520281,0.04609815356235176,0.33450617283950623,0.24084302325581397
2418,0.3469387755102041,0.38461538461538464,0.10416666666666667,0.10526315789473685,0.20408163265306123,0.20512820512820512,0.016189050128878807,0.011445430588179133,0.21669902912621358,0.18270423744989506
2419,0.6017699115044247,0.45,0.3423423423423423,0.25641025641025644,0.4424778761061947,0.3,0.16166114647022675,0.10587673217573437,0.5750801161438666,0.35914386608831056
2420,0.5842696629213483,0.5882352941176471,0.3636363636363636,0.4105960264900662,0.4606741573033708,0.5228758169934641,0.20474390868532039,0.18807786463518464,0.30480875275483,0.3156911169998618
2421,0.5511811023622047,0.46969696969696967,0.36799999999999994,0.26153846153846155,0.5039370078740157,0.3181818181818182,0.2044183569961537,0.18129532997327358,0.3974819222957404,0.27072310405643735
2422,0.4528301886792453,0.3170731707317073,0.15384615384615385,0.125,0.22641509433962265,0.21951219512195122,0.0640102435076709,0.07978950037285432,0.3506944444444445,0.22175058548009366
2423,0.576271186440678,0.6296296296296297,0.3275862068965517,0.4339622641509434,0.4915254237288135,0.5925925925925926,0.1251202619029037,0.20458438091697084,0.3916169828364951,0.4390876661982489
2424,0.5270270270270271,0.4897959183673469,0.2328767123287671,0.20689655172413793,0.22972972972972974,0.2857142857142857,0.12608712819788698,0.10260683699278351,0.4128566608029916,0.3765892930957474
2425,0.43697478991596633,0.4117647058823529,0.10256410256410257,0.04,0.25210084033613445,0.19607843137254904,0.011662537163703184,0.01422713856559223,0.2847630412044607,0.20078010428548154
2426,0.4297520661157025,0.42857142857142855,0.21848739495798322,0.20833333333333334,0.2644628099173554,0.22448979591836735,0.13407788876737306,0.03087984887044883,0.3488278157465303,0.29601868448210306
2427,0.5454545454545455,0.5471698113207548,0.3505154639175258,0.3269230769230769,0.42424242424242425,0.43396226415094336,0.24314439019137263,0.23342246594302268,0.40680149812734073,0.3448245260390122
2428,0.5111111111111111,0.5146198830409358,0.24719101123595505,0.26035502958579887,0.2888888888888889,0.28070175438596495,0.13927948860782066,0.1386373291996797,0.32175642722195863,0.32831188834049874
2429,0.48437499999999994,0.37837837837837845,0.3015873015873016,0.22018348623853212,0.40624999999999994,0.3243243243243243,0.22684343198272458,0.09729341971757795,0.2920471841704718,0.2012006287154907
2430,0.3417721518987342,0.39455782312925164,0.14102564102564102,0.13793103448275862,0.2278481012658228,0.272108843537415,0.02969320220413027,0.07806615048817722,0.18624731911445194,0.25974164181179926
2431,0.6666666666666666,0.4782608695652174,0.45569620253164556,0.13333333333333333,0.5679012345679012,0.28260869565217395,0.27390408630039326,0.03378367022979681,0.5202148713599096,0.35724400909084625
2432,0.45360824742268047,0.36363636363636365,0.1894736842105263,0.16,0.26804123711340205,0.2077922077922078,0.07303863538896588,0.04551281473525606,0.29421296296296295,0.2625471008782613
2433,0.5121951219512195,0.5866666666666667,0.325,0.4109589041095891,0.3902439024390244,0.29333333333333333,0.21826364135152002,0.23947416159841683,0.4219689775245331,0.4133954329510714
2434,0.3283582089552239,0.29357798165137616,0.07575757575757576,0.07476635514018691,0.20895522388059704,0.18348623853211007,0.012382462875149667,0.011688886970879978,0.20209019238952722,0.1107805332092281
2435,0.7422680412371134,0.6024096385542169,0.5473684210526316,0.34567901234567905,0.5773195876288659,0.4578313253012048,0.4220257049698484,0.25912242155725285,0.7239316239316239,0.44789427312775326
2436,0.44067796610169496,0.48101265822784817,0.22413793103448276,0.31168831168831174,0.35593220338983056,0.43037974683544306,0.09378377194339824,0.1492755479452095,0.3553719008264462,0.2765752765752766
2437,0.4090909090909091,0.47727272727272724,0.13953488372093023,0.18604651162790697,0.29545454545454547,0.31818181818181823,0.07145137980901747,0.07022953842745012,0.19122364075203252,0.22684755394266748
2438,0.5794392523364486,0.5858585858585859,0.45714285714285713,0.4536082474226804,0.5607476635514018,0.4444444444444444,0.3238907705137938,0.25958530846386774,0.46783946665040604,0.4066383775925964
2439,0.6532663316582914,0.608695652173913,0.3248730964467005,0.34065934065934067,0.41206030150753775,0.4239130434782608,0.12539737446129728,0.11000430629706802,0.3989272677302966,0.3644577993672867
2440,0.584070796460177,0.38202247191011235,0.34234234234234234,0.13793103448275862,0.4601769911504425,0.20224719101123595,0.22071806850919096,0.05823617669268722,0.44615748627673657,0.18802467795628888
2441,0.5384615384615383,0.5542168674698795,0.29411764705882354,0.2716049382716049,0.3653846153846154,0.4578313253012048,0.1930762857870553,0.12691730266283544,0.29652533701116696,0.25877409019707037
2442,0.4333333333333333,0.4220183486238532,0.23728813559322037,0.11214953271028037,0.24999999999999994,0.20183486238532108,0.133537522915143,0.013904704702118138,0.3511811023622047,0.17914766699806162
2443,0.6181818181818182,0.3505154639175258,0.40740740740740744,0.10526315789473684,0.4727272727272728,0.1443298969072165,0.2601737544706249,0.011842777705685224,0.544111181546767,0.1410219424033126
2444,0.5263157894736842,0.39622641509433965,0.19847328244274812,0.17307692307692307,0.22556390977443608,0.24528301886792447,0.0795573280120688,0.06281733081235591,0.30767700756125577,0.2456959429206927
2445,0.4242424242424242,0.5045045045045045,0.15384615384615383,0.2201834862385321,0.2121212121212121,0.25225225225225223,0.015205790016465633,0.10833421641604779,0.29614804501682324,0.3434864864864865
2446,0.3023255813953488,0.4210526315789474,0.14285714285714285,0.32727272727272727,0.20930232558139533,0.3157894736842105,0.091326684904424,0.2338051036720659,0.21574480181936323,0.32087104814377543
2447,0.6037735849056604,0.5542168674698795,0.3269230769230769,0.2962962962962963,0.49056603773584906,0.3855421686746988,0.1176035658821698,0.12359259499728874,0.4639311414864453,0.3157530708551117
2448,0.5974025974025974,0.3888888888888889,0.3733333333333333,0.1714285714285714,0.2857142857142857,0.25,0.20113161707875452,0.0795871931195481,0.5659336419753086,0.2968260188087774
2449,0.43636363636363634,0.4166666666666667,0.2777777777777778,0.23404255319148934,0.29090909090909084,0.27083333333333337,0.17314725523954924,0.15696285041296096,0.3707019198490976,0.30363036303630364
2450,0.45217391304347826,0.3908045977011494,0.1592920353982301,0.1411764705882353,0.2782608695652174,0.3218390804597701,0.02323799372692534,0.03172414419318193,0.3931591926894215,0.2595558059064939
2451,0.48148148148148145,0.37894736842105264,0.20754716981132076,0.17204301075268816,0.2777777777777778,0.25263157894736843,0.1200113474073524,0.07967570591717557,0.31939835299901675,0.2074090505767524
2452,0.5048543689320388,0.36363636363636365,0.31683168316831684,0.21333333333333335,0.4271844660194174,0.2597402597402597,0.23344129868882457,0.11127828484048441,0.36443494776828106,0.2561292973565265
2453,0.5964912280701755,0.5161290322580646,0.375,0.32967032967032966,0.3508771929824561,0.40860215053763443,0.20468381241489395,0.18040116977071022,0.4622693854903593,0.3593994231997007
2454,0.53125,0.4954128440366972,0.28571428571428575,0.22429906542056074,0.34374999999999994,0.3119266055045872,0.1348830863780547,0.0853485942200796,0.4924552720509947,0.34967102831374286
2455,0.27956989247311825,0.41025641025641024,0.10989010989010989,0.2105263157894737,0.15053763440860213,0.282051282051282,0.011322034491095223,0.03184072509309614,0.2068604998506422,0.3409809832161066
2456,0.3636363636363636,0.3838383838383838,0.13953488372093023,0.10309278350515463,0.31818181818181823,0.2626262626262626,0.032197014268353176,0.013599739580232311,0.22043088840474462,0.18981284055910924
2457,0.42276422764227634,0.4130434782608696,0.19834710743801653,0.1333333333333333,0.26016260162601623,0.30434782608695654,0.03914649825526533,0.02770446200461806,0.31741261567477386,0.20516359658050068
2458,0.4148148148148148,0.2905982905982906,0.2105263157894737,0.1565217391304348,0.17777777777777778,0.20512820512820512,0.13075321654431465,0.0952314489545592,0.3199026646231615,0.21490549399354433
2459,0.46616541353383456,0.39682539682539686,0.2442748091603053,0.20967741935483872,0.3157894736842105,0.33333333333333326,0.11801169202113472,0.12979338622525247,0.3016187834846228,0.30501252507094767
2460,0.40625,0.49056603773584906,0.11111111111111112,0.25,0.25,0.3584905660377358,0.028335598122110135,0.11107237066764951,0.3100250311740754,0.3621114833426391
2461,0.38834951456310685,0.3953488372093023,0.1188118811881188,0.14285714285714288,0.23300970873786409,0.32558139534883723,0.017994059573644743,0.02661961085534014,0.19138020868124672,0.2104085681891804
2462,0.4117647058823529,0.4098360655737705,0.20238095238095238,0.25,0.2,0.31147540983606553,0.11064220974244825,0.14986895058353367,0.3658903995790989,0.3593298472547131
2463,0.4592592592592593,0.4854368932038835,0.15037593984962405,0.2376237623762376,0.2518518518518518,0.2912621359223301,0.062355183619839015,0.15948334947088494,0.2343428947152133,0.3264918134554202
2464,0.4081632653061225,0.5454545454545455,0.14583333333333334,0.21333333333333332,0.2653061224489796,0.4155844155844156,0.03817509588092631,0.0662040832320321,0.396990511414922,0.34347602593026244
2465,0.43971631205673756,0.45312500000000006,0.2733812949640288,0.2698412698412698,0.35460992907801414,0.359375,0.149513877022303,0.06516766413989608,0.29993081499930824,0.24221809936095648
2466,0.3409090909090909,0.3,0.18604651162790697,0.17948717948717946,0.3181818181818182,0.27499999999999997,0.1324619730155467,0.14913364573128263,0.30707465277777785,0.29296921787040364
2467,0.6721311475409837,0.5346534653465346,0.4166666666666667,0.3434343434343434,0.4098360655737705,0.3762376237623762,0.26416323583140194,0.21859279150738506,0.5234123060228908,0.3676020290256979
2468,0.5591397849462365,0.6301369863013699,0.2857142857142857,0.3661971830985915,0.3225806451612903,0.4931506849315069,0.12351026307731532,0.21555608783091298,0.4395996565418054,0.49019903839622003
2469,0.4,0.3272727272727273,0.1917808219178082,0.1509433962264151,0.37333333333333335,0.2909090909090909,0.041431364679503146,0.03875938941914991,0.3266022670563913,0.2376996805111821
2470,0.5192307692307692,0.36,0.29411764705882354,0.08163265306122448,0.38461538461538464,0.24,0.1238758954566628,0.012394020110215957,0.37779478260869553,0.15706806282722513
2471,0.5380116959064328,0.5,0.20118343195266275,0.2465753424657534,0.2690058479532164,0.3108108108108108,0.12827974397390052,0.09763716526256704,0.34154469936708864,0.3023314677841213
2472,0.4273504273504274,0.5,0.1565217391304348,0.2909090909090909,0.2393162393162393,0.32142857142857145,0.07852354865804112,0.15037793384516437,0.27486250000000007,0.3300753177906781
2473,0.5904761904761904,0.5252525252525252,0.38834951456310685,0.32989690721649484,0.5333333333333333,0.48484848484848486,0.27367512374034797,0.21205856551340488,0.4900710012986094,0.3846605612347899
2474,0.41269841269841273,0.4424778761061947,0.12903225806451615,0.12612612612612611,0.22222222222222224,0.23008849557522124,0.03134911156403244,0.042872675340537486,0.26577329815087547,0.19084084084084083
2475,0.21487603305785125,0.23255813953488372,0.03361344537815126,0.04761904761904762,0.1652892561983471,0.13953488372093023,0.014414081766890382,0.02388866231285941,0.20799457994579945,0.18402984089258598
2476,0.24074074074074073,0.48,0.09433962264150943,0.2191780821917808,0.14814814814814814,0.3733333333333333,0.012921107541968398,0.10052741725411836,0.2702179176755448,0.4174342317885075
2477,0.43999999999999995,0.39024390243902435,0.28571428571428575,0.275,0.4,0.39024390243902435,0.10405607890252992,0.07856701824756357,0.30398891966759006,0.24865574897493187
2478,0.6290322580645162,0.40384615384615385,0.3934426229508197,0.1176470588235294,0.43548387096774194,0.25,0.22358470970320624,0.017134131896599004,0.5736285489513844,0.22459639126305794
2479,0.4424778761061947,0.4948453608247421,0.2162162162162162,0.25263157894736843,0.33628318584070793,0.32989690721649484,0.10733750293117997,0.10130833465665415,0.3538143298781597,0.32102662070684
2480,0.38759689922480617,0.41791044776119407,0.2047244094488189,0.18181818181818182,0.34108527131782945,0.22388059701492538,0.06111656699100057,0.05438797713582844,0.24523774901846732,0.2369426751592357
2481,0.49504950495049505,0.5631067961165047,0.2828282828282829,0.33663366336633666,0.4158415841584158,0.4271844660194175,0.19854327460617074,0.17953935632844178,0.3567134826987691,0.4642564482772075
2482,0.3883495145631068,0.4444444444444445,0.09900990099009901,0.1518987341772152,0.17475728155339804,0.22222222222222224,0.016306837096702196,0.11377785801933653,0.2797085059340771,0.2800722385054919
2483,0.4625850340136054,0.49504950495049505,0.20689655172413793,0.28282828282828276,0.24489795918367346,0.31683168316831684,0.0809115430627434,0.1381813981526725,0.3748028190514961,0.3399561815336463
2484,0.3838383838383838,0.34951456310679613,0.18556701030927836,0.099009900990099,0.34343434343434337,0.23300970873786406,0.08563831261693779,0.02770603772081143,0.2838233422425862,0.20648526077097507
2485,0.34951456310679613,0.3061224489795918,0.13861386138613863,0.125,0.17475728155339806,0.20408163265306123,0.03025208069035162,0.02764382728078047,0.2315607357494081,0.21250367199630701
2486,0.4885496183206107,0.3495145631067961,0.23255813953488372,0.099009900990099,0.366412213740458,0.27184466019417475,0.1328890075076789,0.016295662679026126,0.2264965737027949,0.15089033195873033
2487,0.36507936507936506,0.4646464646464647,0.0967741935483871,0.26804123711340205,0.23809523809523808,0.30303030303030304,0.050667766321803184,0.1658236704838174,0.2673523869346734,0.3236613593018552
2488,0.49180327868852464,0.3870967741935484,0.23333333333333334,0.08791208791208792,0.34426229508196726,0.17204301075268816,0.14469702850810984,0.015040534817256541,0.40733858198451794,0.20219021112281232
2489,0.5777777777777778,0.2535211267605634,0.40909090909090917,0.08695652173913043,0.4888888888888889,0.16901408450704225,0.3060564874104598,0.0161602711706099,0.554861313868613,0.16103316326530612
2490,0.42857142857142855,0.2921348314606742,0.2,0.022988505747126436,0.23214285714285715,0.1797752808988764,0.12390516746181542,0.009712237398684018,0.2534998553639783,0.1551831453468633
2491,0.5042016806722689,0.4444444444444445,0.20512820512820515,0.09433962264150943,0.38655462184873945,0.29629629629629634,0.1290020868998141,0.07116982665626395,0.3873948995900216,0.31581287251461143
2492,0.41860465116279066,0.3947368421052631,0.16666666666666666,0.1081081081081081,0.23255813953488372,0.18421052631578944,0.08413498161430112,0.0360737546551436,0.3601762820512821,0.28534724384926813
2493,0.48780487804878053,0.2857142857142857,0.3,0.07317073170731708,0.2926829268292683,0.1904761904761905,0.18298797421687701,0.011064891248476136,0.4048824196669431,0.11019283746556473
2494,0.5471698113207546,0.5607476635514019,0.3076923076923077,0.2857142857142857,0.3584905660377358,0.2616822429906542,0.13853018860405716,0.1435183871878551,0.4056715176715177,0.40949781690522435
2495,0.5254237288135594,0.38181818181818183,0.27586206896551724,0.18518518518518517,0.3389830508474576,0.23636363636363636,0.22637355739877066,0.13095473147136055,0.4410994075742111,0.20967706186138269
2496,0.5148514851485149,0.5238095238095238,0.24242424242424243,0.24390243902439024,0.3762376237623763,0.40476190476190477,0.153938132372094,0.1264109900884121,0.4091428571428572,0.36020354906054286
2497,0.5048543689320388,0.4893617021276596,0.23762376237623764,0.21739130434782608,0.4077669902912621,0.36170212765957444,0.03800260852944647,0.07249991954361834,0.3338981937602627,0.24059791140536482
2498,0.562874251497006,0.29752066115702475,0.35151515151515156,0.06722689075630252,0.3832335329341317,0.18181818181818182,0.26496108807626084,0.008334415325443462,0.41303053207815116,0.12561018858477968
2499,0.5892857142857143,0.48,0.4,0.3287671232876712,0.4642857142857143,0.37333333333333335,0.3107986557726063,0.11386116726426884,0.5741776127518315,0.29190133158698967
2500,0.21782178217821782,0.2222222222222222,0.0606060606060606,0.05714285714285714,0.1386138613861386,0.16666666666666666,0.010592898115816707,0.013703709229536164,0.1658881303150078,0.10362694300518135
2501,0.40740740740740744,0.7010309278350516,0.22641509433962265,0.5263157894736842,0.3518518518518519,0.5979381443298969,0.13978744680188715,0.46784886769483025,0.3550547911646733,0.5670203921952174
2502,0.33333333333333337,0.2857142857142857,0.061538461538461535,0.05128205128205127,0.16666666666666669,0.18487394957983191,0.00807770624266921,0.010275778611378641,0.17890772128060262,0.15355086372360846
2503,0.48739495798319327,0.48,0.15384615384615385,0.14285714285714285,0.25210084033613445,0.24,0.06450595992632221,0.011837733219898254,0.28310735991561753,0.1926854974704891
2504,0.3434343434343434,0.42735042735042733,0.08247422680412371,0.1391304347826087,0.20202020202020204,0.2905982905982906,0.012174947256163495,0.01253418323225562,0.1966976050996768,0.3163482298820646
2505,0.379746835443038,0.4054054054054054,0.18181818181818182,0.1388888888888889,0.3037974683544304,0.29729729729729726,0.11662752930835805,0.0349118425773897,0.3881919740373213,0.31746031746031744
2506,0.5249999999999999,0.5970149253731343,0.30769230769230765,0.2769230769230769,0.275,0.29850746268656714,0.20852426939984398,0.14401022008597833,0.49826766304347836,0.41284359084016947
2507,0.47457627118644063,0.38202247191011235,0.1896551724137931,0.09195402298850575,0.35593220338983056,0.2247191011235955,0.14340845992892517,0.02032572726910986,0.3796176975945017,0.2018083182640145
2508,0.6467065868263474,0.5323741007194245,0.4,0.2773722627737226,0.5868263473053892,0.4892086330935252,0.23800167176551013,0.15669931210509824,0.5157880225107355,0.38382348052079074
2509,0.5283018867924528,0.5544554455445544,0.34615384615384615,0.3232323232323232,0.39622641509433965,0.5148514851485149,0.18408880449966675,0.14689266029640552,0.6234709317947196,0.5671853785900783
2510,0.39999999999999997,0.36781609195402304,0.17475728155339804,0.16470588235294117,0.3047619047619048,0.22988505747126436,0.12472544322293314,0.0324217949956417,0.35931856164752823,0.2410134508348794
2511,0.5128205128205129,0.5945945945945946,0.19130434782608696,0.2568807339449541,0.32478632478632474,0.27027027027027023,0.016647948089092292,0.09442794525701062,0.2516733345630249,0.3390397131437504
2512,0.5833333333333335,0.5641025641025641,0.30508474576271183,0.2782608695652174,0.35,0.376068376068376,0.1889973050560633,0.17588181044237433,0.453023800089616,0.4648676030784166
2513,0.47311827956989244,0.3380281690140845,0.2197802197802198,0.11594202898550725,0.3225806451612903,0.28169014084507044,0.09333506485067505,0.03432886435300041,0.41232722769796787,0.20104828943384803
2514,0.3478260869565217,0.46601941747572817,0.12389380530973451,0.19801980198019803,0.2782608695652174,0.3689320388349515,0.07716124536825242,0.0862484969373212,0.2483818770226537,0.3757440476190476
2515,0.4752475247524752,0.5287356321839081,0.2222222222222222,0.3058823529411765,0.31683168316831684,0.3908045977011494,0.1584450133726893,0.22133265629417664,0.36470588235294116,0.36066308243727596
2516,0.3928571428571429,0.4597701149425288,0.16363636363636364,0.18823529411764706,0.23214285714285712,0.2298850574712644,0.036043351126530565,0.03197960576587468,0.28589221014492755,0.261203645137864
2517,0.6938775510204083,0.5319148936170214,0.39583333333333326,0.1739130434782609,0.4489795918367347,0.3404255319148936,0.3122547370426096,0.037457919029817044,0.6125861333449022,0.3525514889151252
2518,0.5132743362831858,0.35955056179775274,0.27027027027027023,0.06896551724137931,0.3893805309734514,0.20224719101123598,0.14040851441890545,0.013243489673261997,0.47408016569200767,0.15046296296296297
2519,0.3695652173913044,0.45333333333333337,0.15555555555555559,0.2191780821917808,0.2173913043478261,0.26666666666666666,0.018267262756547376,0.02181346059006112,0.24039691064395688,0.2997115076397051
2520,0.5263157894736842,0.5046728971962617,0.1935483870967742,0.1904761904761905,0.3368421052631579,0.29906542056074764,0.11479990094749865,0.07750069302355386,0.32030214371435967,0.30903643724696356
2521,0.7241379310344829,0.6013986013986015,0.6511627906976745,0.5106382978723404,0.6781609195402298,0.5734265734265734,0.5165276803505504,0.2593285299950763,0.5443142823334517,0.3770245749232734
2522,0.4925373134328358,0.43902439024390244,0.18181818181818182,0.1322314049586777,0.2686567164179105,0.26016260162601623,0.10541915333548521,0.01663258565287613,0.35748665499198246,0.27961358962189525
2523,0.45783132530120485,0.417910447761194,0.14814814814814817,0.12307692307692307,0.3373493975903614,0.23880597014925373,0.03266387074270991,0.02432542569851428,0.33368606701940046,0.285203313253012
2524,0.48062015503875966,0.46601941747572817,0.1889763779527559,0.2376237623762376,0.3255813953488372,0.2912621359223301,0.08490292194134245,0.09660595357891358,0.30742748001754816,0.27183083044673495
2525,0.4158415841584159,0.5352112676056339,0.28282828282828276,0.2318840579710145,0.37623762376237624,0.39436619718309857,0.19427801330365727,0.061886206874783196,0.34940206742787644,0.2443689123376623
2526,0.23529411764705882,0.4411764705882353,0.09638554216867469,0.15151515151515152,0.18823529411764706,0.23529411764705882,0.06266221810881523,0.04330176260547094,0.24474648817248365,0.2885465551248044
2527,0.5,0.38095238095238093,0.32786885245901637,0.19417475728155342,0.4193548387096774,0.26666666666666666,0.2606093918062031,0.16396115670222938,0.4726833417258729,0.27066725292651994
2528,0.39285714285714285,0.4444444444444444,0.2545454545454546,0.17142857142857143,0.33928571428571425,0.30555555555555564,0.13564914957495394,0.09301004337806368,0.43766973409139764,0.28987012987012994
2529,0.3617021276595745,0.4155844155844156,0.13043478260869565,0.26666666666666666,0.276595744680851,0.33766233766233766,0.018018212704985118,0.17879179884762747,0.27680814125295505,0.2670737750313347
2530,0.5123966942148761,0.4423076923076923,0.3025210084033613,0.2156862745098039,0.4132231404958677,0.32692307692307687,0.0937253355785887,0.028784039470341843,0.3398721101408545,0.24696791862284823
2531,0.4807692307692308,0.4109589041095891,0.3333333333333333,0.22535211267605634,0.4423076923076923,0.3287671232876712,0.2187405715612322,0.028349748757068326,0.528846153846154,0.35592695759826687
2532,0.25,0.09230769230769231,0.10256410256410256,0.0,0.19999999999999998,0.061538461538461535,0.05992026878339571,0.005791673300433694,0.14112234748010613,0.0554016620498615
2533,0.5606060606060606,0.6136363636363636,0.2615384615384615,0.3023255813953488,0.37878787878787884,0.4772727272727273,0.13231062744764072,0.17365951167059876,0.44474029603300697,0.47339867228248755
2534,0.38993710691823896,0.3484848484848485,0.07643312101910828,0.061538461538461535,0.2138364779874214,0.16666666666666669,0.009201099495331752,0.008912640501376936,0.15994436717663424,0.16828548048528838
2535,0.3636363636363636,0.4950495049504951,0.16494845360824742,0.22222222222222224,0.2626262626262626,0.3564356435643564,0.03833931821655289,0.10879252491347102,0.22055335968379447,0.3772888446437959
2536,0.37037037037037035,0.3728813559322034,0.12658227848101267,0.10526315789473685,0.24691358024691357,0.20338983050847456,0.015631555252668464,0.022916693354723693,0.20318841997163675,0.18479449914049073
2537,0.7017543859649122,0.5,0.39285714285714285,0.2711864406779661,0.5614035087719298,0.3666666666666667,0.1887969098944653,0.15069709523030048,0.6062370917063907,0.4467754467754468
2538,0.33043478260869563,0.288659793814433,0.10619469026548672,0.08421052631578947,0.22608695652173913,0.2061855670103093,0.011662537163703184,0.01444208334007034,0.27762567373145225,0.17875948237394024
2539,0.6480446927374302,0.6249999999999999,0.5423728813559322,0.5517241379310345,0.5921787709497207,0.5795454545454545,0.2141388552537438,0.21768282231463534,0.4017659227489155,0.41283143085937846
2540,0.5168539325842697,0.6027397260273972,0.2298850574712644,0.25352112676056343,0.3595505617977528,0.21917808219178084,0.15288960466267898,0.1544458227548897,0.45765915119363404,0.440802864969927
2541,0.5565217391304348,0.5434782608695652,0.247787610619469,0.1333333333333333,0.3826086956521739,0.3695652173913043,0.14115473297652617,0.11279843877349599,0.4551326968555663,0.3938674023740187
2542,0.45901639344262296,0.33333333333333337,0.25,0.14893617021276598,0.2786885245901639,0.24999999999999994,0.09106249919639195,0.01271253308340791,0.33574007220216606,0.17163125336202256
2543,0.6722689075630253,0.6476190476190475,0.49572649572649563,0.5631067961165048,0.6554621848739496,0.6285714285714287,0.4080170240891143,0.452449982307981,0.6059815684228832,0.5337963989075759
2544,0.4324324324324324,0.39622641509433965,0.1834862385321101,0.1346153846153846,0.3603603603603603,0.3018867924528302,0.10183789794622011,0.06690277786086286,0.3193318259784812,0.24163498098859315
2545,0.5203252032520325,0.5161290322580646,0.2644628099173554,0.2417582417582418,0.39024390243902435,0.3225806451612903,0.10185639012312281,0.10700891813337292,0.3865855513307984,0.3162575150300601
2546,0.4782608695652174,0.504201680672269,0.19117647058823528,0.2222222222222222,0.2608695652173913,0.3361344537815126,0.12499024389233475,0.12286540766919558,0.31283041667565753,0.31111854826714264
2547,0.3090909090909091,0.5957446808510638,0.09259259259259259,0.43478260869565216,0.2727272727272727,0.5106382978723405,0.02873373251092354,0.2796414639374834,0.2195805583460456,0.4569666079690251
2548,0.5696202531645569,0.5190839694656488,0.3076923076923077,0.32558139534883723,0.3164556962025316,0.29007633587786263,0.1724881315591773,0.18885556685320645,0.3704500126148757,0.29935140642110364
2549,0.6976744186046512,0.53125,0.5476190476190476,0.22580645161290325,0.6744186046511628,0.37499999999999994,0.31912799549270987,0.09635499622427643,0.6700359424293316,0.3516713091922005
2550,0.5076923076923076,0.3389830508474576,0.296875,0.10344827586206898,0.23076923076923078,0.23728813559322037,0.2065060695695076,0.016229339959378784,0.5367027313880166,0.2552255985267035
2551,0.3230769230769231,0.30357142857142855,0.09375,0.09090909090909093,0.2,0.1607142857142857,0.051660606511827155,0.015087930170845117,0.15920114122681886,0.08040935672514621
2552,0.4042553191489361,0.6060606060606061,0.21739130434782608,0.25,0.25531914893617025,0.33333333333333337,0.09868981544446528,0.13911576390402017,0.3333071196392996,0.39722248199756843
2553,0.5840707964601771,0.5660377358490566,0.3783783783783784,0.36538461538461536,0.2831858407079646,0.24528301886792453,0.1914448135267943,0.18615374700404136,0.4109111429089663,0.35188372537770124
2554,0.41025641025641024,0.23529411764705882,0.1391304347826087,0.048192771084337345,0.2393162393162393,0.18823529411764706,0.012577817813302365,0.011692093421606195,0.42590099079381927,0.13819095477386936
2555,0.4691358024691358,0.5853658536585366,0.32911392405063294,0.42500000000000004,0.4197530864197531,0.34146341463414637,0.2792512967499085,0.24002438470692244,0.48494583109744605,0.4908376963350785
2556,0.4714285714285714,0.4915254237288136,0.21739130434782608,0.12068965517241378,0.2714285714285714,0.23728813559322032,0.17611130902352182,0.014798102410832712,0.3720703125,0.26772818338536086
2557,0.4333333333333333,0.39999999999999997,0.1694915254237288,0.14285714285714288,0.28333333333333327,0.22000000000000003,0.07664823136436635,0.011509914438540905,0.25039508795564647,0.1966982396568671
2558,0.4599999999999999,0.34567901234567905,0.18367346938775508,0.05063291139240506,0.26,0.19753086419753085,0.08858266023219531,0.011365291695684928,0.3217930947580645,0.14675052410901465
2559,0.4220183486238532,0.4470588235294118,0.18691588785046728,0.26506024096385544,0.34862385321100914,0.3999999999999999,0.08794035158532003,0.15267960594791638,0.35823780325246596,0.3642571060571307
2560,0.4363636363636364,0.39436619718309857,0.18518518518518517,0.11594202898550723,0.3272727272727273,0.28169014084507044,0.06321545834059704,0.020636652455384822,0.4264531848242255,0.2601404175736579
2561,0.4869565217391305,0.5510204081632653,0.30088495575221236,0.3333333333333333,0.3652173913043478,0.346938775510204,0.13776573813960075,0.17316689771768706,0.4435676608261565,0.4502051282051282
2562,0.2528735632183908,0.17073170731707316,0.07058823529411765,0.025,0.16091954022988506,0.09756097560975609,0.01143354672983217,0.009616468079553367,0.20368589743589743,0.15621883932726188
2563,0.5,0.4424778761061947,0.18032786885245902,0.1081081081081081,0.2903225806451613,0.24778761061946902,0.032969997543205856,0.013960062629639848,0.37658044262679546,0.23700825494806976
2564,0.512,0.47457627118644063,0.2601626016260163,0.2413793103448276,0.36799999999999994,0.288135593220339,0.04996994615758173,0.09197890273878856,0.3063219517029649,0.2833148763381321
2565,0.3902439024390244,0.26086956521739135,0.09917355371900827,0.05309734513274336,0.16260162601626016,0.12173913043478261,0.012980081128604822,0.011437990718754789,0.16207455429497566,0.14593806921675775
2566,0.4084507042253521,0.3333333333333333,0.1,0.125,0.2112676056338028,0.17543859649122806,0.012865679645227907,0.06295877774079962,0.3112649283916959,0.21148086522462559
2567,0.45238095238095233,0.3294117647058824,0.17073170731707318,0.04819277108433735,0.35714285714285715,0.18823529411764706,0.0421169335849018,0.013863341114467655,0.3872945267341041,0.18624641833810887
2568,0.5714285714285714,0.5692307692307692,0.2641509433962264,0.359375,0.34782608695652173,0.30769230769230765,0.15146661564115807,0.14662650988046128,0.40937605626229095,0.3850813756079848
2569,0.4950495049504951,0.5660377358490567,0.22222222222222224,0.3269230769230769,0.31683168316831684,0.3773584905660377,0.11749577060207901,0.16802962975179767,0.41200924959406166,0.4882296591050801
2570,0.26666666666666666,0.35135135135135137,0.0909090909090909,0.1388888888888889,0.17777777777777778,0.24324324324324323,0.013245629343688574,0.03908747661822584,0.2124362581325831,0.2630208333333333
2571,0.36781609195402304,0.4155844155844156,0.11764705882352941,0.10666666666666667,0.2528735632183908,0.25974025974025977,0.03172639389317077,0.022093043981646555,0.24564499020887728,0.3553831948291783
2572,0.6588235294117647,0.40860215053763443,0.43373493975903615,0.1978021978021978,0.5647058823529413,0.3225806451612903,0.2512077334912375,0.13442833638098795,0.6113887399463808,0.3250025240241205
2573,0.6785714285714286,0.5744680851063829,0.4727272727272727,0.32608695652173914,0.4821428571428572,0.46808510638297873,0.24442588840977011,0.12262771034212595,0.624086277448409,0.4366204215830874
2574,0.5194805194805195,0.17391304347826086,0.3733333333333333,0.029850746268656716,0.49350649350649356,0.11594202898550725,0.1620384468018578,0.012287542170364497,0.5191953922298629,0.0967741935483871
2575,0.27184466019417475,0.425,0.11881188118811883,0.3333333333333333,0.19417475728155342,0.425,0.05296449057908351,0.23301928162017138,0.2689156626506024,0.3900783237913486
2576,0.380952380952381,0.3655913978494624,0.1219512195121951,0.19780219780219782,0.2142857142857143,0.23655913978494625,0.028396955265917102,0.12524822912437014,0.30491803278688523,0.34074074074074073
2577,0.4678362573099415,0.42038216560509556,0.2011834319526627,0.14193548387096774,0.2573099415204679,0.20382165605095542,0.09362297400188191,0.02630997195239186,0.3551272426023248,0.29103551438739533
2578,0.1834862385321101,0.1797752808988764,0.018691588785046728,0.022988505747126433,0.12844036697247704,0.15730337078651688,0.004563693212632036,0.00611867791405416,0.11655011655011656,0.08599508599508598
2579,0.3404255319148936,0.33333333333333337,0.15217391304347824,0.18421052631578946,0.2553191489361702,0.2820512820512821,0.09933695264179818,0.0282763657764652,0.24702812813930136,0.17803293899327302
2580,0.2647058823529412,0.3225806451612903,0.07462686567164178,0.06593406593406592,0.16176470588235295,0.2150537634408602,0.016053205055874785,0.025790577402055922,0.2595336076817559,0.2605550819836534
2581,0.46296296296296297,0.6097560975609756,0.22641509433962265,0.425,0.3518518518518519,0.43902439024390244,0.08749017224146428,0.2555388311643977,0.33747454175152747,0.44259656652360513
2582,0.35714285714285715,0.28169014084507044,0.09756097560975609,0.028985507246376812,0.23809523809523808,0.16901408450704225,0.017037490064776846,0.014931438282806013,0.25591216216216217,0.13396420020522176
2583,0.5737704918032787,0.5274725274725275,0.26666666666666666,0.3820224719101123,0.39344262295081966,0.5054945054945055,0.1459118017931296,0.19187457761178367,0.4133245172852352,0.3682126781977751
2584,0.3829787234042554,0.41463414634146345,0.1956521739130435,0.25,0.3191489361702128,0.41463414634146345,0.02877001236995154,0.1306886997553758,0.2952380952380953,0.3645776566757494
2585,0.31818181818181823,0.4578313253012048,0.1627906976744186,0.24691358024691357,0.20454545454545456,0.3614457831325302,0.03314957020139917,0.11689318551551758,0.22515056978205295,0.3402359000407538
2586,0.4444444444444445,0.6376811594202899,0.30927835051546393,0.4477611940298507,0.3838383838383838,0.46376811594202894,0.22451862853702576,0.3390955204523499,0.42373080492991677,0.5407821229050279
2587,0.5084745762711865,0.4615384615384615,0.25862068965517243,0.2608695652173913,0.33898305084745767,0.3418803418803419,0.14594029184657994,0.14837346815514502,0.4296052379676073,0.4409699479334347
2588,0.38095238095238093,0.2463768115942029,0.19310344827586204,0.08823529411764706,0.24489795918367346,0.13043478260869565,0.07556990716504995,0.01899663424079865,0.34284129170492805,0.16765013601171794
2589,0.419047619047619,0.5208333333333334,0.15533980582524268,0.2765957446808511,0.2095238095238095,0.25,0.016412989649060968,0.21199074384195696,0.25430748840291584,0.31108276643990934
2590,0.46601941747572817,0.4166666666666667,0.2574257425742574,0.19718309859154928,0.42718446601941745,0.3472222222222222,0.04053583773296893,0.026625774368307927,0.3003706701887436,0.3143487402746663
2591,0.3956043956043956,0.38961038961038963,0.0898876404494382,0.05333333333333332,0.2857142857142857,0.2077922077922078,0.05261717601431964,0.01320096313071381,0.32826175452880113,0.2730743012951602
2592,0.3418803418803419,0.32967032967032966,0.19130434782608693,0.11235955056179774,0.17094017094017094,0.15384615384615385,0.08771634666211443,0.0169580688779309,0.26760782743161016,0.2465049342105263
2593,0.6222222222222223,0.6,0.38636363636363635,0.358974358974359,0.26666666666666666,0.5,0.25206103463037793,0.2828983563293436,0.5973589435774309,0.443967140337317
2594,0.5481481481481483,0.5274725274725275,0.2857142857142857,0.33707865168539325,0.42962962962962964,0.46153846153846156,0.18486992769237678,0.12304667462749729,0.5035303849956063,0.32493389574414505
2595,0.45454545454545453,0.375,0.2222222222222222,0.1794871794871795,0.36363636363636365,0.35,0.12572512115299922,0.09860884207129723,0.43729892473118287,0.2944188428059396
2596,0.5094339622641509,0.577319587628866,0.23076923076923075,0.2736842105263158,0.28301886792452835,0.4123711340206186,0.09332843523349713,0.15965117951991303,0.3907167361223033,0.44377230675307594
2597,0.5504587155963303,0.48979591836734687,0.24299065420560748,0.20833333333333331,0.3302752293577982,0.3673469387755102,0.08605894206007403,0.08447240199410011,0.41459713493007194,0.35712709539326093
2598,0.30769230769230765,0.38016528925619836,0.109375,0.10084033613445377,0.21538461538461537,0.23140495867768596,0.022577000015971276,0.02374250412703189,0.15306122448979592,0.14792899408284024
2599,0.5882352941176471,0.6097560975609756,0.43999999999999995,0.4000000000000001,0.37254901960784315,0.5365853658536586,0.2816117159704376,0.22791203601968432,0.5168947041375025,0.4385477516981774
2600,0.339622641509434,0.37362637362637363,0.11538461538461538,0.11235955056179775,0.18867924528301885,0.2197802197802198,0.01633629238173871,0.024338615211046483,0.20067031521785247,0.2061440911091549
2601,0.48214285714285715,0.45161290322580644,0.2909090909090909,0.28571428571428575,0.3928571428571428,0.3870967741935483,0.16946391906208436,0.15263565131496482,0.3523288426720462,0.22188667304133675
2602,0.49504950495049505,0.48,0.3434343434343435,0.30612244897959184,0.39603960396039606,0.4,0.16975323607928983,0.1549706360016471,0.505627115663604,0.4179646936656283
2603,0.6976744186046512,0.346938775510204,0.4523809523809524,0.16666666666666666,0.627906976744186,0.2040816326530612,0.22207256774497575,0.029317397019424363,0.4910927406440541,0.15833631378159274
2604,0.6466165413533834,0.5346534653465347,0.32061068702290074,0.2222222222222222,0.3609022556390977,0.2772277227722772,0.15661796566040398,0.03949672655664467,0.48057789148797914,0.30382037996545774
2605,0.6470588235294118,0.5396825396825397,0.43283582089552236,0.33870967741935487,0.39705882352941174,0.4126984126984127,0.277828329400011,0.19680442289161262,0.4701943214424111,0.37751677852348997
2606,0.3461538461538462,0.38709677419354843,0.07843137254901962,0.13186813186813187,0.21153846153846154,0.2795698924731182,0.030302900945801844,0.03987286625985237,0.2683320097225231,0.27475912372785294
2607,0.5957446808510638,0.5476190476190477,0.391304347826087,0.2682926829268293,0.425531914893617,0.3333333333333333,0.2891858700433714,0.18433853343955847,0.6318017111832857,0.396990511414922
2608,0.5294117647058822,0.41379310344827586,0.24000000000000002,0.18823529411764706,0.31372549019607837,0.20689655172413793,0.08588612364685054,0.07295548232613987,0.3573708260105448,0.21097269144144143
2609,0.380952380952381,0.3291139240506329,0.17741935483870966,0.05194805194805195,0.30158730158730157,0.20253164556962028,0.06842128195681597,0.013555314602787177,0.3674074074074074,0.1532033426183844
2610,0.5660377358490567,0.5,0.2692307692307692,0.24444444444444444,0.3018867924528302,0.19565217391304346,0.128131680635891,0.09765767776596433,0.41772876796249686,0.36879342135589877
2611,0.3541666666666667,0.31707317073170727,0.10638297872340424,0.15,0.22916666666666669,0.1951219512195122,0.012138611630770825,0.0681839120451369,0.16216422466422467,0.2005484767643602
2612,0.39999999999999997,0.26666666666666666,0.19047619047619047,0.13793103448275862,0.3692307692307692,0.2,0.0795871931195481,0.10795293558053044,0.34704287190082644,0.2731236527532824
2613,0.4791666666666667,0.4835164835164835,0.19148936170212766,0.22471910112359547,0.31250000000000006,0.28571428571428564,0.13190796805784194,0.1090678356706567,0.2948670212765957,0.31418425594052835
2614,0.41379310344827586,0.5333333333333333,0.17543859649122806,0.273972602739726,0.1724137931034483,0.3466666666666667,0.0994385046499556,0.13215100758339104,0.37935697115384615,0.3501050911861078
2615,0.4893617021276596,0.410958904109589,0.2391304347826087,0.2535211267605634,0.3404255319148936,0.35616438356164376,0.1403347528659414,0.1459010461979073,0.35658914728682173,0.2644681772261509
2616,0.25316455696202533,0.3238095238095238,0.08974358974358974,0.17475728155339804,0.12658227848101267,0.26666666666666666,0.010261683555180498,0.010214952966799574,0.1517005232379194,0.18027278775781772
2617,0.31481481481481477,0.21176470588235297,0.05660377358490566,0.024096385542168672,0.16666666666666669,0.1411764705882353,0.013594021799031653,0.005675554778421935,0.12922465208747513,0.08281573498964803
2618,0.577319587628866,0.5591397849462365,0.33684210526315794,0.3516483516483517,0.43298969072164945,0.45161290322580644,0.17402631318180392,0.24078435074822624,0.424601882583912,0.4018152399848828
2619,0.5,0.4941176470588235,0.3658536585365854,0.38554216867469876,0.4523809523809524,0.42352941176470593,0.2606552730345197,0.27193233836095376,0.3734507612623956,0.340509828009828
2620,0.4576271186440678,0.5081967213114753,0.22413793103448276,0.19999999999999998,0.3220338983050847,0.3934426229508196,0.1653588040958988,0.031538412546585085,0.3244349018906184,0.3752818893763583
2621,0.38834951456310685,0.3736263736263736,0.0594059405940594,0.11235955056179774,0.19417475728155342,0.26373626373626374,0.014903131792109586,0.029069329294658074,0.2007362211280002,0.2094611220472441
2622,0.38,0.5526315789473685,0.18367346938775508,0.2702702702702703,0.3,0.4473684210526316,0.030128319302632763,0.15711139851479272,0.3216222452982578,0.4415841584158416
2623,0.5225225225225224,0.5283018867924528,0.2752293577981651,0.2692307692307692,0.3963963963963964,0.3018867924528302,0.15639509584950168,0.11515758684753284,0.30825908372827804,0.3355031847133758
2624,0.4137931034482759,0.35555555555555557,0.14035087719298248,0.11363636363636362,0.24137931034482757,0.24444444444444444,0.030811614866345732,0.009727440809179257,0.2566067122186495,0.17793687290969898
2625,0.6153846153846154,0.6,0.4044943820224719,0.3529411764705882,0.5714285714285714,0.5428571428571428,0.19543904636677345,0.1474166411783083,0.48530787589498803,0.3989265927977839
2626,0.3652173913043479,0.45544554455445546,0.10619469026548672,0.16161616161616163,0.17391304347826086,0.25742574257425743,0.014729214692176655,0.028189148609211276,0.12437810945273635,0.24280482651767687
2627,0.509090909090909,0.5,0.20370370370370372,0.23255813953488372,0.21818181818181817,0.25,0.07888240883835129,0.014868512184416996,0.33458480565371024,0.2525767357571639
2628,0.6966292134831462,0.7272727272727273,0.3908045977011494,0.42666666666666664,0.4719101123595506,0.4935064935064935,0.20660623837996164,0.18257659526185505,0.5649927457897133,0.5179069419229259
2629,0.47852760736196326,0.40875912408759124,0.2360248447204969,0.2074074074074074,0.3558282208588957,0.24817518248175183,0.03789688671330979,0.05800193016007235,0.2739583648674558,0.19922083805209512
2630,0.45360824742268047,0.4,0.25263157894736843,0.20512820512820515,0.41237113402061853,0.3,0.17426642531691175,0.12094491125982405,0.4470789926276469,0.30181008075744925
2631,0.4631578947368421,0.42105263157894735,0.23655913978494625,0.17204301075268816,0.23157894736842105,0.25263157894736843,0.1196425813555299,0.09090870283740551,0.3739632701421801,0.3739632701421801
2632,0.5384615384615384,0.5283018867924528,0.23529411764705882,0.25,0.3846153846153846,0.3584905660377358,0.09409316482978873,0.09510691897245693,0.3411957751526694,0.36134814814814814
2633,0.4545454545454546,0.411764705882353,0.23255813953488372,0.1818181818181818,0.40909090909090906,0.38235294117647056,0.036302916215581765,0.024698556319123526,0.3594107597588886,0.27719939117199394
2634,0.3958333333333333,0.44943820224719094,0.14893617021276598,0.25287356321839083,0.18750000000000003,0.20224719101123598,0.10836576504598697,0.19342056201561486,0.3253609793526786,0.37742382271468145
2635,0.4318181818181819,0.3582089552238806,0.27906976744186046,0.09230769230769231,0.3409090909090909,0.1791044776119403,0.18283859519659826,0.01947236165031509,0.46765968867418134,0.18209169054441257
2636,0.5957446808510638,0.5591397849462365,0.3478260869565218,0.3516483516483516,0.48936170212765956,0.47311827956989244,0.2150829436179532,0.24442005458681226,0.46923456790123463,0.40067351129363454
2637,0.4423076923076923,0.4680851063829788,0.23529411764705882,0.3043478260869565,0.2884615384615385,0.3404255319148936,0.11747463359374494,0.14910956829800256,0.299570060713044,0.30392562060401607
2638,0.5517241379310345,0.5270270270270271,0.313953488372093,0.2876712328767123,0.4252873563218391,0.40540540540540543,0.13176856496603293,0.15858094091052943,0.3344566277486438,0.29884378428559377
2639,0.430379746835443,0.37037037037037035,0.15384615384615383,0.16981132075471697,0.20253164556962025,0.24074074074074076,0.0755919129078145,0.06218822092591298,0.26260242543428386,0.22133302721702008
2640,0.45454545454545453,0.5405405405405405,0.20930232558139536,0.2777777777777778,0.29545454545454547,0.2972972972972973,0.07071775095476406,0.10322985794794913,0.3792805154516168,0.3668441663386031
2641,0.5046728971962616,0.5794392523364486,0.2666666666666666,0.3428571428571428,0.4672897196261683,0.5046728971962616,0.10866603607763149,0.14538591177697927,0.4488358139624906,0.5250263910881462
2642,0.5147058823529411,0.4489795918367347,0.1791044776119403,0.16666666666666666,0.2647058823529412,0.32653061224489793,0.031978391052165704,0.06070473819139138,0.3489729943701619,0.2059206578224951
2643,0.5,0.47619047619047616,0.22388059701492538,0.16129032258064516,0.3088235294117647,0.2698412698412698,0.08352402069546086,0.06234830739368614,0.26350191871149065,0.21997694524495676
2644,0.3114754098360656,0.3055555555555555,0.049999999999999996,0.056338028169014086,0.1967213114754098,0.18055555555555555,0.02328139458321882,0.01919617615149833,0.1322751322751323,0.18771331058020477
2645,0.411764705882353,0.3559322033898305,0.16417910447761191,0.17241379310344826,0.25,0.2542372881355932,0.07429295512464845,0.07739628703108867,0.26987244897959184,0.23121020186966537
2646,0.6506024096385543,0.631578947368421,0.5185185185185185,0.5405405405405405,0.5542168674698795,0.5789473684210528,0.4303741521612519,0.4053606506369619,0.5940827250608274,0.5246148352208958
2647,0.43795620437956206,0.4210526315789474,0.13333333333333333,0.12903225806451615,0.2773722627737227,0.29473684210526313,0.03153471753564516,0.018999054115512965,0.43359245439469324,0.3175301810865192
2648,0.6216216216216216,0.5185185185185185,0.32876712328767127,0.22641509433962265,0.4189189189189189,0.3518518518518518,0.14489631061147465,0.04182342266350842,0.5315555555555556,0.30742771625970094
2649,0.42307692307692313,0.42857142857142855,0.13725490196078433,0.2926829268292683,0.2692307692307692,0.38095238095238093,0.016905500683784488,0.20087872567365261,0.2782227516929892,0.3436409241323038
2650,0.2708333333333333,0.2833333333333333,0.02127659574468085,0.050847457627118633,0.18749999999999997,0.16666666666666663,0.009781698624753966,0.008404055901410109,0.1620947630922693,0.23325870140443722
2651,0.5777777777777778,0.5217391304347826,0.18181818181818182,0.23880597014925373,0.35555555555555557,0.3768115942028986,0.13183312662740113,0.1184387189480193,0.406716259449053,0.292724609375
2652,0.41935483870967744,0.44247787610619466,0.1639344262295082,0.07207207207207207,0.27419354838709675,0.21238938053097345,0.12289013525464186,0.011073334480468768,0.3076308623298033,0.18819893300502716
2653,0.425531914893617,0.45901639344262296,0.13043478260869568,0.16949152542372883,0.2978723404255319,0.29508196721311475,0.02675847043949086,0.04011976886944253,0.31991760587431695,0.25532268795741847
2654,0.27586206896551724,0.44247787610619477,0.052631578947368425,0.10810810810810811,0.17241379310344826,0.3185840707964602,0.009936625244719478,0.010974580715221208,0.1745383925314721,0.1967842004309834
2655,0.4220183486238533,0.5494505494505494,0.22429906542056072,0.24719101123595508,0.3669724770642202,0.3516483516483516,0.09702083064346757,0.046562118464757246,0.32237308146399063,0.377288844643796
2656,0.4222222222222222,0.5555555555555556,0.1590909090909091,0.22857142857142856,0.3333333333333333,0.41666666666666663,0.031442247438515224,0.06314476315692774,0.3480850896508336,0.4774247800694906
2657,0.6046511627906976,0.696969696969697,0.42857142857142855,0.5937499999999999,0.4418604651162791,0.6363636363636365,0.31359553122785805,0.3870297355775397,0.5871306337677843,0.5761954874030645
2658,0.6756756756756757,0.47058823529411764,0.4444444444444445,0.24242424242424246,0.5405405405405405,0.29411764705882354,0.2822879206854907,0.13819046796851733,0.48754213303905886,0.37978691019786914
2659,0.6037735849056604,0.6666666666666666,0.4423076923076923,0.5227272727272727,0.4716981132075472,0.5111111111111111,0.34282802696946085,0.28097815276487065,0.5400547445255474,0.5175766265152677
2660,0.4489795918367347,0.46031746031746035,0.1517241379310345,0.12903225806451615,0.20408163265306123,0.2857142857142857,0.014979356110339619,0.012898962764417403,0.23361498096647984,0.22577343486016485
2661,0.6315789473684211,0.5352112676056338,0.5466666666666666,0.34285714285714286,0.618421052631579,0.4366197183098592,0.4199703569056656,0.21449917409849514,0.45392535427251246,0.31517334011300224
2662,0.4827586206896552,0.6000000000000001,0.3294117647058824,0.4411764705882353,0.45977011494252873,0.6000000000000001,0.2141001065785889,0.3453513585208172,0.5259388459064954,0.586036818693665
2663,0.2962962962962963,0.5230769230769231,0.22784810126582278,0.4761904761904763,0.2469135802469136,0.5230769230769231,0.10900194674973904,0.26209131047642353,0.4177154500779097,0.728249194414608
2664,0.44628099173553715,0.4672897196261682,0.21848739495798322,0.22857142857142856,0.36363636363636365,0.3364485981308411,0.15569206913858177,0.10413379545438284,0.34642562882558114,0.2809811458905363
2665,0.5245901639344263,0.3956043956043956,0.2,0.15730337078651685,0.3114754098360656,0.2637362637362637,0.040670224679379044,0.03251901938989325,0.4645974008218325,0.2264793882978723
2666,0.47058823529411764,0.5045045045045046,0.2686567164179104,0.29357798165137616,0.35294117647058826,0.2882882882882883,0.19234752112136516,0.19141080087062498,0.3877929522846063,0.35277798517910136
2667,0.43971631205673756,0.4571428571428571,0.14388489208633093,0.1553398058252427,0.19858156028368795,0.1714285714285714,0.031785099918079894,0.01099457906976523,0.2749018651834089,0.20858992491150186
2668,0.3333333333333333,0.3225806451612903,0.1016949152542373,0.11475409836065575,0.26666666666666666,0.2096774193548387,0.016405745237435525,0.017836057922730766,0.12768817204301075,0.13946733435800815
2669,0.5151515151515151,0.5132743362831859,0.2923076923076924,0.2702702702702703,0.3636363636363636,0.4070796460176991,0.16822674276860736,0.09661061669567914,0.3384034977282751,0.32261817698291334
2670,0.503225806451613,0.5,0.2222222222222222,0.20634920634920634,0.3096774193548387,0.28125000000000006,0.08158235424103749,0.0599864040927058,0.34867428255858,0.32359376524296163
2671,0.588235294117647,0.39080459770114945,0.27999999999999997,0.11764705882352941,0.4509803921568628,0.20689655172413793,0.13838525604001994,0.023353014973043963,0.390907159549607,0.20916354707563498
2672,0.4122137404580153,0.43609022556390975,0.12403100775193798,0.10687022900763359,0.29007633587786263,0.2857142857142857,0.08927645830140983,0.0545259181068592,0.22010991748102,0.22756704574886388
2673,0.4137931034482758,0.5057471264367817,0.17543859649122806,0.23529411764705882,0.29310344827586204,0.32183908045977005,0.07538699324562638,0.07939972618855684,0.23048048048048045,0.2884145347889848
2674,0.5210084033613446,0.3614457831325302,0.30769230769230765,0.12345679012345678,0.40336134453781514,0.24096385542168675,0.16156762119073653,0.038492735302756126,0.59092531922043,0.29566744730679156
2675,0.5360824742268041,0.42352941176470593,0.2947368421052632,0.12048192771084339,0.3092783505154639,0.23529411764705882,0.16836993787436155,0.0742455158202572,0.4190554190554191,0.2567963902989284
2676,0.5360824742268041,0.27848101265822783,0.3157894736842105,0.1038961038961039,0.4329896907216495,0.2278481012658228,0.24955440153440428,0.03865750408526674,0.5085864332603938,0.201915852742299
2677,0.4220183486238532,0.37499999999999994,0.29906542056074764,0.2545454545454545,0.3853211009174312,0.33928571428571425,0.1573620600486306,0.13086816975955728,0.3982142857142857,0.325380131430614
2678,0.5109489051094891,0.42105263157894735,0.1925925925925926,0.24427480916030533,0.3065693430656934,0.3308270676691729,0.041710681604351506,0.15590254078760676,0.30712153849451307,0.27026038781163436
2679,0.5567010309278351,0.6947368421052631,0.23157894736842105,0.38709677419354843,0.2268041237113402,0.6105263157894736,0.16964888996035118,0.22970732285544448,0.4040006721251375,0.5943990806977911
2680,0.3050847457627119,0.5168539325842697,0.08620689655172414,0.2298850574712644,0.22033898305084748,0.38202247191011235,0.01268850629627626,0.024224768999509153,0.28755908361037613,0.3534754879855698
2681,0.5777777777777777,0.5316455696202531,0.1818181818181818,0.1818181818181818,0.4,0.43037974683544306,0.08689847441295456,0.09722173654869887,0.4821205664600552,0.40531855955678675
2682,0.4881889763779527,0.5794392523364487,0.288,0.3428571428571428,0.44094488188976383,0.411214953271028,0.2270093995092866,0.18209168535113096,0.4739336492890995,0.4268292682926829
2683,0.48000000000000004,0.4786324786324787,0.26016260162601623,0.2782608695652174,0.35200000000000004,0.358974358974359,0.14475608004521595,0.15297120188545377,0.3783697304215663,0.42912516324926564
2684,0.39622641509433965,0.4556962025316456,0.17307692307692307,0.2337662337662338,0.24528301886792453,0.27848101265822783,0.10141089526006097,0.14302298352258735,0.27640443992050795,0.1809954751131222
2685,0.5714285714285713,0.45588235294117646,0.303448275862069,0.22388059701492538,0.2993197278911565,0.2647058823529412,0.14186686133323562,0.14397534359210007,0.380244592358492,0.29288683645346536
2686,0.4941176470588235,0.5405405405405406,0.38554216867469876,0.3611111111111111,0.2588235294117647,0.2702702702702703,0.26258629154892393,0.20584866219245102,0.4531562899028028,0.42634171304292207
2687,0.4635761589403974,0.4393939393939394,0.17449664429530198,0.16923076923076924,0.30463576158940403,0.2878787878787879,0.03571970569849626,0.03198624697206707,0.28162465605345915,0.2726116153402235
2688,0.5321100917431193,0.46341463414634143,0.3364485981308411,0.225,0.3302752293577982,0.24390243902439024,0.17550152322212986,0.06679150602027308,0.3816285385283495,0.2573403159340659
2689,0.4087591240875912,0.4666666666666667,0.11851851851851851,0.18644067796610167,0.218978102189781,0.23333333333333334,0.06514430595555926,0.09552040806823771,0.32282660007950703,0.29420270002891796
2690,0.47916666666666663,0.47368421052631576,0.2553191489361702,0.26785714285714285,0.37499999999999994,0.3508771929824562,0.1673279360398545,0.14877362686962906,0.325423926684762,0.4198056633121569
2691,0.6835443037974683,0.42666666666666664,0.4675324675324676,0.24657534246575344,0.6329113924050633,0.26666666666666666,0.35187846998996153,0.20868721961570674,0.6120754746055227,0.3169005847953217
2692,0.3877551020408163,0.3764705882352941,0.10416666666666667,0.048192771084337345,0.24489795918367344,0.2588235294117647,0.014786445839421385,0.014143550190952823,0.2956711986247852,0.23182870370370373
2693,0.4761904761904762,0.3846153846153846,0.21951219512195122,0.05263157894736842,0.380952380952381,0.1794871794871795,0.13453816424946785,0.013819585494830136,0.4516656012500888,0.14397905759162305
2694,0.3695652173913043,0.3076923076923077,0.15555555555555556,0.07894736842105264,0.1956521739130435,0.15384615384615385,0.06312871110271528,0.016017951809519034,0.2798045339507835,0.20383561643835618
2695,0.33999999999999997,0.37254901960784315,0.061224489795918366,0.08,0.2,0.21568627450980393,0.014961693598066154,0.016979055930296413,0.1752405949256343,0.20387886255466164
2696,0.48128342245989303,0.4861111111111111,0.17297297297297298,0.19718309859154928,0.2780748663101604,0.34722222222222227,0.08204461502139279,0.07793669274725497,0.3234247374562427,0.26750745411310384
2697,0.509090909090909,0.6412213740458016,0.2331288343558282,0.3565891472868217,0.39999999999999997,0.549618320610687,0.1166934764816165,0.1976792938707098,0.4451063796906934,0.4834540960537405
2698,0.725925925925926,0.7333333333333334,0.6315789473684211,0.6351351351351352,0.711111111111111,0.6933333333333334,0.44912359218054076,0.5486808254890825,0.5692820221830143,0.6303906939356282
2699,0.32624113475177313,0.3561643835616438,0.11510791366906475,0.056338028169014086,0.19858156028368795,0.19178082191780824,0.023840213740000876,0.015443207553005298,0.31126135739984145,0.2117320134933363
2700,0.4914285714285714,0.4675324675324675,0.16184971098265893,0.13157894736842105,0.27428571428571424,0.23376623376623376,0.07868484712450367,0.019202181334188523,0.31385749223345893,0.2171412300683371
2701,0.41071428571428575,0.5714285714285715,0.16363636363636366,0.3658536585365854,0.2678571428571429,0.42857142857142855,0.06567757031681239,0.14926402220799223,0.3598294787120664,0.4050124790981308
2702,0.6987951807228916,0.8108108108108109,0.6666666666666666,0.8055555555555556,0.6987951807228916,0.8108108108108109,0.44458465431829053,0.5860744054696561,0.7650177602387878,0.8293697750184409
2703,0.4166666666666667,0.5686274509803922,0.16949152542372883,0.44,0.26666666666666666,0.4313725490196078,0.13480394310466498,0.32838985698071216,0.28872395833333336,0.45508234341252696
2704,0.38888888888888895,0.38636363636363635,0.09433962264150944,0.0697674418604651,0.22222222222222224,0.1818181818181818,0.021359012567909886,0.012388559502462976,0.20132873293202172,0.16290726817042603
2705,0.6355140186915887,0.6379310344827587,0.34285714285714286,0.33333333333333337,0.5420560747663551,0.5172413793103449,0.2719326877457978,0.16773061004266177,0.4452085313688214,0.455525335864486
2706,0.4634146341463415,0.380952380952381,0.25,0.09836065573770493,0.3658536585365854,0.15873015873015872,0.12626326164407,0.01596088888870907,0.3287140393187537,0.19510706235912847
2707,0.39999999999999997,0.4375,0.12903225806451613,0.12903225806451615,0.29473684210526313,0.34375,0.014790078495456247,0.023679782745206105,0.3057650862068966,0.26816911250873515
2708,0.5087719298245613,0.5494505494505495,0.19642857142857142,0.1797752808988764,0.2631578947368421,0.32967032967032966,0.14003177719178028,0.07188973863868962,0.3707039134335052,0.3054532812919741
2709,0.2524271844660194,0.3023255813953488,0.0594059405940594,0.07142857142857141,0.19417475728155337,0.23255813953488372,0.043836050664079515,0.05987016463560546,0.1597051597051597,0.18919159544159544
2710,0.2972972972972973,0.3142857142857143,0.05555555555555555,0.08823529411764705,0.18918918918918917,0.2571428571428571,0.015413846636068528,0.039344208627132116,0.19455435113431507,0.25456439887281246
2711,0.4,0.33707865168539325,0.17475728155339806,0.04597701149425287,0.3047619047619048,0.1797752808988764,0.10258284100494246,0.01314655984075332,0.3207571138211382,0.20826669768253323
2712,0.49557522123893805,0.3619047619047619,0.2702702702702703,0.0970873786407767,0.35398230088495575,0.22857142857142854,0.1031568479372853,0.029772075064752827,0.42180970873786405,0.29291338582677173
2713,0.4125,0.3851851851851852,0.16455696202531644,0.15037593984962408,0.225,0.2814814814814815,0.09131758031826141,0.03663394799437183,0.34503611877723994,0.2483761388347997
2714,0.44897959183673475,0.39080459770114945,0.22916666666666666,0.1176470588235294,0.3877551020408163,0.1839080459770115,0.1571226862607064,0.03520699346890819,0.3564824380165289,0.22543697033898305
2715,0.2542372881355932,0.28282828282828276,0.05172413793103448,0.061855670103092786,0.13559322033898302,0.18181818181818182,0.021510392733247525,0.00863182747418602,0.15589796267762368,0.15225137674117264
2716,0.7126436781609194,0.6024096385542169,0.5411764705882353,0.39506172839506176,0.6436781609195402,0.5301204819277109,0.34338432092571775,0.2806872673860978,0.5968877805486283,0.40194115143353537
2717,0.5199999999999999,0.5686274509803921,0.24489795918367346,0.3,0.36000000000000004,0.4117647058823529,0.05307396308269009,0.06191679722631536,0.3907004336797316,0.3877257967692643
2718,0.4666666666666667,0.5217391304347826,0.22727272727272727,0.23880597014925373,0.3555555555555555,0.40579710144927544,0.07749999839550789,0.14765612530106662,0.41523144245051985,0.41359230324074076
2719,0.631578947368421,0.6944444444444444,0.34408602150537637,0.45714285714285713,0.4,0.5277777777777778,0.23014604981570677,0.2982379197033482,0.5800609646763493,0.5474397086806126
2720,0.5283018867924528,0.45454545454545453,0.3076923076923077,0.20930232558139536,0.4716981132075472,0.3636363636363636,0.18611238597759056,0.08694521008274231,0.3213521339544253,0.21351028054257792
2721,0.5416666666666667,0.48780487804878053,0.2553191489361702,0.27499999999999997,0.2916666666666667,0.3658536585365854,0.13493403857891198,0.10624958867540175,0.35922373196112745,0.23512016817269077
2722,0.41758241758241754,0.32608695652173914,0.11235955056179776,0.06666666666666667,0.2637362637362637,0.1739130434782609,0.029736241683177365,0.015055852953568415,0.3071861677260897,0.22480359147025814
2723,0.4403669724770642,0.43373493975903615,0.22429906542056074,0.19753086419753085,0.2935779816513761,0.3132530120481928,0.018444313187410178,0.023225982432047508,0.2583079910599787,0.237758945386064
2724,0.4444444444444445,0.4999999999999999,0.2680412371134021,0.3333333333333333,0.30303030303030304,0.411764705882353,0.14329076720778128,0.1802919204474131,0.41683178125619175,0.4120092755303538
2725,0.41791044776119407,0.37254901960784315,0.18181818181818182,0.16,0.2537313432835821,0.23529411764705882,0.09744318039663391,0.07479782592546991,0.319098697969372,0.22633744855967078
2726,0.35555555555555557,0.3636363636363636,0.06818181818181818,0.1333333333333333,0.19999999999999998,0.25974025974025977,0.01606003969769137,0.03170939001225277,0.182906495931706,0.22464027110387458
2727,0.32967032967032966,0.2571428571428572,0.11235955056179775,0.08823529411764706,0.17582417582417584,0.14285714285714285,0.014143550190952823,0.012159985973637445,0.22837706511175898,0.13300781250000002
2728,0.30952380952380953,0.3888888888888889,0.17073170731707318,0.17142857142857143,0.26190476190476186,0.3055555555555555,0.10422323780099492,0.1243018504102695,0.2440741077104713,0.27378984651711924
2729,0.5208333333333334,0.39999999999999997,0.1702127659574468,0.14705882352941174,0.3125,0.2571428571428572,0.038851572806075096,0.05282386058586778,0.3470697115241548,0.3037309598395571
2730,0.5225225225225225,0.5647058823529412,0.29357798165137616,0.26506024096385544,0.3603603603603604,0.3764705882352941,0.17055211658371033,0.1771748072741444,0.46070303030303034,0.4059875549366868
2731,0.4395604395604396,0.47887323943661975,0.2471910112359551,0.28985507246376807,0.2857142857142857,0.28169014084507044,0.17091134990857398,0.25964914120471433,0.4313415116739216,0.4011504692703604
2732,0.41999999999999993,0.4222222222222222,0.10204081632653061,0.11363636363636363,0.28,0.3111111111111111,0.029538562672190946,0.028613944488810338,0.26552923712992565,0.23932402347702894
2733,0.45283018867924524,0.3373493975903614,0.28846153846153844,0.14814814814814814,0.3773584905660377,0.3132530120481928,0.1481201268424746,0.10016820495011315,0.5033258137965931,0.1999585968081903
2734,0.36641221374045807,0.4,0.0930232558139535,0.12903225806451613,0.24427480916030533,0.2736842105263158,0.022289279963575277,0.029384251076134935,0.2576255311293956,0.2552990703620167
2735,0.4301075268817204,0.5393258426966292,0.24175824175824176,0.3448275862068965,0.4086021505376344,0.4044943820224719,0.146802242277203,0.1510851663265232,0.2960450836599267,0.443048128342246
2736,0.4275862068965518,0.36507936507936506,0.15384615384615385,0.11290322580645161,0.2758620689655173,0.20634920634920634,0.02321595385998207,0.01062364706188139,0.2530612244897959,0.15916033823965983
2737,0.35714285714285715,0.41025641025641024,0.14545454545454545,0.23684210526315788,0.17857142857142858,0.358974358974359,0.0643279366224467,0.0945415757461126,0.22072478551998329,0.3250634195839675
2738,0.5811965811965812,0.8045977011494253,0.39999999999999997,0.611764705882353,0.47863247863247865,0.6896551724137931,0.24581337429706115,0.45467813548652025,0.6237677309819815,0.760302556077204
2739,0.5567010309278351,0.5428571428571428,0.37894736842105264,0.29411764705882354,0.4948453608247423,0.42857142857142855,0.20281018899052447,0.20381150779478094,0.4833793668946767,0.4080884888613008
2740,0.37795275590551186,0.40425531914893614,0.208,0.17391304347826086,0.33070866141732286,0.3191489361702127,0.13227743518209104,0.05181787287168384,0.37059686888454013,0.2676080892608089
2741,0.5,0.29032258064516125,0.25641025641025644,0.09999999999999999,0.425,0.16129032258064516,0.14174433624289717,0.020051830423242413,0.5120627456032985,0.1936349693251534
2742,0.45238095238095233,0.6133333333333334,0.26829268292682923,0.3835616438356164,0.380952380952381,0.5333333333333332,0.16569782986234916,0.18395123360663257,0.33585144879685147,0.4087988136431043
2743,0.3673469387755102,0.47500000000000003,0.16666666666666666,0.358974358974359,0.24489795918367344,0.47500000000000003,0.03611234314459881,0.22388109284830018,0.30795150109094926,0.41508388730610957
2744,0.5897435897435898,0.6461538461538462,0.4210526315789473,0.4444444444444445,0.5384615384615384,0.5538461538461538,0.2584847654594092,0.35759522807694577,0.4992287612719506,0.5539652567975831
2745,0.43165467625899284,0.5230769230769231,0.10218978102189782,0.25,0.21582733812949642,0.2769230769230769,0.014887338223535185,0.1436521424581952,0.24345051698670608,0.34186020105489273
2746,0.5454545454545454,0.5802469135802469,0.2368421052631579,0.32499999999999996,0.25974025974025977,0.2962962962962963,0.10120165458271116,0.2039439545463143,0.2939883396572933,0.42380457989121645
2747,0.48543689320388345,0.5797101449275363,0.297029702970297,0.2686567164179105,0.44660194174757284,0.4927536231884059,0.1792900088295341,0.1484131243041233,0.43887930251566615,0.36381336018798255
2748,0.3287671232876712,0.3442622950819672,0.1111111111111111,0.16666666666666666,0.2328767123287671,0.22950819672131145,0.059111326695239705,0.04261047054561706,0.22476699447176154,0.17990658864109899
2749,0.411214953271028,0.43200000000000005,0.17142857142857146,0.2113821138211382,0.205607476635514,0.256,0.09158971449230884,0.0758360142139109,0.2563304425880616,0.24587279957108385
2750,0.2975206611570248,0.4044943820224719,0.10084033613445377,0.16091954022988506,0.18181818181818182,0.29213483146067415,0.007244759888640875,0.013513353086126568,0.31731664972899726,0.2962070831369674
2751,0.3650793650793651,0.36,0.11290322580645162,0.12244897959183675,0.23809523809523808,0.19999999999999998,0.02059225781047568,0.02522203105571553,0.33141243130502,0.30000000000000004
2752,0.4807692307692308,0.625,0.23529411764705882,0.36170212765957455,0.3653846153846154,0.45833333333333326,0.14459064385251752,0.23050529250041182,0.4173369798369798,0.4840232389251997
2753,0.4383561643835616,0.37499999999999994,0.16666666666666666,0.14545454545454545,0.20547945205479454,0.25,0.03797596452257308,0.03144881722167233,0.34200851393188847,0.19101116435562804
2754,0.5934065934065933,0.5194805194805195,0.31460674157303375,0.26666666666666666,0.41758241758241754,0.25974025974025977,0.1257846405248599,0.12486557620383446,0.5048150947621847,0.4898828541001065
2755,0.4943820224719101,0.5227272727272727,0.32183908045977005,0.3255813953488372,0.29213483146067415,0.40909090909090906,0.2160926784447505,0.2444049556298104,0.42224184685649035,0.517019910083494
2756,0.3529411764705882,0.3709677419354839,0.13675213675213677,0.11475409836065574,0.2521008403361345,0.22580645161290322,0.015795795634242233,0.0113094872068119,0.22363053613053613,0.2091816613846614
2757,0.39669421487603307,0.38709677419354843,0.1680672268907563,0.15384615384615385,0.24793388429752067,0.2580645161290323,0.011958326776731592,0.03577888472989948,0.23750475405679514,0.26976495726495725
2758,0.4318181818181818,0.5652173913043479,0.20930232558139533,0.33333333333333326,0.3181818181818182,0.4782608695652174,0.11605473102820699,0.1633682038712857,0.3739753647305352,0.5550975362925741
2759,0.32098765432098764,0.39999999999999997,0.12658227848101264,0.17241379310344826,0.19753086419753088,0.26666666666666666,0.026067261737789418,0.04348417116708918,0.2684077800803975,0.26725806451612905
2760,0.6046511627906976,0.631578947368421,0.35714285714285715,0.4324324324324324,0.41860465116279066,0.3947368421052631,0.174985796530961,0.22524348812603687,0.41218836565096945,0.5110882019642408
2761,0.5178571428571428,0.4835164835164836,0.23636363636363636,0.24719101123595508,0.25,0.2857142857142857,0.13230469534085448,0.11032271219282047,0.4092526690391459,0.33098330241187385
2762,0.421875,0.5306122448979592,0.1746031746031746,0.18749999999999997,0.26562500000000006,0.28571428571428575,0.038188020232855405,0.07561828572040107,0.28339067051550737,0.33778073089700994
2763,0.5607476635514018,0.4869565217391304,0.22857142857142856,0.19469026548672566,0.37383177570093457,0.2434782608695652,0.09205998846202733,0.07739907933856013,0.39830458412098296,0.33088631361866505
2764,0.5666666666666665,0.6143790849673203,0.2808988764044944,0.33112582781456956,0.27777777777777773,0.47058823529411764,0.2155739020276361,0.2002632135667535,0.39217009602194786,0.39343572480538613
2765,0.5252525252525252,0.5494505494505494,0.2268041237113402,0.26966292134831465,0.30303030303030304,0.3516483516483516,0.08567433294566594,0.08073097285821373,0.4275618880384785,0.4021889786359509
2766,0.375,0.36190476190476184,0.12698412698412698,0.11650485436893204,0.23437499999999997,0.19047619047619047,0.027280619922345182,0.027095015940434588,0.22130911188004612,0.19004644868700168
2767,0.4,0.5063291139240507,0.22033898305084745,0.28571428571428575,0.21666666666666665,0.27848101265822783,0.09697282746638271,0.12232335009886094,0.39778975606504935,0.3046642246642247
2768,0.3877551020408163,0.5066666666666667,0.16666666666666666,0.136986301369863,0.24489795918367346,0.24,0.030865080234759243,0.021387032073763544,0.28146597055288464,0.31177086910201895
2769,0.40860215053763443,0.35135135135135137,0.06593406593406594,0.08333333333333333,0.17204301075268819,0.16216216216216217,0.016412989649060968,0.02013027753552929,0.25225689773712373,0.1858557234816681
2770,0.3232323232323232,0.2388059701492537,0.12371134020618557,0.061538461538461535,0.2626262626262626,0.14925373134328357,0.01070155744123372,0.017068857826795368,0.1749271137026239,0.12698412698412698
2771,0.43243243243243246,0.4742268041237113,0.20547945205479454,0.3157894736842105,0.3243243243243243,0.41237113402061853,0.14710241358593942,0.1488160052565475,0.3840079588280882,0.3162926300088141
2772,0.3921568627450981,0.4507042253521127,0.14,0.20289855072463767,0.1764705882352941,0.22535211267605634,0.09732199711156317,0.12358717687592435,0.3413485221674876,0.30530612244897953
2773,0.4251968503937008,0.46913580246913583,0.16,0.20253164556962022,0.2992125984251968,0.39506172839506176,0.012368130897315638,0.02043793799368238,0.290391906767075,0.3691200845907636
2774,0.3725490196078432,0.28571428571428564,0.12,0.12195121951219512,0.17647058823529413,0.1904761904761905,0.017040573474974095,0.017698604091758465,0.2339811248213677,0.19230081213552289
2775,0.4227642276422764,0.35514018691588783,0.2644628099173554,0.1142857142857143,0.2113821138211382,0.205607476635514,0.17628695321990812,0.013068450754575049,0.2481573410706673,0.17354678864112827
2776,0.5116279069767442,0.48148148148148145,0.23622047244094485,0.26415094339622636,0.38759689922480617,0.38888888888888884,0.08871342561899169,0.17736028714497024,0.4560002769758088,0.4169520153550863
2777,0.4509803921568628,0.5411764705882353,0.13999999999999999,0.26506024096385544,0.25490196078431376,0.3764705882352941,0.035935958636080546,0.1102706718221538,0.25069033530571994,0.29057778427064784
2778,0.44036697247706424,0.48,0.22429906542056077,0.22448979591836735,0.22018348623853212,0.24,0.15664079127722513,0.14033062979943875,0.396640826873385,0.3904731260641649
2779,0.6050420168067228,0.627906976744186,0.3076923076923077,0.42857142857142855,0.4201680672268907,0.4883720930232558,0.2036219384041524,0.25126752201172725,0.5272927843560522,0.44453801169590645
2780,0.40336134453781514,0.4144144144144144,0.15384615384615385,0.07339449541284404,0.23529411764705882,0.2702702702702703,0.01649551339865724,0.012846384690647576,0.19870549597972004,0.22410833492275414
2781,0.5301204819277108,0.44776119402985076,0.19753086419753085,0.12307692307692308,0.3132530120481928,0.23880597014925373,0.04539836226099402,0.01939396682628526,0.4579801849916792,0.2244368821908929
2782,0.380952380952381,0.3835616438356164,0.17073170731707318,0.14084507042253522,0.28571428571428575,0.2191780821917808,0.03828564254373387,0.02058650667140914,0.3073495220873159,0.24594155844155843
2783,0.2641509433962264,0.3738317757009346,0.05769230769230769,0.13333333333333333,0.16981132075471697,0.2803738317757009,0.011241317812091181,0.030618371369053026,0.17606191885038033,0.30864197530864196
2784,0.23076923076923078,0.368421052631579,0.05882352941176471,0.16216216216216214,0.1346153846153846,0.23684210526315788,0.01045749469619056,0.03951778014602238,0.20401382243487506,0.23295964466619
2785,0.4903225806451613,0.30656934306569344,0.18300653594771243,0.044444444444444446,0.3354838709677419,0.18978102189781024,0.05287062855197832,0.009086363425643645,0.2636707095118749,0.15480252416854695
2786,0.5034013605442177,0.6575342465753424,0.26206896551724135,0.4444444444444444,0.40816326530612246,0.5753424657534246,0.1854332502030507,0.3242972626949335,0.43631781981085116,0.6339430894308944
2787,0.5542168674698795,0.4337349397590361,0.345679012345679,0.1728395061728395,0.4819277108433735,0.2891566265060241,0.2097701683444484,0.016801271828100314,0.4524840239125954,0.3593136409298928
2788,0.6666666666666667,0.6930693069306931,0.4716981132075472,0.5454545454545454,0.611111111111111,0.6930693069306931,0.3135639055474755,0.30407446017347556,0.49280475114844796,0.47045778171182256
2789,0.4615384615384615,0.45360824742268036,0.19607843137254902,0.14736842105263157,0.21153846153846154,0.2061855670103093,0.07560369744522255,0.027835782982568672,0.2846232098921203,0.23588570326355432
2790,0.5254237288135594,0.54,0.25862068965517243,0.2653061224489796,0.4915254237288135,0.5,0.14290155575452462,0.12248068131869988,0.36341042422769915,0.3343730911167577
2791,0.5333333333333333,0.732394366197183,0.38636363636363635,0.5797101449275363,0.4666666666666666,0.676056338028169,0.23593835225176724,0.3799435018101294,0.4782705502528315,0.6114130434782609
2792,0.3564356435643564,0.26506024096385544,0.1414141414141414,0.07407407407407408,0.19801980198019803,0.21686746987951808,0.014774310980141163,0.01592782626794901,0.19388933402460287,0.1666517203240367
2793,0.46551724137931033,0.37362637362637363,0.17543859649122806,0.20224719101123598,0.24137931034482762,0.3076923076923077,0.032918150052588406,0.12882410308060763,0.39938391002220786,0.28303799238055294
2794,0.5869565217391304,0.7105263157894737,0.3777777777777777,0.45945945945945943,0.5652173913043478,0.6842105263157895,0.1868514164295723,0.3088916455097794,0.5564744801512286,0.6611933701657458
2795,0.5617977528089888,0.3384615384615385,0.367816091954023,0.06349206349206349,0.47191011235955066,0.15384615384615385,0.24333541879365758,0.009493131373943866,0.5684241565786079,0.1331360946745562
2796,0.6341463414634146,0.6229508196721311,0.425,0.3728813559322034,0.5365853658536586,0.4590163934426229,0.270445146882086,0.3149381331522851,0.7081420118343197,0.5493924217718766
2797,0.4660194174757281,0.44680851063829785,0.21782178217821782,0.15217391304347827,0.3883495145631068,0.276595744680851,0.08202346986549305,0.03673054490480513,0.3423264642082429,0.21884094502623802
2798,0.5190839694656489,0.4074074074074074,0.34108527131782945,0.13207547169811323,0.41221374045801523,0.24074074074074076,0.26990844747694304,0.05796431886097481,0.46000725614741883,0.2146648702771152
2799,0.467741935483871,0.3925233644859813,0.21311475409836067,0.19047619047619047,0.24193548387096772,0.2616822429906542,0.06904143183603495,0.0772211668168403,0.33849423193685485,0.25177664974619285
2800,0.591304347826087,0.40384615384615385,0.37168141592920345,0.1764705882352941,0.41739130434782606,0.34615384615384615,0.2043769310353986,0.06848549721468195,0.5850990396158463,0.39641148325358855
2801,0.48979591836734687,0.55,0.1875,0.33333333333333337,0.3061224489795918,0.47500000000000003,0.04603823972521632,0.17509441204273418,0.3970925507900678,0.41544713322531757
2802,0.577319587628866,0.6190476190476191,0.4421052631578948,0.3902439024390244,0.45360824742268047,0.47619047619047616,0.24489252876651604,0.2006411049401193,0.6103415420697743,0.445667822078877
2803,0.5454545454545455,0.45925925925925926,0.2236842105263158,0.16541353383458646,0.3506493506493507,0.2962962962962963,0.09859461720901082,0.020897889578783233,0.36405858642825156,0.2660922932008408
2804,0.3296703296703296,0.4225352112676056,0.15730337078651685,0.14492753623188406,0.30769230769230765,0.3098591549295775,0.03859902202363288,0.021943235305375956,0.284287304470092,0.26689875253843925
2805,0.32941176470588235,0.3055555555555555,0.14457831325301204,0.05714285714285715,0.28235294117647064,0.19444444444444445,0.028747856009761333,0.03084484962306543,0.25891800507185125,0.20318841997163675
2806,0.41666666666666674,0.5617977528089888,0.18644067796610173,0.3218390804597701,0.2833333333333333,0.24719101123595505,0.08584237196597336,0.19060799609991289,0.31509283257535003,0.39952531645569617
2807,0.4821428571428571,0.5098039215686275,0.21818181818181817,0.28,0.2857142857142857,0.4117647058823529,0.14931229540983942,0.12020994442308705,0.31405472636815923,0.3231173044500077
2808,0.4047619047619047,0.4507042253521127,0.12195121951219513,0.14492753623188406,0.28571428571428575,0.3661971830985915,0.06884902567331111,0.021629503529866853,0.2472122869766463,0.3357712765957447
2809,0.4470588235294118,0.5671641791044776,0.24096385542168675,0.2769230769230769,0.3529411764705882,0.41791044776119407,0.12124305640530822,0.15149257564817148,0.4155485341643582,0.3661308913934426
2810,0.4684684684684685,0.4691358024691357,0.20183486238532108,0.15189873417721517,0.34234234234234234,0.32098765432098764,0.040655607858153364,0.02228787207387214,0.290625,0.23057851239669422
2811,0.39215686274509803,0.3157894736842105,0.22,0.13513513513513514,0.29411764705882354,0.23684210526315788,0.07196884728311048,0.018733334089637402,0.3182990647268409,0.1470908355878969
2812,0.44927536231884063,0.4745762711864407,0.11764705882352942,0.1206896551724138,0.26086956521739135,0.3050847457627119,0.027583948107132213,0.034676569613237805,0.328328054465291,0.3507353100548367
2813,0.39583333333333337,0.4666666666666667,0.2127659574468085,0.2954545454545454,0.2708333333333333,0.3333333333333333,0.12682240360355185,0.1284540270334685,0.4313415116739216,0.5129192027688267
2814,0.5378151260504201,0.7128712871287128,0.23931623931623933,0.5656565656565656,0.31932773109243695,0.37623762376237624,0.13034891747567778,0.34894444776095007,0.4242953135249274,0.5036406303623935
2815,0.6554621848739496,0.5576923076923077,0.5299145299145299,0.47058823529411764,0.638655462184874,0.5192307692307693,0.37183438016405085,0.2628246018892469,0.4966305771134744,0.40024852071005906
2816,0.6875,0.6470588235294118,0.5396825396825397,0.5074626865671641,0.515625,0.5,0.37580492015673356,0.3220900340022123,0.5640445199019053,0.5372748724549278
2817,0.5476190476190477,0.888888888888889,0.48780487804878053,0.8857142857142858,0.5476190476190477,0.888888888888889,0.3725157156575146,0.7583211561261276,0.5488728311193803,0.8237759091036928
2818,0.32323232323232326,0.2696629213483146,0.12371134020618556,0.09195402298850573,0.18181818181818182,0.17977528089887643,0.023666341443809313,0.026177226848355394,0.21254197881684317,0.2301631482036569
2819,0.4065040650406504,0.3448275862068966,0.2975206611570248,0.16470588235294117,0.37398373983739835,0.22988505747126436,0.2009672508422032,0.09448568316553746,0.42629438692665655,0.21422511312217193
2820,0.5765765765765767,0.5925925925925926,0.36697247706422015,0.27848101265822783,0.3243243243243243,0.3209876543209877,0.16264901612926946,0.1751824895654465,0.5707214323328068,0.42028023492402494
2821,0.32876712328767127,0.08888888888888889,0.2816901408450704,0.0,0.32876712328767127,0.08888888888888889,0.13968037723985516,0.006032401726201458,0.648460960960961,0.09554140127388534
2822,0.5034013605442177,0.5111111111111111,0.27586206896551724,0.25,0.2993197278911564,0.31111111111111106,0.15474343164034457,0.09799388855477997,0.4178837834313838,0.2959854338751221
2823,0.4274809160305344,0.37383177570093457,0.17054263565891473,0.1714285714285714,0.24427480916030533,0.22429906542056074,0.06714195924554159,0.0158832587302252,0.21370782846841416,0.19281137589928057
2824,0.5405405405405406,0.4821428571428571,0.29357798165137616,0.2363636363636364,0.45045045045045046,0.3214285714285714,0.14337211312030826,0.1164103744903396,0.45438756855575874,0.37002620975263967
2825,0.4107142857142857,0.2978723404255319,0.27272727272727276,0.10869565217391304,0.25,0.23404255319148934,0.15673472083789886,0.007110971732276546,0.2937947665838822,0.11221844109544644
2826,0.7920792079207921,0.7045454545454545,0.5050505050505051,0.46511627906976744,0.5544554455445543,0.4772727272727273,0.3008851628200072,0.29205254029678474,0.5385270327799063,0.48497416866768533
2827,0.6516853932584269,0.72,0.4367816091954023,0.4931506849315069,0.38202247191011235,0.6933333333333332,0.2473872985471653,0.3070367955852388,0.72119314803805,0.6716034711677413
2828,0.5170068027210885,0.5909090909090909,0.20689655172413793,0.3538461538461538,0.35374149659863946,0.43939393939393934,0.13462218516033025,0.19490527524123663,0.3479499670836076,0.4175617615467239
2829,0.5042016806722689,0.3826086956521739,0.20512820512820512,0.08849557522123894,0.3025210084033613,0.1739130434782609,0.0738294780951756,0.01678458302917459,0.3557280120345655,0.21883844673383893
2830,0.5714285714285714,0.6133333333333333,0.38202247191011235,0.4109589041095891,0.32967032967032966,0.3466666666666667,0.2574233285315945,0.25479606961262136,0.5293869346733668,0.5020615334236339
2831,0.735042735042735,0.6181818181818182,0.46956521739130436,0.4629629629629629,0.547008547008547,0.5272727272727272,0.2600438301520766,0.2846390119244313,0.5126967784980127,0.4041259930958162
2832,0.43636363636363634,0.6588235294117646,0.20370370370370366,0.3855421686746988,0.3090909090909091,0.4470588235294118,0.04337983821381411,0.23757752453828526,0.3421220668607428,0.4934773691907122
2833,0.5132743362831858,0.3846153846153847,0.2162162162162162,0.13157894736842105,0.23008849557522124,0.23076923076923075,0.03080476606477164,0.039269399949664226,0.4110093457943926,0.2804020100502513
2834,0.43396226415094336,0.37999999999999995,0.11538461538461538,0.10204081632653061,0.30188679245283023,0.23999999999999996,0.06584596129666444,0.038844107490759845,0.32570808706818855,0.30000815038195644
2835,0.4615384615384615,0.42477876106194684,0.15625,0.12612612612612614,0.24615384615384617,0.26548672566371684,0.055249495473166876,0.05978465439629916,0.301956366225122,0.23053479884169684
2836,0.5090909090909091,0.5504587155963303,0.3148148148148148,0.3364485981308411,0.43636363636363634,0.4403669724770642,0.20020780724988899,0.21250025969096287,0.5171944245005075,0.5423280423280423
2837,0.5800000000000001,0.5476190476190477,0.3877551020408163,0.31707317073170727,0.38,0.35714285714285715,0.14549998268384268,0.11929565444908814,0.4842105263157896,0.3737801676533956
2838,0.45544554455445546,0.5,0.20202020202020204,0.2702702702702703,0.3564356435643564,0.39473684210526316,0.035405163495399156,0.1005393659262718,0.38218197635335516,0.3529063129178179
2839,0.35714285714285715,0.525,0.2439024390243902,0.28205128205128205,0.30952380952380953,0.425,0.17344405979972144,0.10770240491635168,0.2826194909993793,0.46619802049452663
2840,0.4915254237288135,0.611764705882353,0.22413793103448276,0.36144578313253006,0.28813559322033894,0.35294117647058826,0.14249629508445286,0.09210310988139679,0.354820498881385,0.27813084112149533
2841,0.33707865168539325,0.40476190476190477,0.2758620689655172,0.1951219512195122,0.33707865168539325,0.2142857142857143,0.16466745578730088,0.03343072833134928,0.2942825112107623,0.3038637329931973
2842,0.5675675675675677,0.5066666666666666,0.3055555555555555,0.3013698630136986,0.3243243243243243,0.37333333333333335,0.0569360534635113,0.055412496860763404,0.3375668449197861,0.30449413808076414
2843,0.3917525773195876,0.4444444444444445,0.16842105263157894,0.1518987341772152,0.24742268041237114,0.3209876543209877,0.03152858851878919,0.02191147601821163,0.3120321971091316,0.28130170987313846
2844,0.5370370370370371,0.379746835443038,0.24528301886792453,0.15584415584415587,0.33333333333333337,0.30379746835443044,0.17054236089906044,0.02777157156270896,0.4523089073065114,0.22011834319526627
2845,0.4096385542168674,0.5074626865671642,0.24691358024691357,0.3076923076923077,0.2891566265060241,0.5074626865671642,0.0532894214103763,0.042346793971955565,0.32460711557350214,0.34101983490025223
2846,0.5333333333333332,0.45333333333333337,0.34951456310679613,0.3561643835616438,0.4571428571428572,0.45333333333333337,0.18788835516879857,0.2671420618418069,0.5904990797219392,0.31000000000000005
2847,0.3351351351351351,0.30985915492957744,0.07650273224043716,0.1,0.15135135135135133,0.19718309859154928,0.008885748537185394,0.030014831529405837,0.16891207141173017,0.14525714285714283
2848,0.40944881889763785,0.5822784810126582,0.16,0.23376623376623376,0.28346456692913385,0.3291139240506329,0.047881206316180466,0.0984148644912228,0.4418537708693149,0.5089601769911505
2849,0.38655462184873957,0.4186046511627907,0.13675213675213677,0.11904761904761905,0.23529411764705882,0.3023255813953488,0.04352470084375888,0.028139743529937915,0.2953680065769547,0.2435232829836949
2850,0.5063291139240507,0.5714285714285715,0.23376623376623376,0.3529411764705882,0.3291139240506329,0.4857142857142857,0.13856514146716278,0.23594735104824513,0.3616153955538702,0.4526456980677267
2851,0.5365853658536585,0.537037037037037,0.2975206611570248,0.32075471698113206,0.3577235772357723,0.38888888888888884,0.19052518417046202,0.11326820638916997,0.4230064300158289,0.3537980456026058
2852,0.7027027027027027,0.575,0.5555555555555555,0.358974358974359,0.5945945945945945,0.5,0.30604565736072026,0.12037199422798836,0.5892131700144978,0.39469496021220163
2853,0.5656565656565657,0.5925925925925927,0.41237113402061853,0.32911392405063294,0.4242424242424242,0.4691358024691358,0.23589018682060586,0.21150613875043933,0.5098598008385744,0.4942512477520258
2854,0.5869565217391305,0.5411764705882353,0.2888888888888889,0.3373493975903614,0.5652173913043478,0.5411764705882353,0.17202241702652968,0.2258043389079604,0.4920292244595124,0.42055837563451776
2855,0.3434343434343434,0.35294117647058826,0.14432989690721648,0.09090909090909091,0.2222222222222222,0.20588235294117646,0.05772060217657046,0.019454290935168924,0.385960898700754,0.24059046101762416
2856,0.3609022556390978,0.3089430894308943,0.0916030534351145,0.01652892561983471,0.19548872180451124,0.14634146341463414,0.012363956000215491,0.009511954052721186,0.23307617636540134,0.18348623853211013
2857,0.5565217391304348,0.7012987012987012,0.3185840707964602,0.5599999999999999,0.2608695652173913,0.6493506493506493,0.18456549451692036,0.34205316551039505,0.5616237590907835,0.5448794699872286
2858,0.4247787610619469,0.4835164835164836,0.14414414414414412,0.2696629213483146,0.2831858407079646,0.46153846153846156,0.09530296889799902,0.1054834051515292,0.2940613026819923,0.3743012603521682
2859,0.40449438202247195,0.2222222222222222,0.2298850574712644,0.19999999999999998,0.24719101123595502,0.2222222222222222,0.129400739077512,0.12640653505501356,0.4342160982442425,0.2145747245179063
2860,0.4938271604938272,0.4838709677419355,0.2531645569620253,0.19999999999999998,0.32098765432098764,0.3548387096774193,0.17333246754138962,0.04577641104753442,0.5144817073170732,0.3431906743279836
2861,0.4755244755244755,0.36363636363636365,0.2553191489361702,0.2,0.3496503496503497,0.303030303030303,0.10829217195427888,0.10494732727685904,0.36650171364621953,0.3036670717436313
2862,0.5565217391304348,0.5742574257425743,0.3185840707964602,0.38383838383838387,0.382608695652174,0.3564356435643564,0.24605817312248715,0.2627033167910748,0.4438655441033966,0.41917293233082703
2863,0.33027522935779813,0.391304347826087,0.11214953271028037,0.13333333333333333,0.2018348623853211,0.28260869565217395,0.026065071671671554,0.017037490064776846,0.2444464378914405,0.16040157004830918
2864,0.4946236559139785,0.3218390804597701,0.24175824175824176,0.18823529411764706,0.38709677419354843,0.22988505747126434,0.1020792720729214,0.10689195972009224,0.336734693877551,0.2104085681891804
2865,0.36363636363636365,0.40625,0.16494845360824742,0.22580645161290322,0.303030303030303,0.375,0.029588812487666358,0.0369126344663671,0.31097957247993263,0.2622922437673131
2866,0.47706422018348627,0.5434782608695652,0.26168224299065423,0.3111111111111111,0.36697247706422015,0.3695652173913043,0.15463313032122358,0.19987865392280008,0.3121375776773815,0.4036203522504892
2867,0.575,0.28571428571428575,0.28205128205128205,0.11764705882352942,0.39999999999999997,0.28571428571428575,0.2040041220616325,0.021710813011408436,0.44814935064935063,0.2525
2868,0.4528301886792453,0.2857142857142857,0.17307692307692307,0.04878048780487805,0.22641509433962265,0.16666666666666669,0.033310015583406495,0.01575053098581294,0.39558610581337855,0.20273221873634883
2869,0.5098039215686275,0.4842105263157895,0.35999999999999993,0.3655913978494624,0.37254901960784315,0.46315789473684216,0.22862328399373127,0.29482684280902993,0.41695201535508636,0.3728761096187223
2870,0.2790697674418605,0.23684210526315788,0.02380952380952381,0.05405405405405406,0.1627906976744186,0.15789473684210525,0.014916278028806214,0.016322189819909107,0.1466992665036675,0.1576923076923077
2871,0.6060606060606061,0.6666666666666667,0.4742268041237113,0.4931506849315069,0.5858585858585859,0.64,0.24211652685160245,0.23804015711714338,0.5850084990949341,0.4805745012686515
2872,0.46875,0.38000000000000006,0.2222222222222222,0.12244897959183672,0.34375,0.2,0.12555680825719687,0.019340629546247493,0.3508503246256008,0.20840225563909773
2873,0.5473684210526317,0.3529411764705882,0.15053763440860218,0.12048192771084337,0.23157894736842105,0.14117647058823526,0.03835084342410568,0.031350927860034974,0.3534457306646655,0.1890068412361406
2874,0.5982905982905984,0.6415094339622641,0.43478260869565216,0.44230769230769235,0.39316239316239315,0.3962264150943396,0.2591035208357344,0.3082048380174885,0.567727837680785,0.6297633023755002
2875,0.49586776859504134,0.45901639344262296,0.23529411764705885,0.18333333333333335,0.23140495867768596,0.3114754098360656,0.04253049257115781,0.04504423444554506,0.450998445784118,0.43949716139497164
2876,0.5614035087719299,0.4680851063829787,0.28571428571428575,0.21739130434782608,0.456140350877193,0.36170212765957444,0.18401267358285375,0.09211614755246501,0.4390213621668951,0.2778878541707946
2877,0.43010752688172044,0.5599999999999999,0.26373626373626374,0.32876712328767127,0.3655913978494624,0.5066666666666666,0.1872507591997037,0.2419828881801845,0.3537425641945416,0.4193598030163127
2878,0.39639639639639646,0.19999999999999998,0.14678899082568805,0.05128205128205128,0.19819819819819823,0.175,0.03505985428054997,0.011965428905995331,0.18849206349206352,0.07383966244725738
2879,0.490566037735849,0.49350649350649345,0.2692307692307693,0.18666666666666668,0.37735849056603776,0.2597402597402597,0.16504605405950404,0.025380509179908053,0.4303404028987434,0.33089981006647673
2880,0.4631578947368421,0.7160493827160493,0.19354838709677422,0.4810126582278481,0.2526315789473684,0.5185185185185185,0.02241174739781545,0.2802311367253191,0.3357712765957446,0.5026348840521538
2881,0.4941176470588235,0.4000000000000001,0.21686746987951808,0.14705882352941177,0.3294117647058824,0.22857142857142856,0.07611137668875849,0.018112253382277104,0.37161044973544977,0.2049586776859504
2882,0.380952380952381,0.4727272727272727,0.14516129032258066,0.1851851851851852,0.1904761904761905,0.27272727272727276,0.01660940181564148,0.01704627844489942,0.30299999999999994,0.26231866357258204
2883,0.5528455284552846,0.5523809523809524,0.2809917355371901,0.33009708737864074,0.37398373983739835,0.3619047619047619,0.2118579623163341,0.19372913504959105,0.4501782884310618,0.4165203779389486
2884,0.49557522123893805,0.4600000000000001,0.2522522522522523,0.16326530612244897,0.26548672566371684,0.21999999999999997,0.03937499016599344,0.07871781209018369,0.342636246744255,0.3151325275690355
2885,0.4761904761904762,0.46153846153846156,0.1935483870967742,0.2105263157894737,0.3333333333333333,0.3589743589743589,0.10580331550093845,0.1020866620296178,0.4184422348484849,0.34525256131904325
2886,0.359375,0.4175824175824176,0.11111111111111112,0.15730337078651685,0.203125,0.28571428571428575,0.03461170268791903,0.022536365082048586,0.22471122825639714,0.15785575713087246
2887,0.4848484848484848,0.43010752688172044,0.29230769230769227,0.17582417582417584,0.27272727272727276,0.3225806451612903,0.20806901727073607,0.020608791160446168,0.41067631066230303,0.23043389182298302
2888,0.31578947368421045,0.2891566265060241,0.08928571428571429,0.09876543209876543,0.2280701754385965,0.26506024096385544,0.055148733311299936,0.054390165512041184,0.2865108511827683,0.16702977487291212
2889,0.28865979381443296,0.36585365853658536,0.08421052631578947,0.25,0.14432989690721648,0.3414634146341463,0.04185791200819701,0.16249656001955806,0.22730760704602423,0.43734939759036146
2890,0.4615384615384615,0.4752475247524753,0.2434782608695652,0.2626262626262626,0.3931623931623932,0.23762376237623764,0.028760878211490024,0.05238624490866986,0.2886508875739645,0.27104377104377103
2891,0.48148148148148145,0.3409090909090909,0.22641509433962265,0.11627906976744184,0.25925925925925924,0.1818181818181818,0.09211011509928776,0.012124907699518251,0.33866509674007406,0.1850714107632582
2892,0.6181818181818182,0.574074074074074,0.2962962962962963,0.30188679245283023,0.43636363636363634,0.425925925925926,0.14808083648591452,0.08247584141556309,0.3936393709220709,0.3669408940046607
2893,0.45454545454545453,0.5,0.1851851851851852,0.19999999999999998,0.3090909090909091,0.3478260869565218,0.08315803469710993,0.07771192352074738,0.26019738980471335,0.25878260869565217
2894,0.32075471698113206,0.2857142857142857,0.05769230769230769,0.0449438202247191,0.18867924528301885,0.1758241758241758,0.013020866159286418,0.009337785428351543,0.18734884516518346,0.1408450704225352
2895,0.6265060240963856,0.5194805194805194,0.3950617283950617,0.23999999999999996,0.3855421686746988,0.2597402597402597,0.15423092405621744,0.04617373191690466,0.362043795620438,0.2627314814814815
2896,0.5242718446601942,0.6136363636363635,0.21782178217821782,0.3488372093023256,0.34951456310679613,0.2727272727272727,0.13828552029455374,0.21696105268771157,0.39301057214650464,0.4230843373493976
2897,0.5180722891566265,0.5737704918032787,0.28048780487804875,0.2833333333333334,0.21686746987951808,0.26229508196721313,0.16911447111585473,0.13109180310032617,0.4132271653639175,0.32949769101014853
2898,0.5617977528089887,0.4473684210526316,0.27586206896551724,0.24324324324324323,0.38202247191011235,0.2894736842105263,0.13076860752153713,0.14216723687111327,0.48086830524847063,0.32284778075662796
2899,0.3846153846153846,0.2745098039215686,0.1764705882352941,0.08,0.24999999999999994,0.23529411764705882,0.09623329638024435,0.01558985851371559,0.2782227516929892,0.21078703703703705
2900,0.6168224299065421,0.6422018348623854,0.39999999999999997,0.4859813084112149,0.5046728971962617,0.6238532110091742,0.25922332385504643,0.34538535989042574,0.4722434782608696,0.6007335549818029
2901,0.416,0.4050632911392405,0.14634146341463414,0.1558441558441558,0.224,0.3291139240506329,0.02780334808319077,0.10026870368817034,0.328807476635514,0.22775510204081634
2902,0.4201680672268907,0.568421052631579,0.2051282051282051,0.2150537634408602,0.2689075630252101,0.25263157894736843,0.10051147382872337,0.04457423800446825,0.33580529319165686,0.39934330737871515
2903,0.24719101123595508,0.35897435897435903,0.04597701149425288,0.052631578947368425,0.11235955056179774,0.23076923076923075,0.006115004303675009,0.007774117471816812,0.07246376811594205,0.13580246913580246
2904,0.37499999999999994,0.4301075268817205,0.12698412698412698,0.06593406593406594,0.20312500000000003,0.23655913978494625,0.06419411241632454,0.012752796410082671,0.2426773355138277,0.1758542640186916
2905,0.17721518987341772,0.15151515151515152,0.0,0.0,0.10126582278481013,0.09090909090909091,0.0062589852960783475,0.00769924180872191,0.09510869565217392,0.08426966292134831
2906,0.6808510638297872,0.5909090909090909,0.3913043478260869,0.3488372093023256,0.44680851063829785,0.3409090909090909,0.20415854414584272,0.1317879536344245,0.45098039215686275,0.3666025693478439
2907,0.5384615384615385,0.6019417475728156,0.23529411764705882,0.2376237623762376,0.34615384615384615,0.36893203883495146,0.1337923521974543,0.11754676291317623,0.4616068411022786,0.49117750010607153
2908,0.35789473684210527,0.4050632911392405,0.12903225806451613,0.15584415584415587,0.23157894736842108,0.27848101265822783,0.0315579672596634,0.027374567981586738,0.26136558292507456,0.2164202415660142
2909,0.4074074074074074,0.41666666666666663,0.169811320754717,0.14893617021276598,0.2777777777777778,0.33333333333333337,0.10624731142750884,0.0354159784730227,0.2617442366246194,0.32828177069934134
2910,0.26666666666666666,0.32183908045977005,0.0909090909090909,0.11764705882352941,0.17777777777777778,0.25287356321839083,0.02624308202742789,0.09802862511942351,0.21534792368125702,0.2752080016820353
2911,0.28099173553719003,0.3333333333333333,0.10084033613445378,0.15789473684210528,0.19834710743801653,0.20512820512820512,0.04714170342105405,0.04597332077682467,0.31210467929962954,0.23599297337278108
2912,0.31111111111111106,0.32876712328767127,0.09090909090909093,0.08450704225352113,0.1777777777777778,0.24657534246575344,0.029909967069885617,0.035062585587231826,0.22542612381877597,0.19274611398963729
2913,0.6341463414634145,0.676470588235294,0.3333333333333333,0.3731343283582089,0.41463414634146334,0.39705882352941174,0.2313860694745996,0.22939559310746005,0.5035546476907056,0.4780043908997017
2914,0.39639639639639646,0.5,0.1651376146788991,0.2222222222222222,0.2702702702702703,0.36956521739130427,0.0667635179139074,0.13148214357166735,0.290625,0.37158568225128763
2915,0.38655462184873945,0.5681818181818181,0.18803418803418803,0.3023255813953488,0.2352941176470588,0.4090909090909091,0.016420912393877624,0.17907496998901068,0.3305805796863219,0.41930742392156717
2916,0.46913580246913583,0.4931506849315068,0.3037974683544304,0.3380281690140845,0.4444444444444444,0.4383561643835617,0.2075698998720495,0.24478016167053435,0.32500252402412055,0.3032608695652175
2917,0.3,0.46511627906976744,0.061224489795918366,0.16666666666666666,0.22000000000000003,0.2558139534883721,0.013863341114467655,0.014954120237100217,0.17674543501611167,0.17184257003261527
2918,0.5048543689320388,0.5102040816326532,0.25742574257425743,0.24999999999999994,0.27184466019417475,0.36734693877551017,0.11983713904037706,0.11884101417355644,0.3911283521673132,0.3260588842975206
2919,0.4782608695652174,0.4,0.11111111111111112,0.11363636363636363,0.30434782608695654,0.2444444444444445,0.016767836295594342,0.015337392625044346,0.2503407780224389,0.3188131313131313
2920,0.4074074074074074,0.42,0.18867924528301885,0.12244897959183672,0.24074074074074076,0.26,0.08545615656690646,0.018073847728140698,0.20618556701030927,0.2091454601200123
2921,0.4070796460176991,0.4271844660194175,0.1081081081081081,0.13861386138613863,0.2300884955752212,0.2912621359223301,0.016241183607309414,0.032113620333422355,0.2118952968991031,0.2597067707949606
2922,0.2823529411764706,0.44067796610169496,0.14457831325301204,0.1754385964912281,0.2117647058823529,0.3728813559322034,0.061323542024314226,0.024139010232872175,0.40917717985932783,0.4932183992013051
2923,0.4074074074074074,0.35955056179775274,0.169811320754717,0.18390804597701146,0.33333333333333337,0.2696629213483146,0.0753746873324306,0.0940418836642107,0.27865168539325846,0.2912621359223301
2924,0.5166666666666667,0.5961538461538461,0.2711864406779661,0.3725490196078432,0.41666666666666663,0.5,0.18596107956061086,0.2478700361889264,0.35858895525253337,0.44164324526887755
2925,0.5523809523809524,0.5567010309278351,0.3883495145631068,0.3578947368421052,0.4952380952380952,0.4536082474226804,0.2740555562555216,0.28729732179114353,0.5088726513569939,0.39139302139048215
2926,0.38202247191011235,0.26785714285714285,0.06896551724137931,0.05454545454545454,0.1797752808988764,0.14285714285714288,0.01594510639947131,0.017410044216698596,0.2968085106382979,0.214805485586342
2927,0.4655172413793104,0.495049504950495,0.2105263157894737,0.32323232323232326,0.3448275862068965,0.4158415841584158,0.12035855986208023,0.21872954179063162,0.3125,0.3895383995162266
2928,0.43243243243243246,0.5054945054945056,0.18348623853211007,0.20224719101123595,0.30630630630630634,0.2637362637362637,0.10037546780566953,0.019058998308150856,0.32028777775469647,0.26297438330170775
2929,0.3764705882352941,0.1509433962264151,0.12048192771084336,0.0,0.16470588235294117,0.09433962264150943,0.014757569524382829,0.003787047284389884,0.27475994513031554,0.10144927536231883
2930,0.40404040404040403,0.5373134328358209,0.26804123711340205,0.36923076923076925,0.2626262626262626,0.3283582089552239,0.15086293359635194,0.2591749627722263,0.3375370566311114,0.38027108433734946
2931,0.2954545454545454,0.5066666666666667,0.11627906976744187,0.2191780821917808,0.20454545454545459,0.2666666666666667,0.012740800388556581,0.03989099943658874,0.2275670457488639,0.3941291360294118
2932,0.3023255813953489,0.3333333333333333,0.07058823529411765,0.20754716981132076,0.16279069767441862,0.25925925925925924,0.0201879611803106,0.058305641124836556,0.1846936999651932,0.17796347879913338
2933,0.6476190476190476,0.5294117647058822,0.5048543689320389,0.393939393939394,0.5714285714285714,0.4411764705882353,0.3096592213911025,0.2697801577165678,0.7915244029503835,0.40156371130901736
2934,0.45217391304347826,0.7010309278350516,0.15929203539823011,0.5263157894736842,0.3304347826086957,0.577319587628866,0.07411953350931001,0.38193182181668145,0.3269739776951673,0.5719716451174344
2935,0.627906976744186,0.3333333333333333,0.35714285714285715,0.05263157894736842,0.4883720930232558,0.17948717948717952,0.20105373454060027,0.017638185291985093,0.6391340921545426,0.2497874149659864
2936,0.44,0.3846153846153847,0.16326530612244897,0.15789473684210525,0.19999999999999998,0.20512820512820515,0.036072969279249405,0.03536814061573725,0.3414996288047513,0.23717452951791693
2937,0.5048543689320388,0.4470588235294118,0.27722772277227725,0.14457831325301204,0.3495145631067961,0.21176470588235294,0.2023907109515485,0.033695643353416654,0.5282363636363636,0.1989433214043911
2938,0.6406250000000001,0.5,0.33333333333333337,0.33333333333333337,0.32812500000000006,0.45652173913043476,0.20587721195044537,0.1491526012933964,0.466168066272272,0.34432387312186974
2939,0.31724137931034485,0.42696629213483145,0.12587412587412586,0.16091954022988506,0.23448275862068968,0.35955056179775274,0.09358928849421637,0.02681712588832812,0.17210144927536233,0.18929986167002008
2940,0.5454545454545454,0.4782608695652174,0.2777777777777778,0.2,0.3818181818181818,0.30434782608695654,0.12742727618546215,0.018169465264463627,0.421392,0.3043659979423869
2941,0.43396226415094336,0.5714285714285714,0.25,0.3146067415730337,0.20754716981132074,0.21978021978021978,0.04268638213252662,0.04847554822176252,0.34659615546042133,0.3856056311413454
2942,0.43678160919540227,0.3835616438356165,0.14117647058823532,0.056338028169014086,0.27586206896551724,0.24657534246575344,0.016550409887537212,0.015364203973233468,0.2570547301912568,0.2228128238558486
2943,0.2553191489361702,0.33333333333333337,0.10869565217391305,0.14285714285714285,0.2127659574468085,0.25,0.058520616494745624,0.017525554153584276,0.2828868743988107,0.2090995629786681
2944,0.38888888888888884,0.40625,0.2,0.12903225806451613,0.25,0.25,0.022654930217548427,0.023537025095900232,0.2988517892364046,0.2525914634146341
2945,0.39999999999999997,0.425531914893617,0.18045112781954886,0.11510791366906475,0.3111111111111111,0.22695035460992907,0.06935676980674116,0.012009054423307977,0.3472836514834899,0.3133194067100524
2946,0.5631067961165048,0.4444444444444445,0.15841584158415842,0.08247422680412371,0.34951456310679613,0.22222222222222224,0.01633193537135495,0.015951967215440108,0.2631328963617365,0.29787075705443056
2947,0.42307692307692313,0.5142857142857143,0.23529411764705882,0.2058823529411765,0.36538461538461536,0.4857142857142857,0.0351872263348142,0.06153118618495253,0.3726165059265258,0.36823567082933073
2948,0.7962962962962963,0.9052631578947369,0.7358490566037734,0.8602150537634408,0.7407407407407408,0.8421052631578948,0.558995898199867,0.6729103812971738,0.7544933078393883,0.7768005371093751
2949,0.48587570621468923,0.46616541353383456,0.2057142857142857,0.183206106870229,0.3276836158192091,0.2706766917293233,0.10833159253677231,0.046668531806193424,0.3581957236032055,0.2587487236610043
2950,0.5070422535211268,0.2622950819672131,0.2318840579710145,0.0,0.2535211267605634,0.16393442622950816,0.08791866703374213,0.00771678504430642,0.411533611407508,0.16877637130801687
2951,0.36363636363636365,0.36363636363636365,0.18487394957983191,0.08247422680412371,0.18181818181818182,0.2222222222222222,0.03775383116919089,0.010248927779607222,0.33458480565371024,0.18290580829683725
2952,0.5043478260869565,0.5961538461538461,0.19469026548672566,0.2745098039215686,0.24347826086956523,0.2692307692307692,0.016150754900801603,0.04513989694668105,0.4502051282051282,0.5032822757111597
2953,0.47706422018348627,0.56,0.29906542056074764,0.3469387755102041,0.3853211009174312,0.48000000000000004,0.13929208445033034,0.17800606287940812,0.4239073196419168,0.5349366088243207
2954,0.5342465753424658,0.5357142857142857,0.3055555555555556,0.36363636363636365,0.39726027397260266,0.46428571428571425,0.15408399001907938,0.31069950161873156,0.5175440884900344,0.5077798861480075
2955,0.44444444444444453,0.5753424657534246,0.20253164556962022,0.22535211267605634,0.3209876543209877,0.3835616438356164,0.042430427725728935,0.05008264074515405,0.31741108354011577,0.3767088607594936
2956,0.4888888888888889,0.5154639175257733,0.24060150375939854,0.23157894736842108,0.2962962962962963,0.288659793814433,0.10241522441190087,0.09110886945272727,0.49791593867705053,0.3795346115761995
2957,0.5818181818181818,0.39999999999999997,0.3518518518518519,0.26506024096385544,0.49090909090909085,0.2823529411764706,0.2153451188546495,0.1383316182391504,0.5312603648424543,0.2736402465397924
2958,0.3636363636363636,0.3129251700680272,0.0736196319018405,0.08275862068965519,0.20606060606060608,0.1904761904761905,0.011174056291187211,0.02169118257726481,0.21684616894094913,0.17262866852572187
2959,0.425,0.38461538461538464,0.17948717948717946,0.10526315789473685,0.25,0.20512820512820512,0.034579932195410876,0.016807563750624768,0.2944591029023747,0.254425377578087
2960,0.5952380952380952,0.6944444444444445,0.2682926829268293,0.4000000000000001,0.28571428571428564,0.6111111111111113,0.1423960515220926,0.21571185982210345,0.483061386926674,0.6027027027027027
2961,0.3728813559322034,0.2857142857142857,0.20689655172413796,0.0449438202247191,0.33898305084745767,0.17582417582417584,0.07662126380706208,0.007491093616511242,0.24221809936095648,0.12237762237762238
2962,0.404040404040404,0.4931506849315069,0.16494845360824742,0.08450704225352113,0.2626262626262626,0.27397260273972607,0.08159493878109725,0.02640770500164026,0.29634011970049834,0.23797227407205201
2963,0.5542168674698795,0.787878787878788,0.37037037037037035,0.5625,0.4819277108433735,0.6363636363636364,0.2082017718239847,0.3894472330063018,0.5420431840886386,0.6767220630372492
2964,0.45871559633027525,0.4482758620689655,0.18691588785046728,0.19298245614035087,0.3302752293577982,0.3448275862068965,0.07933448879318909,0.08461771329107791,0.3190394511149228,0.2793491525423729
2965,0.576,0.48226950354609927,0.16260162601626016,0.17266187050359713,0.208,0.31205673758865243,0.030309320801410918,0.028651348389081926,0.2981502198402581,0.32828680581011727
2966,0.4462809917355372,0.39215686274509803,0.2184873949579832,0.16,0.39669421487603307,0.23529411764705882,0.1541112342649405,0.10049082182406682,0.31291091387245235,0.26567760942760943
2967,0.3505154639175258,0.4155844155844156,0.12631578947368421,0.18666666666666665,0.2268041237113402,0.36363636363636365,0.014124704645849208,0.04155553844084191,0.20672061928219565,0.2728158679202018
2968,0.3883495145631068,0.6027397260273972,0.198019801980198,0.3380281690140845,0.23300970873786409,0.5205479452054795,0.03521612757177137,0.05159323993517255,0.290625,0.41400653053267705
2969,0.5576923076923077,0.5609756097560975,0.3137254901960785,0.25,0.4807692307692307,0.2926829268292683,0.15232058870373996,0.0426441426355209,0.5472697306206263,0.3082329317269076
2970,0.43795620437956206,0.3757575757575758,0.1925925925925926,0.17177914110429446,0.2773722627737226,0.2545454545454546,0.11183676095960547,0.1289243901825643,0.29875425786262216,0.2593382262495387
2971,0.5423728813559322,0.49206349206349204,0.24137931034482757,0.3548387096774193,0.28813559322033894,0.4603174603174604,0.15460033315009802,0.3126938498366742,0.3982043168947379,0.424332292750607
2972,0.5909090909090909,0.6129032258064517,0.4307692307692308,0.45901639344262296,0.5454545454545454,0.5806451612903226,0.3844024236061516,0.432106053242144,0.5392289266615576,0.5449524171209007
2973,0.6016260162601625,0.5,0.34710743801652894,0.25423728813559315,0.4065040650406504,0.31666666666666665,0.16674137053235308,0.09650023275745617,0.5351948807446191,0.3455586840901981
2974,0.4444444444444445,0.36065573770491804,0.25,0.06779661016949153,0.3111111111111111,0.22950819672131145,0.07447304260809597,0.017448767890681335,0.3735207100591716,0.17162298387096775
2975,0.4462809917355372,0.2823529411764706,0.15126050420168066,0.024096385542168676,0.21487603305785125,0.1411764705882353,0.0683494397988037,0.01166826440658025,0.36629593810444877,0.1455301455301455
2976,0.30476190476190473,0.2696629213483146,0.058252427184466014,0.04597701149425287,0.20952380952380953,0.15730337078651688,0.012342434672334951,0.006259520845342972,0.21047759680867476,0.11982570806100218
2977,0.4444444444444444,0.37383177570093457,0.13913043478260867,0.13333333333333333,0.27350427350427353,0.26168224299065423,0.10390302174233558,0.11599870351668119,0.3122730573710966,0.32751373764871955
2978,0.6357615894039734,0.42857142857142855,0.32214765100671144,0.1935483870967742,0.45033112582781454,0.28571428571428575,0.19738530549129057,0.03564442894276919,0.5244822180392507,0.21532166425428362
2979,0.5411764705882353,0.608108108108108,0.21428571428571427,0.4931506849315069,0.3176470588235294,0.5540540540540541,0.12661766236457164,0.2115494362774581,0.2595287652075105,0.40845730846947653
2980,0.5932203389830508,0.5892857142857142,0.27586206896551724,0.34545454545454546,0.3559322033898305,0.3928571428571429,0.04707878006862927,0.19067685962373984,0.3677441290610015,0.4390988927071402
2981,0.5945945945945945,0.5689655172413793,0.35616438356164387,0.3508771929824561,0.43243243243243246,0.44827586206896547,0.14519976004425877,0.2765783604487176,0.5315555555555556,0.4502964613203528
2982,0.26506024096385544,0.4090909090909091,0.04938271604938272,0.09302325581395349,0.14457831325301204,0.25,0.013605128106514501,0.015342308958019458,0.2195973875661376,0.2767118566176471
2983,0.4370860927152318,0.3661971830985915,0.1879194630872483,0.1857142857142857,0.25165562913907286,0.2816901408450704,0.06309508891619,0.06935480171278602,0.22043088840474462,0.20833333333333331
2984,0.594059405940594,0.6732673267326733,0.3232323232323232,0.3838383838383838,0.4752475247524752,0.49504950495049505,0.09118768345085689,0.11231804439435727,0.35330972809286476,0.3337988614800759
2985,0.6095238095238096,0.449438202247191,0.4077669902912621,0.2988505747126437,0.5142857142857142,0.33707865168539325,0.2968884567744215,0.18919998284361209,0.4849897119341564,0.3278071722516167
2986,0.46478873239436613,0.29787234042553196,0.3,0.043478260869565216,0.4225352112676057,0.14893617021276598,0.1580129356341988,0.012127601540866477,0.4914529914529915,0.16710961789188647
2987,0.39583333333333337,0.5333333333333333,0.14893617021276595,0.3013698630136986,0.25,0.26666666666666666,0.017300810167933455,0.14648471155378845,0.325423926684762,0.36651450957381626
2988,0.4078947368421053,0.3759398496240602,0.1466666666666667,0.030534351145038167,0.27631578947368424,0.18045112781954883,0.054989588777610975,0.01066382470617606,0.30066689562904,0.22033898305084748
2989,0.3658536585365854,0.5,0.13580246913580246,0.13559322033898305,0.21951219512195122,0.16666666666666666,0.05231800275972668,0.01673961394786856,0.3230218855218855,0.28164820769322374
2990,0.4881889763779527,0.5785123966942148,0.22399999999999998,0.3361344537815126,0.3307086614173228,0.4628099173553719,0.10454077423493682,0.174005161601195,0.4062711978776374,0.45513661854194004
2991,0.5321100917431192,0.42990654205607476,0.28037383177570097,0.2476190476190476,0.36697247706422015,0.29906542056074764,0.08793406043918853,0.07399728016915284,0.29523809523809524,0.1862681394845138
2992,0.3050847457627119,0.34782608695652173,0.01724137931034483,0.17777777777777776,0.1864406779661017,0.3043478260869565,0.004327208623856847,0.08000981634386346,0.18518518518518517,0.224310152908782
2993,0.43999999999999995,0.3409090909090909,0.22448979591836735,0.11627906976744187,0.27999999999999997,0.22727272727272727,0.17483864589948214,0.034039211846625915,0.306038440834679,0.22780125243190663
2994,0.39999999999999997,0.47500000000000003,0.14457831325301204,0.28205128205128205,0.21176470588235297,0.325,0.10035701227643438,0.18573332123221292,0.25775596862949,0.31660692951015534
2995,0.3684210526315789,0.2823529411764706,0.16071428571428573,0.09638554216867469,0.22807017543859648,0.18823529411764706,0.014875486526184188,0.010007960522720802,0.2847868986595432,0.13103092783505152
2996,0.4356435643564357,0.4864864864864865,0.10101010101010101,0.2222222222222222,0.2772277227722772,0.2972972972972973,0.02512843160218204,0.14069628900830294,0.24822695035460993,0.32302188552188554
2997,0.34862385321100914,0.6136363636363638,0.18691588785046728,0.3255813953488372,0.2018348623853211,0.4772727272727273,0.12139532254414959,0.20253721879690556,0.23452482420626466,0.3833375635960011
2998,0.4175824175824176,0.43749999999999994,0.2921348314606742,0.3548387096774193,0.3736263736263736,0.43749999999999994,0.1941282290806232,0.23994414903574252,0.3592405287907018,0.27844181863716055
2999,0.528,0.3469387755102041,0.22764227642276422,0.14583333333333334,0.32,0.2857142857142857,0.046330046091405376,0.036968662667324015,0.38916128917331344,0.282553940129052
3000,0.5087719298245614,0.35294117647058826,0.25,0.16,0.28070175438596495,0.2549019607843137,0.12127789092080747,0.025681025514196803,0.33132423954037576,0.17546008512723152
3001,0.396551724137931,0.425531914893617,0.14035087719298245,0.15217391304347824,0.29310344827586204,0.3191489361702127,0.016075475828140333,0.015314664502811331,0.30151228733459357,0.20404017857142862
3002,0.34848484848484845,0.5569620253164557,0.07692307692307691,0.3116883116883117,0.22727272727272724,0.40506329113924056,0.012579860495921602,0.16768518785391628,0.27292513163708004,0.4027162447257384
3003,0.4705882352941176,0.6909090909090909,0.24096385542168672,0.41509433962264153,0.2352941176470588,0.5818181818181819,0.09269406066805617,0.27501804610524816,0.5648519795729926,0.6367924528301887
3004,0.49504950495049505,0.5176470588235293,0.20202020202020202,0.16867469879518074,0.3564356435643565,0.2588235294117647,0.11029853244608948,0.04267192962464926,0.4067627895752896,0.29465346534653464
3005,0.4807692307692307,0.49180327868852464,0.2549019607843137,0.3389830508474576,0.34615384615384615,0.49180327868852464,0.13749922791611202,0.1939145354367536,0.4713669182050251,0.36457375743090026
3006,0.4086021505376344,0.5531914893617021,0.15384615384615385,0.34782608695652173,0.3225806451612903,0.3404255319148936,0.09632027341155078,0.1371236085874317,0.33400676205749835,0.47343749999999996
3007,0.24561403508771928,0.3373493975903614,0.125,0.09876543209876544,0.12280701754385964,0.1686746987951807,0.013438778484202137,0.01520849665226853,0.19685550935550936,0.2346148636445729
3008,0.5967741935483871,0.41379310344827586,0.32786885245901637,0.11764705882352941,0.4193548387096774,0.29885057471264365,0.2125169374966629,0.010399898067753146,0.4306349734980836,0.17474573018614473
3009,0.7088607594936709,0.6388888888888888,0.5714285714285715,0.5714285714285714,0.6075949367088608,0.6111111111111113,0.4109197939732451,0.2547108960429262,0.5478286187820557,0.45197174640395776
3010,0.5490196078431373,0.5744680851063829,0.32,0.3695652173913044,0.35294117647058826,0.425531914893617,0.18953209575429072,0.2653406035420123,0.39261167002012076,0.457905544147844
3011,0.4172661870503597,0.49523809523809526,0.11678832116788321,0.21359223300970873,0.18705035971223022,0.24761904761904763,0.011212751855028638,0.07277785767943798,0.23784722222222218,0.2991611725013154
3012,0.5416666666666666,0.8051948051948052,0.3617021276595745,0.5333333333333333,0.4166666666666667,0.5974025974025975,0.12568995875621444,0.24839627160297245,0.5651466886458311,0.641025641025641
3013,0.46808510638297873,0.4878048780487805,0.21739130434782608,0.19999999999999998,0.3191489361702128,0.41463414634146345,0.15884669098032103,0.09897264354674228,0.3540863155532192,0.30872252747252743
3014,0.36893203883495146,0.5063291139240507,0.198019801980198,0.36363636363636365,0.31067961165048547,0.4556962025316456,0.016454280515305727,0.1196490094105194,0.20140774258421318,0.3200956937799043
3015,0.42857142857142855,0.4301075268817204,0.20833333333333334,0.1978021978021978,0.2653061224489796,0.3010752688172043,0.12039541567374261,0.12745430881920855,0.3808368427663808,0.38027108433734946
3016,0.4329896907216495,0.4722222222222222,0.23157894736842105,0.22857142857142856,0.37113402061855666,0.3055555555555555,0.14297088677026534,0.0429443679558435,0.3975125944584383,0.323715651135006
3017,0.49484536082474223,0.5490196078431373,0.3157894736842105,0.38,0.3917525773195877,0.4117647058823529,0.23312608338775054,0.2644375747809675,0.31108276643990934,0.34975425330812854
3018,0.5806451612903225,0.6428571428571428,0.3956043956043956,0.43902439024390244,0.5591397849462365,0.5476190476190477,0.1483859349424798,0.2615474011612744,0.4339382795386211,0.5310517881646244
3019,0.617283950617284,0.7714285714285715,0.4556962025316456,0.6176470588235293,0.5185185185185186,0.7428571428571428,0.3055911009088837,0.4540549391038848,0.5282094771061089,0.6973932584269663
3020,0.3950617283950617,0.4235294117647059,0.1518987341772152,0.24096385542168677,0.29629629629629634,0.32941176470588235,0.026774751589863543,0.026994027705122554,0.3344226579520697,0.3120157541322314
3021,0.35714285714285715,0.40506329113924056,0.14634146341463417,0.15584415584415584,0.28571428571428564,0.2278481012658228,0.03916152028516837,0.07516571016511663,0.30612244897959184,0.2606477373558119
3022,0.2459016393442623,0.26666666666666666,0.09999999999999999,0.0821917808219178,0.21311475409836064,0.24000000000000002,0.05915367110165543,0.016849756171615476,0.3041235469519876,0.2310880829015544
3023,0.5040650406504066,0.5471698113207547,0.23140495867768598,0.25,0.37398373983739835,0.37735849056603776,0.038946567420677564,0.028906552802084956,0.3069286871961102,0.27528355387523634
3024,0.47058823529411764,0.325,0.27999999999999997,0.12820512820512822,0.4117647058823529,0.27499999999999997,0.12492077997240149,0.018269980611210764,0.46458333333333335,0.27853466545564637
3025,0.5227272727272727,0.4444444444444445,0.3023255813953488,0.28571428571428575,0.40909090909090906,0.4166666666666667,0.20002000500150047,0.2089934379295256,0.47573333333333334,0.33629656848889145
3026,0.5565217391304348,0.5499999999999999,0.3008849557522124,0.28205128205128205,0.4347826086956522,0.425,0.15378368462538317,0.0773512473181119,0.4509415488827166,0.37773612846499144
3027,0.5555555555555555,0.3902439024390244,0.32075471698113206,0.15,0.27777777777777773,0.2682926829268293,0.2115044740897686,0.01339846321823177,0.4830550126521036,0.21627906976744188
3028,0.7118644067796609,0.5737704918032788,0.5862068965517241,0.39999999999999997,0.5423728813559322,0.5081967213114753,0.31151072293334425,0.30051716759976166,0.44502132652222315,0.4131223123503379
3029,0.46511627906976744,0.4107142857142857,0.20472440944881892,0.1818181818181818,0.29457364341085274,0.2678571428571429,0.11971593914566996,0.06900574268843765,0.3709677419354839,0.26400641811789716
3030,0.48780487804878053,0.2285714285714286,0.19834710743801653,0.038834951456310676,0.22764227642276424,0.13333333333333333,0.030824567489471714,0.004711680226716874,0.30935164952081645,0.1056818181818182
3031,0.5154639175257731,0.40860215053763443,0.23157894736842105,0.15384615384615385,0.32989690721649484,0.1935483870967742,0.12781307906655326,0.034709247204129004,0.4148507343550447,0.3526553592431439
3032,0.3963963963963964,0.47191011235955055,0.12844036697247707,0.2298850574712644,0.3243243243243243,0.3595505617977528,0.05997387016282737,0.10591232058687085,0.2761666666666666,0.30758620689655164
3033,0.5747126436781609,0.7647058823529411,0.35294117647058826,0.5454545454545454,0.3448275862068966,0.5,0.26217306905495064,0.3286866569704056,0.42757243680700313,0.5916098323387325
3034,0.2912621359223301,0.14492753623188406,0.07920792079207921,0.0,0.17475728155339806,0.14492753623188406,0.010072197021467633,0.0077426364109627836,0.21433624903524567,0.06042296072507554
3035,0.4077669902912622,0.43373493975903615,0.198019801980198,0.19753086419753088,0.2524271844660194,0.3373493975903614,0.014734890673119451,0.07565388442912606,0.279,0.2823748767258383
3036,0.3770491803278689,0.2835820895522388,0.21666666666666665,0.030303030303030304,0.3114754098360656,0.14925373134328357,0.1796283003372567,0.009935116288395844,0.2886297376093294,0.15499510914332784
3037,0.43478260869565216,0.5333333333333333,0.11111111111111112,0.2954545454545454,0.2608695652173913,0.3555555555555555,0.014706124929924581,0.14333071555734353,0.2487279843444227,0.3490883112244069
3038,0.366412213740458,0.25,0.10852713178294573,0.10638297872340426,0.22900763358778628,0.20833333333333334,0.04591156213837395,0.05421972076468391,0.28746426106674555,0.21222787300971413
3039,0.6440677966101696,0.6,0.4482758620689655,0.36363636363636365,0.3728813559322034,0.39999999999999997,0.33304864293298003,0.24034058081228205,0.5159499300598974,0.42153049907578566
3040,0.5148514851485149,0.5319148936170213,0.26262626262626265,0.30434782608695654,0.39603960396039606,0.46808510638297873,0.07371988937446623,0.16561315331828996,0.3911994485294118,0.4779373879351209
3041,0.4347826086956522,0.2,0.22222222222222224,0.05128205128205128,0.19565217391304346,0.1,0.055015007922520454,0.012476096838079018,0.32280701754385965,0.10291670316195146
3042,0.30303030303030304,0.35714285714285715,0.12371134020618559,0.17073170731707318,0.24242424242424243,0.28571428571428575,0.057731030570289193,0.03843066651313728,0.21576500422654268,0.24793629921835048
3043,0.4511278195488722,0.5510204081632654,0.2595419847328244,0.3541666666666667,0.37593984962406013,0.4489795918367347,0.15382253540852675,0.18575098520604835,0.3228990982482179,0.34203194203735793
3044,0.6491228070175439,0.5360824742268041,0.3928571428571429,0.21052631578947367,0.40350877192982454,0.288659793814433,0.2267225794235396,0.02387271959705489,0.42433229275060697,0.2381228522336769
3045,0.611111111111111,0.6065573770491803,0.3380281690140845,0.35,0.4166666666666667,0.4262295081967213,0.18560345070363563,0.21121856563264116,0.46789649566473995,0.4387233383256727
3046,0.45161290322580644,0.36842105263157887,0.17582417582417584,0.18918918918918923,0.25806451612903225,0.2894736842105263,0.07650725768801829,0.048357972105114194,0.2327111457673376,0.32475728155339806
3047,0.31372549019607837,0.3833333333333333,0.11999999999999998,0.11864406779661017,0.25490196078431376,0.25,0.09012380605750675,0.03185108362980158,0.2515933296860235,0.33647289814830034
3048,0.4805194805194805,0.37606837606837606,0.25,0.17391304347826086,0.25974025974025977,0.2735042735042735,0.07036325570987254,0.012474383765242559,0.27883691440957215,0.18413219491700428
3049,0.3165467625899281,0.37499999999999994,0.13138686131386862,0.19148936170212766,0.21582733812949642,0.2916666666666667,0.024693070795298446,0.044331547137872726,0.2654932950191571,0.29310419713048896
3050,0.5225225225225224,0.3225806451612903,0.2018348623853211,0.15384615384615385,0.32432432432432434,0.25806451612903225,0.032789663272367923,0.06046901917306742,0.35350000000000004,0.18355263157894736
3051,0.36879432624113473,0.43243243243243246,0.08633093525179857,0.12844036697247707,0.17021276595744678,0.1981981981981982,0.012356348345219915,0.026124590565886317,0.20758364183947325,0.22455843554266608
3052,0.4807692307692308,0.6666666666666666,0.2156862745098039,0.44680851063829785,0.34615384615384615,0.47916666666666663,0.1137357463908262,0.3111842447390408,0.35534414111451285,0.5168249767508571
3053,0.31304347826086953,0.40540540540540543,0.1592920353982301,0.2222222222222222,0.2782608695652174,0.29729729729729726,0.08971978798141493,0.14115992922111162,0.2944828404743862,0.35418300653594775
3054,0.4869565217391304,0.5813953488372092,0.23008849557522124,0.3333333333333333,0.2434782608695652,0.3023255813953488,0.0820267476313755,0.0944060657839515,0.3240407020602483,0.35557939914163095
3055,0.33557046979865773,0.3410852713178294,0.054421768707482984,0.031496062992125984,0.14765100671140938,0.1705426356589147,0.011486945468465012,0.00813919520643551,0.1839878641691478,0.14897327249022171
3056,0.41860465116279066,0.4761904761904762,0.25196850393700787,0.23300970873786409,0.2945736434108527,0.39999999999999997,0.1642577327925017,0.15650833428547206,0.340036563071298,0.4036458333333333
3057,0.4912280701754386,0.5052631578947367,0.30357142857142855,0.21505376344086022,0.36842105263157887,0.3157894736842105,0.18008149796522985,0.0721040558548342,0.33551453025477707,0.2774522422435985
3058,0.390625,0.3181818181818182,0.12698412698412698,0.06976744186046512,0.28125,0.1590909090909091,0.03178451882791707,0.010287394040202324,0.30070427350427353,0.15647298674821608
3059,0.42307692307692313,0.4421052631578947,0.17647058823529413,0.23655913978494622,0.38461538461538464,0.3578947368421052,0.10186818654682372,0.07806277773703128,0.257439446366782,0.3252912178345269
3060,0.39583333333333337,0.3529411764705882,0.12765957446808512,0.12000000000000001,0.18749999999999997,0.1764705882352941,0.03478918651921205,0.032005121753835464,0.3511589821113631,0.3094089685785188
3061,0.5057471264367817,0.4857142857142857,0.25882352941176473,0.1764705882352941,0.3448275862068966,0.34285714285714286,0.16947861871171682,0.04664650205126867,0.4335939477662137,0.3481683318195581
3062,0.5825242718446602,0.488888888888889,0.35643564356435636,0.22727272727272727,0.2912621359223301,0.4,0.24022354576236915,0.0772172646384355,0.4678242663166117,0.2937943262411347
3063,0.6296296296296297,0.6285714285714286,0.4150943396226415,0.4466019417475728,0.25925925925925924,0.4952380952380952,0.2576905657407647,0.26053422125670506,0.3700795644891122,0.4383037400453642
3064,0.4912280701754386,0.4848484848484849,0.2678571428571429,0.32989690721649484,0.33333333333333337,0.3434343434343434,0.11669401561649836,0.08290424888507036,0.2339955228293466,0.18181867149290065
3065,0.4421052631578948,0.2894736842105263,0.23655913978494625,0.05405405405405405,0.18947368421052632,0.13157894736842105,0.1483859349424798,0.006861632543067794,0.3578995420195796,0.10250569476082005
3066,0.21238938053097345,0.225,0.01801801801801802,0.0,0.12389380530973451,0.15,0.0046603611503989294,0.007326543577451201,0.17926304464766002,0.11056511056511058
3067,0.44628099173553726,0.44705882352941173,0.20168067226890757,0.19277108433734938,0.2975206611570248,0.2823529411764706,0.037168891660664116,0.03003435633345925,0.35737728937728935,0.2381892745844875
3068,0.5769230769230769,0.5617977528089887,0.27450980392156865,0.29885057471264365,0.23076923076923078,0.2696629213483146,0.1739338741935824,0.14808583222953173,0.4290930518872393,0.3717171717171717
3069,0.4285714285714286,0.5569620253164557,0.1219512195121951,0.23376623376623376,0.2142857142857143,0.3544303797468354,0.018349864164367454,0.11602404900806981,0.35208606769279727,0.40249801458378454
3070,0.3333333333333333,0.4,0.14285714285714288,0.1818181818181818,0.2105263157894737,0.2888888888888889,0.12199723582670265,0.12226953593425956,0.2224573780129336,0.2435903609484959
3071,0.42748091603053434,0.3865546218487395,0.18604651162790695,0.10256410256410256,0.2900763358778626,0.1848739495798319,0.13857123886568676,0.01400890876854621,0.30409643811705667,0.21327383041101164
3072,0.4952380952380952,0.3908045977011494,0.2524271844660194,0.21176470588235294,0.419047619047619,0.3448275862068966,0.12292811882207103,0.1635739937188703,0.47453808605129927,0.2992961890638608
3073,0.4528301886792453,0.45454545454545453,0.1923076923076923,0.13953488372093023,0.2830188679245283,0.27272727272727276,0.04460318291158258,0.02445569437426641,0.2606477373558119,0.24670956892927592
3074,0.43636363636363634,0.38834951456310685,0.24074074074074073,0.1584158415841584,0.3272727272727273,0.27184466019417475,0.1629021715386633,0.03570294119499663,0.3363021666424313,0.3070282101167316
3075,0.3888888888888889,0.41975308641975306,0.16981132075471694,0.2278481012658228,0.2592592592592593,0.3703703703703704,0.11110314308674148,0.117505888850063,0.2562035894690286,0.24690265486725665
3076,0.3853211009174312,0.42105263157894735,0.11214953271028037,0.17204301075268819,0.1651376146788991,0.2947368421052632,0.014276853646659104,0.012049252753346907,0.233127084430402,0.22388933764135707
3077,0.32,0.45999999999999996,0.1020408163265306,0.22448979591836735,0.16,0.3,0.03172639389317077,0.12027134153882219,0.23847218686354377,0.36408163265306126
3078,0.6355140186915887,0.674698795180723,0.38095238095238093,0.34567901234567905,0.5420560747663552,0.48192771084337355,0.2610000358085522,0.21533145452863928,0.5893909626719057,0.37292716779896273
3079,0.28235294117647064,0.40579710144927533,0.024096385542168676,0.08955223880597014,0.11764705882352941,0.17391304347826086,0.011067926155676427,0.02047613931958582,0.17363387978142072,0.24505108556832697
3080,0.30985915492957744,0.42424242424242425,0.08695652173913043,0.15625,0.22535211267605634,0.3333333333333333,0.016936921942561224,0.04649162259136118,0.2427842950086663,0.3555583724172899
3081,0.5148514851485149,0.45238095238095233,0.3434343434343434,0.1951219512195122,0.43564356435643564,0.30952380952380953,0.22345037752822275,0.08367629412118824,0.5317225509533201,0.3662517104428796
3082,0.3220338983050847,0.3333333333333333,0.10344827586206895,0.14634146341463417,0.13559322033898302,0.19047619047619052,0.040121877637459134,0.06819851521871377,0.2611080169559702,0.2758631900643735
3083,0.5636363636363635,0.5679012345679013,0.35185185185185186,0.379746835443038,0.4909090909090909,0.5185185185185186,0.14337211312030826,0.15155579933151575,0.47515875234633975,0.3701244813278008
3084,0.44247787610619466,0.4271844660194175,0.2162162162162162,0.2376237623762376,0.2831858407079646,0.3689320388349515,0.09033497027943567,0.16350462837752158,0.2854713313896987,0.33340040241448693
3085,0.43548387096774194,0.19148936170212766,0.19672131147540986,0.021739130434782608,0.2258064516129032,0.0851063829787234,0.11416181850546904,0.009467144202417462,0.37104254890098803,0.12151051625239007
3086,0.23809523809523805,0.4,0.0975609756097561,0.2352941176470588,0.14285714285714285,0.17142857142857143,0.021547687496029377,0.05025282046686863,0.27761194029850744,0.4507472280250683
3087,0.4130434782608695,0.42105263157894735,0.22222222222222224,0.18918918918918917,0.32608695652173914,0.2631578947368421,0.13076860752153713,0.14362555317755926,0.44708016367394576,0.36868438320209973
3088,0.47328244274809156,0.4271844660194175,0.2790697674418605,0.198019801980198,0.24427480916030536,0.2524271844660194,0.1419087260303443,0.12963564193262578,0.39742621078859275,0.3097196261682243
3089,0.5614035087719299,0.47826086956521735,0.25,0.24444444444444446,0.36842105263157887,0.34782608695652173,0.13623967628573966,0.11487801795219756,0.3494763073342273,0.20152099027915493
3090,0.45161290322580644,0.425531914893617,0.26373626373626374,0.2391304347826087,0.3655913978494624,0.3191489361702128,0.14272236429927515,0.1753882775125745,0.44594831515831557,0.43434201760230023
3091,0.5833333333333334,0.5714285714285713,0.3142857142857143,0.36065573770491804,0.4722222222222222,0.4444444444444445,0.039605304367508136,0.0490231434178197,0.3995253164556962,0.3967420301453914
3092,0.46846846846846857,0.425531914893617,0.20183486238532108,0.15217391304347827,0.2162162162162162,0.2127659574468085,0.04072172028109942,0.03352895030380064,0.32736144636091885,0.25369261477045907
3093,0.4528301886792453,0.425,0.23076923076923078,0.20512820512820512,0.2830188679245283,0.25,0.06607272734463435,0.02949170227119503,0.386410653335795,0.21174032526918052
3094,0.3548387096774193,0.3106796116504854,0.06557377049180327,0.07920792079207921,0.17741935483870966,0.17475728155339806,0.011435537086754325,0.007764509627141028,0.15089033195873033,0.08647798742138366
3095,0.4094488188976378,0.45833333333333326,0.176,0.19148936170212763,0.2362204724409449,0.22916666666666663,0.07775712934800477,0.030126784630914144,0.23686909220617086,0.17628104698042657
3096,0.40384615384615385,0.4303797468354431,0.17647058823529413,0.2077922077922078,0.3076923076923077,0.32911392405063294,0.10385496884548254,0.15331320282974648,0.37450740814125005,0.426341713042922
3097,0.49586776859504134,0.34615384615384615,0.23529411764705882,0.1568627450980392,0.33057851239669417,0.24999999999999994,0.04108262530574533,0.053557626151728335,0.2985553772070626,0.22076426070840197
3098,0.4370860927152318,0.35714285714285715,0.1879194630872483,0.14545454545454545,0.31788079470198677,0.3035714285714286,0.07248811299242627,0.03938472137094754,0.18879800440886413,0.15288903635587994
3099,0.2857142857142857,0.23376623376623376,0.0625,0.02666666666666667,0.163265306122449,0.20779220779220778,0.008907530052738092,0.006550873947814101,0.2086659778967471,0.12534818941504175
3100,0.5306122448979592,0.37037037037037035,0.18749999999999997,0.12658227848101267,0.3061224489795918,0.24691358024691357,0.08827792074256333,0.05209415165439967,0.3363021666424313,0.18918810127601335
3101,0.543046357615894,0.43103448275862066,0.22818791946308725,0.14035087719298245,0.3576158940397351,0.25862068965517243,0.11167466552497567,0.061153961660887414,0.48198696733699536,0.2521193662650245
3102,0.441860465116279,0.4000000000000001,0.16666666666666669,0.14705882352941177,0.2558139534883721,0.22857142857142856,0.01569867927993345,0.023360242598558355,0.2521875983632357,0.25230111768573305
3103,0.411214953271028,0.47619047619047616,0.1142857142857143,0.21359223300970875,0.29906542056074764,0.3619047619047619,0.027353022485232532,0.11292801430102567,0.3036734693877551,0.3982204081632653
3104,0.3863636363636363,0.367816091954023,0.09302325581395349,0.11764705882352942,0.29545454545454547,0.20689655172413796,0.013101376346591444,0.013105036971800979,0.2580645161290323,0.30546114042207795
3105,0.4161073825503355,0.5333333333333333,0.16326530612244897,0.20338983050847456,0.22818791946308728,0.3666666666666667,0.07572304066975925,0.09850697414411577,0.30808445728965955,0.33513513513513515
3106,0.2807017543859649,0.2531645569620253,0.07142857142857142,0.051948051948051945,0.15789473684210528,0.17721518987341772,0.013283908610261847,0.009506538364374402,0.17130680864867281,0.1182086269805568
3107,0.4423076923076923,0.5128205128205128,0.1568627450980392,0.26315789473684204,0.30769230769230765,0.38461538461538464,0.04244034086480486,0.0740847789354538,0.2706787109375,0.26212431693989074
3108,0.5254237288135594,0.46,0.2931034482758621,0.20408163265306123,0.3559322033898305,0.24,0.14238112878337986,0.0958876438791294,0.4568933823529412,0.33183515494129845
3109,0.6601941747572816,0.6603773584905662,0.3762376237623763,0.38461538461538464,0.48543689320388345,0.4716981132075472,0.13846218033402727,0.17010729580064957,0.5335189051264208,0.5956523681133056
3110,0.7647058823529411,0.5238095238095238,0.6567164179104478,0.3709677419354839,0.75,0.47619047619047616,0.4742610531100343,0.28822837257840994,0.6322030731293491,0.373285075550549
3111,0.45833333333333337,0.5054945054945055,0.1702127659574468,0.1348314606741573,0.2916666666666667,0.3076923076923077,0.06908895196867147,0.0659978572783985,0.3973621103117506,0.38587455583503016
3112,0.5573770491803278,0.576923076923077,0.3166666666666667,0.37254901960784315,0.32786885245901637,0.4230769230769231,0.16379495181292772,0.2059330199156614,0.4023354821410125,0.478437520412829
3113,0.7999999999999999,0.6153846153846154,0.7627118644067796,0.5882352941176471,0.7999999999999999,0.6153846153846154,0.48928725206643303,0.2437243391944331,0.6230402680389808,0.4016883953343526
3114,0.6054054054054053,0.6408839779005524,0.4153005464480874,0.43575418994413406,0.5513513513513514,0.5856353591160222,0.2607699450167208,0.28410079747600286,0.5317796817625459,0.5436707213530223
3115,0.4159999999999999,0.39024390243902435,0.2276422764227642,0.1652892561983471,0.336,0.26016260162601623,0.08223421986637101,0.013115182242495216,0.25295348590803135,0.1633247089262613
3116,0.5052631578947367,0.5531914893617021,0.4516129032258065,0.4565217391304348,0.5052631578947367,0.5319148936170213,0.3405018349260101,0.3501314431952225,0.5324030649792927,0.5688775510204082
3117,0.4324324324324324,0.41975308641975306,0.12844036697247704,0.17721518987341772,0.23423423423423423,0.24691358024691357,0.09997501561329078,0.13087733096902893,0.3541820759368836,0.2601996527777778
3118,0.4000000000000001,0.4883720930232559,0.14814814814814814,0.23809523809523808,0.2727272727272727,0.25581395348837205,0.03914912226408735,0.12050615615956337,0.250736468101374,0.292063492063492
3119,0.6197183098591549,0.5,0.35714285714285715,0.2558139534883721,0.39436619718309857,0.4545454545454546,0.17130605204626567,0.1347569577302363,0.5760672820184606,0.26600538535118134
3120,0.37419354838709684,0.2975206611570248,0.10457516339869281,0.11764705882352941,0.18064516129032257,0.1652892561983471,0.011979762599584932,0.006289573141149671,0.20489495343296518,0.1282296473607581
3121,0.35294117647058826,0.34782608695652173,0.22,0.19999999999999998,0.27450980392156865,0.28260869565217384,0.14322607220995945,0.1448736191294885,0.2577796273177047,0.21257142857142855
3122,0.6782608695652174,0.7289719626168225,0.4601769911504424,0.5333333333333333,0.45217391304347826,0.6915887850467289,0.37998789481374334,0.39756251737774223,0.6003846153846154,0.5792773819716243
3123,0.6071428571428571,0.4835164835164835,0.4000000000000001,0.24719101123595508,0.35714285714285715,0.24175824175824176,0.22307795148802195,0.07134814735798471,0.47804720223156905,0.29866903283052343
3124,0.5112781954887218,0.4077669902912622,0.25954198473282447,0.19801980198019803,0.3759398496240601,0.21359223300970875,0.15316724981434499,0.01641475827369189,0.34077060931899644,0.1627006880733945
3125,0.6593406593406592,0.7526881720430108,0.4943820224719101,0.6813186813186813,0.3956043956043956,0.5806451612903226,0.32578474271642105,0.471307573840756,0.620196785720334,0.7821827970749953
3126,0.5483870967741935,0.5094339622641509,0.34426229508196726,0.2692307692307692,0.467741935483871,0.41509433962264153,0.1669572809640329,0.1264856902818786,0.38711369423787884,0.3188131313131313
3127,0.3258426966292135,0.34210526315789475,0.11363636363636365,0.16,0.16853932584269665,0.2763157894736842,0.07810803484157633,0.09749698829962096,0.18227280448445726,0.18772275689271736
3128,0.24242424242424243,0.41463414634146345,0.06185567010309279,0.15,0.1414141414141414,0.21951219512195122,0.015315603358167423,0.036236090819572464,0.15060896041757285,0.19123936590581558
3129,0.3619047619047619,0.41860465116279066,0.19417475728155337,0.16666666666666666,0.22857142857142854,0.27906976744186046,0.08418140061598073,0.021413142511947744,0.35197751264233257,0.3149767392213199
3130,0.44705882352941173,0.47222222222222227,0.26506024096385544,0.14285714285714288,0.30588235294117644,0.25,0.17722138659893968,0.02507532374145864,0.46779689835707855,0.3554480271883289
3131,0.6105263157894737,0.7126436781609196,0.45161290322580644,0.39999999999999997,0.5684210526315789,0.4597701149425288,0.30285815243509034,0.1844200861246073,0.5064106818885792,0.5221410872731606
3132,0.4285714285714286,0.41237113402061865,0.16363636363636364,0.14736842105263157,0.2142857142857143,0.26804123711340205,0.034157826245907824,0.02815710573275749,0.31226174865054435,0.22288191499387433
3133,0.2727272727272727,0.5263157894736842,0.046153846153846156,0.12213740458015268,0.19696969696969693,0.2706766917293233,0.009220907739824766,0.02373928034561087,0.13378535505652606,0.27692615302585977
3134,0.29702970297029707,0.4102564102564102,0.18181818181818182,0.18421052631578946,0.2772277227722772,0.17948717948717952,0.10720710070872727,0.09209953959254491,0.3769014084507043,0.3757440476190476
3135,0.30136986301369856,0.40506329113924044,0.1408450704225352,0.2077922077922078,0.2191780821917808,0.30379746835443044,0.07999424336301146,0.12101715869910856,0.30154047853162896,0.35108519598315513
3136,0.3620689655172413,0.29126213592233013,0.08771929824561403,0.05940594059405941,0.17241379310344826,0.15533980582524273,0.02808754390340132,0.022005449278203883,0.24774511957387224,0.1987943017826825
3137,0.5894736842105264,0.6111111111111113,0.3010752688172043,0.34285714285714286,0.2526315789473684,0.33333333333333337,0.14289351998157201,0.23831444117866202,0.5839719128030033,0.5093402777777778
3138,0.4788732394366197,0.3508771929824561,0.14285714285714288,0.03571428571428571,0.295774647887324,0.17543859649122806,0.06005430886956789,0.005560360977708447,0.3979350869671643,0.16881028938906747
3139,0.5348837209302327,0.5277777777777778,0.2619047619047619,0.2571428571428571,0.441860465116279,0.4999999999999999,0.12201289226013384,0.14996435224413326,0.45674120712114624,0.4060008793897799
3140,0.6024096385542168,0.6216216216216216,0.3703703703703704,0.41666666666666663,0.38554216867469876,0.3783783783783784,0.14661183065017,0.1484933330115599,0.31831316597435433,0.38640787602006443
3141,0.39534883720930236,0.35820895522388063,0.1904761904761905,0.21538461538461537,0.3023255813953488,0.3283582089552239,0.03760979247438992,0.10716345248856787,0.30492146809895837,0.25755494505494503
3142,0.4689655172413793,0.49032258064516127,0.19580419580419578,0.13071895424836602,0.28965517241379307,0.23225806451612904,0.06263438780553623,0.015020204181498638,0.26244127811447987,0.2858624300784144
3143,0.44827586206896547,0.3728813559322034,0.15789473684210525,0.08620689655172413,0.27586206896551724,0.2542372881355932,0.017200000193390737,0.015039719902734151,0.3080672897196262,0.29804489946959417
3144,0.4565217391304348,0.4266666666666667,0.17777777777777776,0.16438356164383558,0.34782608695652173,0.21333333333333335,0.1149728188963999,0.06545089242822294,0.3872053872053872,0.2706117353308365
3145,0.42696629213483145,0.3492063492063492,0.2758620689655173,0.13114754098360656,0.3820224719101123,0.25396825396825395,0.20932279926313935,0.10527956992932139,0.4047204988406342,0.21646621424891932
3146,0.5203252032520325,0.46153846153846156,0.19834710743801653,0.2247191011235955,0.3577235772357724,0.3516483516483516,0.1542578328041731,0.12045295836185793,0.4169438212894843,0.2844774273345702
3147,0.3063063063063063,0.3764705882352941,0.11009174311926606,0.09638554216867469,0.18018018018018017,0.18823529411764706,0.011210672297955205,0.015387660309188709,0.24982167352537726,0.2384771099345998
3148,0.38461538461538464,0.5714285714285714,0.23684210526315788,0.2622950819672131,0.28205128205128205,0.4444444444444445,0.08233704128013336,0.04886639374854163,0.24034111473036554,0.398264774659864
3149,0.5384615384615384,0.3181818181818182,0.27450980392156865,0.16279069767441862,0.40384615384615385,0.20454545454545459,0.1573421477882528,0.056473646663232895,0.3600285171102662,0.17352143595041322
3150,0.4545454545454546,0.4594594594594595,0.2558139534883721,0.2222222222222222,0.2727272727272727,0.32432432432432434,0.05436728936735598,0.05495865161150691,0.4162067217906261,0.3797734324007761
3151,0.7343750000000001,0.656,0.6031746031746033,0.5365853658536586,0.6875,0.6239999999999999,0.41333972814815323,0.3840659660202583,0.6816278318610661,0.5786288571235534
3152,0.2888888888888889,0.3466666666666667,0.09090909090909091,0.136986301369863,0.17777777777777778,0.18666666666666668,0.026067261737789418,0.10755210737842666,0.20832278320757577,0.22035601492965834
3153,0.25423728813559326,0.2807017543859649,0.051724137931034475,0.053571428571428575,0.16949152542372883,0.15789473684210525,0.004828608369134855,0.005382598430511783,0.14499216846501914,0.1648559670781893
3154,0.5344827586206896,0.45098039215686275,0.2105263157894737,0.22000000000000003,0.32758620689655177,0.39215686274509803,0.11805662553813534,0.13686701976141558,0.4027984661174088,0.34433703305883756
3155,0.23255813953488372,0.43589743589743585,0.09523809523809523,0.18421052631578946,0.13953488372093023,0.3333333333333333,0.019208357276745486,0.040918065342970766,0.15466024709302328,0.28632348461772766
3156,0.3779527559055118,0.6265060240963854,0.19199999999999998,0.3209876543209877,0.20472440944881892,0.2891566265060241,0.07444671355498296,0.15749252146908221,0.40882700898025864,0.5202370370370369
3157,0.3142857142857143,0.23157894736842105,0.08695652173913043,0.06451612903225806,0.19999999999999996,0.1473684210526316,0.03960117945196404,0.02388866231285941,0.27556463967999184,0.14519595338353744
3158,0.3602484472049689,0.40350877192982465,0.1509433962264151,0.1785714285714286,0.23602484472049692,0.22807017543859648,0.07462775890263165,0.0889604804279626,0.3348514201107566,0.3240007043493573
3159,0.4742268041237113,0.47500000000000003,0.18947368421052632,0.15384615384615383,0.288659793814433,0.25,0.018299115122932173,0.03654292722439677,0.2698073198833133,0.31987170371774815
3160,0.5148514851485149,0.48101265822784817,0.32323232323232326,0.23376623376623376,0.3366336633663366,0.27848101265822783,0.2069094357225774,0.14128330371016362,0.5103278159435659,0.2876288659793815
3161,0.7132867132867133,0.65,0.652482269503546,0.6101694915254237,0.6993006993006994,0.65,0.5323592973116413,0.27803719925757336,0.6155173267326733,0.46668496694318684
3162,0.5840707964601769,0.6444444444444445,0.3063063063063063,0.3409090909090909,0.3716814159292035,0.4222222222222223,0.05773903699204936,0.05216371148550874,0.5058601134215501,0.375
3163,0.47619047619047616,0.3448275862068965,0.2903225806451613,0.07017543859649122,0.38095238095238093,0.18965517241379312,0.17286921285383866,0.025261100773458688,0.500278791054502,0.24442307692307688
3164,0.4033613445378152,0.3595505617977528,0.17094017094017094,0.16091954022988506,0.28571428571428575,0.26966292134831465,0.1045792918011034,0.08791400313491286,0.3082802691595538,0.24478501489995746
3165,0.35294117647058826,0.3695652173913044,0.11965811965811965,0.15555555555555556,0.2857142857142857,0.3260869565217391,0.03174706129226658,0.02922139646045909,0.22818671454219028,0.1612056290695232
3166,0.22448979591836732,0.32558139534883723,0.125,0.09523809523809523,0.14285714285714285,0.16279069767441862,0.026948690589093,0.01867175871928893,0.19448356807511738,0.20698489751887808
3167,0.5154639175257731,0.47058823529411764,0.4421052631578948,0.36000000000000004,0.4536082474226804,0.45098039215686275,0.29056288200706354,0.24718847221842885,0.4847757223790282,0.5292337691204106
3168,0.4086021505376344,0.5681818181818181,0.2197802197802198,0.3023255813953488,0.3225806451612903,0.4090909090909091,0.11133026370602234,0.15516301551495687,0.27728911633857695,0.36632165605095546
3169,0.44660194174757284,0.3902439024390244,0.23762376237623764,0.2,0.2912621359223301,0.2926829268292683,0.11738518622489055,0.08556999579541488,0.36515640536619565,0.20904499540863178
3170,0.3838383838383838,0.4675324675324675,0.10309278350515463,0.1333333333333333,0.26262626262626265,0.2077922077922078,0.026695990035506934,0.04259410369301384,0.2956711986247852,0.3529134207945525
3171,0.38636363636363635,0.46341463414634143,0.16279069767441862,0.2,0.2727272727272727,0.36585365853658536,0.04482226531395632,0.09861280705224455,0.24702498681434598,0.26069351395126267
3172,0.35294117647058826,0.38235294117647056,0.09638554216867469,0.1515151515151515,0.21176470588235297,0.23529411764705882,0.01737344452227641,0.021943235305375956,0.24100092298225825,0.2989289710662333
3173,0.352,0.4086021505376344,0.14634146341463414,0.2197802197802198,0.272,0.3225806451612903,0.0659766850914431,0.07579499970939733,0.21959738756613761,0.24894015151187762
3174,0.4222222222222223,0.28205128205128205,0.22727272727272724,0.052631578947368425,0.3333333333333333,0.20512820512820512,0.15609901106308546,0.01323614238074055,0.40697399899269704,0.16129032258064518
3175,0.42276422764227645,0.4954128440366973,0.21487603305785122,0.24299065420560748,0.24390243902439024,0.2935779816513761,0.1152250231652884,0.03898965473810283,0.32698366535795653,0.33049738219895286
3176,0.4482758620689655,0.14117647058823532,0.19298245614035087,0.024096385542168676,0.2931034482758621,0.11764705882352941,0.07318155097150764,0.007257400383359652,0.3536417391304348,0.08816026410564225
3177,0.5494505494505494,0.6233766233766234,0.15730337078651685,0.3733333333333333,0.37362637362637363,0.5454545454545455,0.13807092677038044,0.29087366430042405,0.39636034606228354,0.49939467312348657
3178,0.5510204081632653,0.24324324324324326,0.2916666666666667,0.05555555555555556,0.3469387755102041,0.16216216216216214,0.12285946074705661,0.01835715308900808,0.5305741740960067,0.2212632494677319
3179,0.3130434782608696,0.5135135135135136,0.17699115044247787,0.16666666666666669,0.20869565217391306,0.24324324324324323,0.05336735125913018,0.020648889844540653,0.26578297517807686,0.28671957671957676
3180,0.6436781609195402,0.56,0.4235294117647058,0.273972602739726,0.5057471264367815,0.39999999999999997,0.2297861750084605,0.013308555259249101,0.4460616016427104,0.2821134868421052
3181,0.46846846846846846,0.5777777777777778,0.23853211009174313,0.2727272727272727,0.39639639639639634,0.42222222222222217,0.148946085216192,0.153358792258232,0.3018608058608059,0.3614026717557252
3182,0.5,0.4838709677419355,0.33333333333333337,0.26666666666666666,0.44999999999999996,0.45161290322580644,0.18624903246567692,0.05351035670358611,0.5138435003631082,0.35336356764928195
3183,0.6346153846153846,0.5263157894736842,0.37254901960784315,0.30107526881720426,0.2692307692307692,0.4421052631578947,0.17877443410551125,0.11608315388032077,0.4816331603453294,0.32011134307585254
3184,0.5490196078431373,0.4948453608247423,0.26,0.14736842105263157,0.17647058823529413,0.26804123711340205,0.048264266831383656,0.021186622194543286,0.36488439306358383,0.339567236221484
3185,0.368,0.45714285714285713,0.19512195121951217,0.27184466019417475,0.32,0.3047619047619048,0.1702326187790791,0.21586453866785144,0.30730730730730726,0.3346251420211358
3186,0.4938271604938271,0.5245901639344263,0.10126582278481013,0.23728813559322037,0.29629629629629634,0.32786885245901637,0.01809628607675671,0.05503741023453833,0.3531645569620253,0.363865612962154
3187,0.4807692307692308,0.4848484848484849,0.17647058823529413,0.16494845360824742,0.32692307692307687,0.30303030303030304,0.07924598793675405,0.03743640245744994,0.36274857954545453,0.31786123853211007
3188,0.4666666666666666,0.4878048780487805,0.20454545454545453,0.2,0.28888888888888886,0.3658536585365854,0.07843602219494288,0.1327426625160751,0.4194936708860759,0.34347602593026244
3189,0.4948453608247422,0.4931506849315069,0.35789473684210527,0.2535211267605634,0.3505154639175258,0.273972602739726,0.22317960076171448,0.06046786022868391,0.5544354838709677,0.3440634920634921
3190,0.55,0.5641025641025642,0.4358974358974359,0.4473684210526315,0.55,0.5641025641025642,0.28054264942570506,0.2951282962744651,0.4582180360437066,0.4608666952115893
3191,0.5174825174825174,0.5862068965517242,0.22695035460992907,0.29824561403508776,0.3916083916083916,0.4482758620689656,0.11901136058825999,0.09948726886229986,0.37017653660220995,0.3745576779076397
3192,0.5511811023622046,0.46464646464646464,0.32,0.26804123711340205,0.4251968503937008,0.3636363636363637,0.2076480006416223,0.14563990699748028,0.4059485530546624,0.2418110101183331
3193,0.5490196078431373,0.5,0.33999999999999997,0.20512820512820512,0.39215686274509803,0.425,0.28287368857556067,0.11272346937830831,0.4466094093592066,0.2997918339917061
3194,0.41739130434782606,0.40909090909090917,0.21238938053097345,0.32558139534883723,0.2608695652173913,0.38636363636363635,0.11735344762898596,0.20735710929378753,0.4001764911992317,0.3485519407431371
3195,0.4571428571428571,0.379746835443038,0.23300970873786409,0.15584415584415587,0.24761904761904763,0.20253164556962025,0.12423665141044295,0.02885684963585886,0.32863275294872824,0.22822085889570554
3196,0.3956043956043956,0.46938775510204084,0.08988764044943821,0.16666666666666666,0.2857142857142857,0.4081632653061224,0.016486383891034698,0.090496034469529,0.3109795724799326,0.37008079896642954
3197,0.4893617021276596,0.5822784810126581,0.2173913043478261,0.2597402597402597,0.3191489361702127,0.4556962025316455,0.12511470357401472,0.16926326427872027,0.41095500176620064,0.4670728169422686
3198,0.3529411764705882,0.3185840707964601,0.1044776119402985,0.12612612612612614,0.1911764705882353,0.15929203539823006,0.05472669549657367,0.04294623479716988,0.20761551373796272,0.16631892697466466
3199,0.4166666666666667,0.41441441441441446,0.15254237288135594,0.14678899082568805,0.2,0.2162162162162162,0.029267700821896298,0.013484364333360305,0.2543822708848765,0.25724970389002005
3200,0.44799999999999995,0.48421052631578954,0.1626016260162602,0.12903225806451613,0.22399999999999998,0.25263157894736843,0.03490547028720251,0.012890953480153533,0.3255673099251407,0.20078010428548157
3201,0.5565217391304348,0.5405405405405405,0.336283185840708,0.3302752293577982,0.41739130434782606,0.37837837837837845,0.13309674428599144,0.11367573270384032,0.2689012787674,0.2626906437447748
3202,0.5142857142857143,0.6046511627906976,0.21359223300970873,0.380952380952381,0.3428571428571428,0.4651162790697675,0.11242051674721616,0.266566921574481,0.3456069696720638,0.4753047034764826
3203,0.34862385321100914,0.36842105263157887,0.16822429906542055,0.1081081081081081,0.2385321100917431,0.2368421052631579,0.05988690693402474,0.01500243980428485,0.35290631291781793,0.1891947271361246
3204,0.35789473684210527,0.417910447761194,0.2365591397849462,0.15384615384615383,0.33684210526315794,0.1791044776119403,0.1561131741999243,0.12027902843652068,0.3674307958477509,0.30694315259615906
3205,0.5481481481481482,0.5737704918032788,0.22556390977443608,0.2833333333333333,0.32592592592592595,0.34426229508196726,0.09411175816023896,0.17140020412363585,0.4116290303103489,0.4327930233042898
3206,0.5436893203883495,0.5225225225225225,0.198019801980198,0.1834862385321101,0.3495145631067962,0.27027027027027023,0.09113180503733423,0.11413597237035725,0.35727887927227764,0.3720667954681872
3207,0.3333333333333333,0.43037974683544306,0.13157894736842105,0.12987012987012989,0.23076923076923075,0.20253164556962025,0.012595484949560398,0.012945692945151917,0.1582521998059487,0.21317767471613625
3208,0.5663716814159292,0.3440860215053763,0.27027027027027023,0.15384615384615385,0.3716814159292036,0.23655913978494625,0.09675063460513192,0.013392164343427023,0.45310457516339864,0.15072546074084928
3209,0.5068493150684932,0.4583333333333333,0.25,0.22535211267605634,0.35616438356164387,0.34722222222222215,0.1674238361836637,0.1536993282460102,0.3097902849071869,0.26106574481656186
3210,0.5000000000000001,0.5252525252525252,0.1475409836065574,0.2268041237113402,0.22580645161290325,0.24242424242424246,0.017997802579930305,0.0666952641966494,0.25776385504892285,0.2539249146757679
3211,0.4485981308411215,0.5116279069767442,0.1904761904761905,0.28571428571428564,0.3177570093457944,0.4418604651162791,0.18534691676629178,0.15993702403365181,0.3101010101010101,0.34930999532200224
3212,0.25,0.10869565217391305,0.0425531914893617,0.02222222222222222,0.14583333333333334,0.08695652173913043,0.012409587310910991,0.009223350291325143,0.1535024154589372,0.09073170731707317
3213,0.25688073394495414,0.3259259259259259,0.09345794392523364,0.09022556390977444,0.18348623853211007,0.17777777777777778,0.025752340710705337,0.020061954485331247,0.14875952060931902,0.20884202051874182
3214,0.5471698113207547,0.35999999999999993,0.25,0.08163265306122448,0.43396226415094336,0.21999999999999997,0.1554549473737452,0.01825253423005915,0.4483598224578155,0.2464675658317277
3215,0.38636363636363635,0.5,0.20930232558139536,0.24242424242424243,0.3181818181818182,0.23529411764705882,0.10029505427333577,0.16592762050343948,0.45713305898491086,0.3735207100591716
3216,0.5825242718446602,0.449438202247191,0.4158415841584158,0.3218390804597701,0.5242718446601942,0.4269662921348315,0.30616418949630747,0.1951090145401801,0.4983724170966969,0.3732828311379954
3217,0.5,0.4835164835164836,0.20634920634920637,0.1797752808988764,0.296875,0.2857142857142857,0.08247524661589911,0.06749837700030831,0.38589010989010986,0.2693822328525524
3218,0.4273504273504274,0.4173913043478261,0.20869565217391303,0.08849557522123895,0.27350427350427353,0.20869565217391306,0.051484961864100884,0.015114641531165554,0.33336559215465467,0.26300789313513007
3219,0.42105263157894735,0.3853211009174312,0.16071428571428573,0.1308411214953271,0.2982456140350877,0.2385321100917431,0.03328837218742591,0.013536518410168837,0.3701178747361013,0.2544447134134862
3220,0.44943820224719105,0.4931506849315069,0.27586206896551724,0.28169014084507044,0.33707865168539325,0.3561643835616438,0.18673082816642872,0.18395123360663257,0.45726309226932665,0.4087988136431043
3221,0.5636363636363637,0.37037037037037035,0.24074074074074073,0.20253164556962022,0.32727272727272727,0.22222222222222227,0.07141816289329643,0.07743505958571852,0.5082822085889571,0.2488908606921029
3222,0.6021505376344086,0.7567567567567569,0.4175824175824176,0.5277777777777778,0.38709677419354843,0.5135135135135135,0.26638310279049954,0.4202368226204034,0.6146260051585495,0.680872103223337
3223,0.564516129032258,0.4444444444444444,0.2786885245901639,0.1590909090909091,0.3709677419354838,0.24444444444444444,0.14068395791500374,0.014251601236152439,0.4483678323640445,0.226480501953962
3224,0.42424242424242425,0.22857142857142856,0.2474226804123711,0.11764705882352941,0.32323232323232326,0.20000000000000004,0.09461481581126671,0.017041223410226687,0.36035162562213174,0.1608002751662463
3225,0.396039603960396,0.4390243902439025,0.0808080808080808,0.15,0.31683168316831684,0.2682926829268293,0.01722162818073382,0.03276671431163052,0.23462525667351136,0.2947629999735638
3226,0.3711340206185567,0.20253164556962022,0.16842105263157894,0.07792207792207792,0.22680412371134023,0.17721518987341772,0.06364272686646505,0.01474489249346001,0.32833238651035485,0.1038961038961039
3227,0.6218487394957983,0.5333333333333334,0.376068376068376,0.29545454545454547,0.42016806722689076,0.37777777777777777,0.25628595987283553,0.12402360556778114,0.4570529228640608,0.3111692645090113
3228,0.43636363636363634,0.3953488372093023,0.3148148148148148,0.16666666666666666,0.3818181818181818,0.3023255813953488,0.15313011546548128,0.039391125878293444,0.3891948704045517,0.23010309278350516
3229,0.3577235772357724,0.46153846153846156,0.08264462809917357,0.2247191011235955,0.1951219512195122,0.1978021978021978,0.011659816403652514,0.015316383534941752,0.20781160757435968,0.2311810406737612
3230,0.5,0.6470588235294118,0.14035087719298245,0.27999999999999997,0.2931034482758621,0.39215686274509803,0.03167834245009222,0.04548063493176487,0.2753161276948591,0.3730936902485659
3231,0.23529411764705882,0.25862068965517243,0.04477611940298508,0.07017543859649122,0.10294117647058824,0.13793103448275862,0.01090348473196663,0.011813164408201866,0.1193278965884575,0.14963863860676876
3232,0.7012987012987012,0.782608695652174,0.5066666666666667,0.5074626865671642,0.4675324675324676,0.37681159420289856,0.30865045220428267,0.35628992109647223,0.6987578923010809,0.6964285714285714
3233,0.3092783505154639,0.37499999999999994,0.12631578947368421,0.12765957446808512,0.18556701030927836,0.25,0.015541094619403327,0.015771985781891956,0.15269677911187346,0.20101570302373517
3234,0.5689655172413792,0.5591397849462365,0.24561403508771928,0.28571428571428575,0.3448275862068966,0.3870967741935483,0.05170669600989922,0.10861345125512853,0.39237628368115945,0.3582297057233336
3235,0.5135135135135135,0.5277777777777778,0.2777777777777778,0.28571428571428575,0.35135135135135137,0.2777777777777778,0.05930861525999154,0.04777531701611283,0.3596447394473096,0.36161539555387023
3236,0.4883720930232558,0.5633802816901409,0.2380952380952381,0.3478260869565218,0.3488372093023256,0.4225352112676056,0.05207451724890547,0.060881276673678965,0.4112645286575092,0.3538595693757711
3237,0.5333333333333333,0.6329113924050633,0.38636363636363635,0.38961038961038963,0.4666666666666667,0.48101265822784817,0.21616618269500948,0.20075500853690936,0.6534447583176396,0.6375943100743393
3238,0.549618320610687,0.5454545454545455,0.29457364341085274,0.3505154639175258,0.366412213740458,0.4242424242424242,0.20345663716316398,0.1146948920951786,0.39916517997169954,0.28343132358843487
3239,0.2318840579710145,0.22429906542056074,0.058823529411764705,0.0380952380952381,0.11594202898550725,0.09345794392523364,0.007890924771861343,0.00941475678741239,0.170021204080953,0.09018036072144289
3240,0.32989690721649484,0.4931506849315069,0.12631578947368424,0.16901408450704225,0.2268041237113402,0.3013698630136986,0.024964314160701582,0.0445846686713744,0.254425377578087,0.3161473087818697
3241,0.4854368932038835,0.3888888888888889,0.1584158415841584,0.1132075471698113,0.31067961165048547,0.20370370370370372,0.015801462292344512,0.011856650750440676,0.2514492960562012,0.22065530652788273
3242,0.4150943396226415,0.4565217391304348,0.21153846153846156,0.24444444444444444,0.30188679245283023,0.36956521739130443,0.0365921382309162,0.03214915498520044,0.30290307101727454,0.2603345549845417
3243,0.2978723404255319,0.32098765432098764,0.10869565217391305,0.10126582278481014,0.21276595744680848,0.14814814814814817,0.028747856009761333,0.0356795945722473,0.2809117944630101,0.17287234042553193
3244,0.6721311475409835,0.5148514851485149,0.4999999999999999,0.36363636363636365,0.45901639344262296,0.47524752475247517,0.21842767581208464,0.17364209566494224,0.468971188977121,0.3441825664047886
3245,0.4,0.3098591549295775,0.19354838709677422,0.08695652173913045,0.2947368421052632,0.22535211267605634,0.1169019673217699,0.01939396682628526,0.344620416128362,0.17652777777777778
3246,0.46846846846846846,0.5116279069767442,0.2018348623853211,0.2142857142857143,0.32432432432432434,0.2558139534883721,0.0358541658622939,0.01650030283169844,0.33420934333828967,0.20768660320088297
3247,0.5037037037037037,0.42201834862385323,0.2556390977443609,0.2990654205607477,0.42962962962962964,0.4036697247706422,0.07489966497180357,0.05629855508747117,0.28166246578312604,0.23622378800213345
3248,0.3893805309734514,0.6027397260273972,0.25225225225225223,0.36619718309859156,0.28318584070796465,0.5205479452054794,0.07927313524763806,0.14765612530106662,0.42065829734908056,0.49216011278768484
3249,0.36220472440944884,0.4615384615384615,0.128,0.1568627450980392,0.28346456692913385,0.3846153846153846,0.06092880899894653,0.03331994413383568,0.2950230442718834,0.21932605769337746
3250,0.2300884955752212,0.5882352941176471,0.05405405405405405,0.303030303030303,0.17699115044247787,0.5294117647058824,0.00816156592159092,0.18084108219203518,0.12690355329949238,0.4092995647012267
3251,0.4444444444444445,0.4642857142857143,0.2641509433962264,0.2727272727272727,0.27777777777777773,0.2857142857142857,0.12434106299952294,0.12933225572429122,0.27030806449357436,0.29440593712805435
3252,0.4566929133858268,0.48648648648648646,0.304,0.25688073394495414,0.3464566929133858,0.2882882882882883,0.19443912822549497,0.13255353575770007,0.35055991234654177,0.30397271268057785
3253,0.43902439024390244,0.5040650406504065,0.14876033057851237,0.18181818181818182,0.2439024390243902,0.3252032520325204,0.03358349936122005,0.03399381252316013,0.3475119204323568,0.3559172695232795
3254,0.4074074074074074,0.2962962962962962,0.22641509433962265,0.10126582278481013,0.2037037037037037,0.19753086419753088,0.04521136412880729,0.010907908267525076,0.31250000000000006,0.1332285115303983
3255,0.390625,0.4363636363636364,0.14285714285714288,0.22222222222222224,0.234375,0.3818181818181818,0.035669338389588294,0.09694964814161738,0.2356122622171739,0.22534552845528455
3256,0.3454545454545454,0.30952380952380953,0.12962962962962962,0.09756097560975609,0.16363636363636366,0.16666666666666669,0.03980516296277347,0.023395640433948577,0.2740331491712707,0.20511783049776972
3257,0.35555555555555557,0.4871794871794871,0.18181818181818182,0.31578947368421056,0.24444444444444444,0.4358974358974359,0.15464615809254448,0.22460980787893145,0.29157043879907624,0.3906327236777064
3258,0.5882352941176471,0.5454545454545455,0.27814569536423844,0.3025210084033614,0.3790849673202615,0.34710743801652894,0.18017286989808745,0.08385705417279836,0.44892655835543765,0.34074053845844277
3259,0.44155844155844154,0.40336134453781514,0.2236842105263158,0.13675213675213674,0.22077922077922077,0.18487394957983194,0.15982107015071068,0.020123648794419066,0.33886936938937773,0.22170487560421717
3260,0.4869565217391304,0.47863247863247865,0.3008849557522124,0.19130434782608696,0.33043478260869563,0.2905982905982906,0.17585253868626305,0.12835595112014928,0.2959883551673944,0.20707400975952878
3261,0.48421052631578954,0.5135135135135135,0.15053763440860213,0.2777777777777778,0.25263157894736843,0.37837837837837834,0.06901641753590684,0.18328445378936453,0.3122850122850122,0.34716037888601037
3262,0.29787234042553196,0.297029702970297,0.05755395683453238,0.06060606060606061,0.15602836879432624,0.17821782178217824,0.01062180316786267,0.013802595938595683,0.24489747452129895,0.17750487329434697
3263,0.4460431654676259,0.3801652892561983,0.20437956204379562,0.18487394957983194,0.3597122302158273,0.2644628099173553,0.12296654449237258,0.07988260192257363,0.37253832780148566,0.208826308521034
3264,0.37383177570093457,0.45,0.11428571428571428,0.10256410256410256,0.2616822429906542,0.19999999999999998,0.01001757146410903,0.016491679768215268,0.23385989010989014,0.23001148050321535
3265,0.42000000000000004,0.23188405797101447,0.24489795918367346,0.08955223880597016,0.33999999999999997,0.1739130434782609,0.11535340779133252,0.036127813370061754,0.41126452865750923,0.1917191100106606
3266,0.37499999999999994,0.35616438356164387,0.12698412698412698,0.11267605633802817,0.25,0.273972602739726,0.025862173618722603,0.035023693497499044,0.33930908411059646,0.25040947926042884
3267,0.5573770491803279,0.7128712871287127,0.26666666666666666,0.34343434343434337,0.29508196721311475,0.3168316831683168,0.10680627176385525,0.14362359494312268,0.4574275362318841,0.57715417407942
3268,0.3805668016194332,0.19900497512437812,0.07346938775510205,0.03015075376884422,0.1700404858299595,0.08955223880597014,0.009511350729420906,0.0005786311408585308,0.16997440163225014,0.057766367137355584
3269,0.40476190476190477,0.39473684210526316,0.0975609756097561,0.10810810810810811,0.19047619047619047,0.21052631578947367,0.020361437565224235,0.021605511298811008,0.2521475118483413,0.28282570954106284
3270,0.4222222222222222,0.4242424242424243,0.25,0.15625,0.3111111111111111,0.30303030303030304,0.07513757183216893,0.02463180237194035,0.40133928571428573,0.2878039513677811
3271,0.48,0.5321100917431193,0.1951219512195122,0.31775700934579443,0.224,0.4403669724770642,0.12588746164946726,0.2123141127292713,0.3607326096304782,0.3935674907731983
3272,0.4901960784313725,0.46511627906976744,0.22,0.2142857142857143,0.3725490196078431,0.34883720930232553,0.12829013611804652,0.10290178416304306,0.4018259412493242,0.26467505241090145
3273,0.2564102564102564,0.34375,0.052631578947368425,0.06451612903225808,0.20512820512820512,0.25,0.012517970592156697,0.014705219861264239,0.1586822329575953,0.15071706798866855
3274,0.2988505747126437,0.393939393939394,0.07058823529411765,0.09375000000000001,0.20689655172413793,0.24242424242424246,0.01290129260451352,0.019306353656132376,0.22680260047281325,0.24021909233176839
3275,0.6548672566371682,0.5360824742268041,0.32432432432432434,0.3157894736842105,0.47787610619469023,0.49484536082474234,0.2007595086617417,0.1660439495247391,0.4733236696904517,0.3192405687515411
3276,0.4864864864864865,0.45,0.3302752293577982,0.2564102564102564,0.43243243243243246,0.25,0.22827705373707982,0.049827361227644466,0.33189033189033196,0.21344872571401946
3277,0.5641025641025642,0.4615384615384615,0.2894736842105263,0.2222222222222222,0.41025641025641024,0.2769230769230769,0.12716046863271474,0.10566315038956177,0.5079293628808864,0.4036458333333333
3278,0.4271844660194175,0.4197530864197531,0.1188118811881188,0.1518987341772152,0.23300970873786409,0.24691358024691357,0.019291932172337635,0.029946763586993067,0.21374633411213692,0.17063837730214035
3279,0.4297520661157025,0.4242424242424242,0.15126050420168066,0.16494845360824742,0.18181818181818182,0.3434343434343435,0.01851552660821484,0.02642325349078221,0.2975280200751286,0.22703367256334947
3280,0.75,0.8210526315789473,0.627906976744186,0.7311827956989247,0.75,0.8210526315789473,0.44193849313424083,0.5774916646415006,0.6020202020202019,0.7488031263692364
3281,0.4271844660194175,0.3908045977011494,0.09900990099009901,0.09411764705882353,0.2524271844660194,0.18390804597701146,0.01789826384446519,0.01653651816726687,0.2821595496069684,0.22013608784968916
3282,0.4409448818897637,0.4222222222222222,0.16000000000000003,0.20454545454545456,0.1889763779527559,0.24444444444444444,0.027178154399807142,0.07882918379068604,0.3357392825896763,0.21527186761229317
3283,0.4027777777777778,0.5,0.15492957746478872,0.23529411764705882,0.2638888888888889,0.3846153846153846,0.08314131939395299,0.14038621717626948,0.26493140186694375,0.39797374128745594
3284,0.18181818181818182,0.21428571428571427,0.0,0.0,0.10606060606060605,0.11904761904761905,0.0038746854543705096,0.005717755918557712,0.08333333333333334,0.0808080808080808
3285,0.5714285714285714,0.41304347826086957,0.20833333333333334,0.15555555555555553,0.30612244897959184,0.23913043478260868,0.10747234966623062,0.06709315439046994,0.4643586601307189,0.3150110247664979
3286,0.42105263157894735,0.5142857142857143,0.1935483870967742,0.2647058823529412,0.2736842105263158,0.34285714285714286,0.05882779117604508,0.09975648968250406,0.38141993957703924,0.3741496598639456
3287,0.5060240963855421,0.3243243243243243,0.24691358024691357,0.08333333333333334,0.3614457831325301,0.16216216216216214,0.15933685980728715,0.07371204547460843,0.3234880450070324,0.19374999999999998
3288,0.8514851485148514,0.8247422680412372,0.7676767676767677,0.6947368421052632,0.6336633663366337,0.6185567010309279,0.539250394048314,0.48960024575100264,0.728835318555299,0.7317682574629663
3289,0.40860215053763443,0.27848101265822783,0.2637362637362637,0.07792207792207792,0.3440860215053763,0.20253164556962025,0.16204461468762177,0.015623726243490557,0.3417960891606984,0.213052698337198
3290,0.27338129496402874,0.3304347826086957,0.0437956204379562,0.07079646017699115,0.14388489208633093,0.17391304347826086,0.019817660419972957,0.01804338586735192,0.12372634643377003,0.14885127341874746
3291,0.38095238095238093,0.35294117647058826,0.08064516129032258,0.04,0.15873015873015875,0.19607843137254902,0.013917197700581755,0.00678886308428743,0.21669521944852344,0.11432926829268293
3292,0.611764705882353,0.5111111111111111,0.4578313253012048,0.36363636363636365,0.611764705882353,0.4888888888888889,0.3368049547705201,0.2762860610365648,0.4914827586206895,0.3563440860215054
3293,0.26262626262626265,0.2894736842105263,0.061855670103092786,0.05405405405405405,0.18181818181818182,0.18421052631578946,0.012066689414595974,0.013555314602787177,0.2552712726060505,0.18072289156626503
3294,0.5185185185185184,0.5309734513274337,0.2556390977443609,0.3063063063063063,0.35555555555555557,0.4070796460176991,0.096652365915819,0.14048147935082791,0.3831562974203339,0.36487284144427
3295,0.574468085106383,0.5806451612903226,0.3695652173913044,0.3076923076923077,0.4042553191489362,0.34408602150537637,0.20713233160919545,0.17417683513331614,0.43137813211845105,0.4505763254693049
3296,0.27350427350427353,0.2900763358778626,0.08695652173913045,0.09302325581395349,0.18803418803418803,0.183206106870229,0.02145794533331065,0.009550449463027315,0.16639667705088265,0.16453382084095064
3297,0.6233766233766234,0.5205479452054794,0.27631578947368424,0.20833333333333334,0.45454545454545453,0.36986301369863017,0.10604777610287623,0.09159968486976613,0.4204031673869057,0.33590360057855007
3298,0.5648854961832059,0.5321100917431192,0.2790697674418604,0.2990654205607476,0.38167938931297707,0.3853211009174312,0.17800760470415317,0.20853727353974813,0.4677337387211245,0.4251246139903329
3299,0.5441176470588235,0.6078431372549019,0.26865671641791045,0.38,0.36764705882352944,0.47058823529411764,0.1766286714459775,0.2748433080213807,0.5197426131117266,0.49548059964726626
3300,0.5,0.4892086330935252,0.26760563380281693,0.16058394160583941,0.34722222222222227,0.3165467625899281,0.1150039016602928,0.026138938407094407,0.2993885313639716,0.2595983313766143
3301,0.45679012345679015,0.49411764705882355,0.15,0.2619047619047619,0.23456790123456792,0.3529411764705882,0.010621318258962457,0.1122739674299448,0.2445372739048389,0.3377942450552084
3302,0.5486725663716814,0.5531914893617021,0.23423423423423423,0.3043478260869565,0.3893805309734513,0.4468085106382978,0.10899023104170305,0.10744730197540452,0.24823414634146337,0.31562500000000004
3303,0.5034965034965035,0.39603960396039606,0.21276595744680854,0.10101010101010102,0.30769230769230765,0.17821782178217818,0.04166378677168471,0.009117834572923027,0.3982716667678423,0.17276934448884268
3304,0.537037037037037,0.382608695652174,0.22641509433962262,0.19469026548672566,0.29629629629629634,0.36521739130434777,0.1676615926038853,0.15074823296968978,0.3779010063668104,0.324837203680481
3305,0.441860465116279,0.34108527131782945,0.1647058823529412,0.12598425196850396,0.23255813953488372,0.18604651162790697,0.060490663720065084,0.07906072996135927,0.351744923857868,0.1841224824407861
3306,0.33898305084745767,0.30303030303030304,0.1206896551724138,0.10309278350515465,0.1864406779661017,0.20202020202020202,0.0512387012671483,0.027913050867886115,0.22842261904761907,0.23336414048059148
3307,0.4919786096256684,0.3538461538461538,0.23783783783783785,0.1875,0.28877005347593576,0.2153846153846154,0.1612138698780733,0.015735377181187626,0.34799330066373046,0.17587106527198693
3308,0.5283018867924527,0.5454545454545454,0.2884615384615385,0.2962962962962962,0.3584905660377358,0.3818181818181817,0.15410241900874425,0.09964655439992519,0.42140625,0.4276944642160753
3309,0.6081081081081081,0.6099290780141843,0.3424657534246575,0.3597122302158273,0.3918918918918919,0.4397163120567376,0.2453422358084678,0.23503812202626398,0.4760904361744697,0.429376567067763
3310,0.2784810126582279,0.26865671641791045,0.07792207792207793,0.030769230769230767,0.20253164556962022,0.1791044776119403,0.012881272187043226,0.013948420003997713,0.19849042182200355,0.13473053892215567
3311,0.407185628742515,0.43243243243243235,0.1212121212121212,0.13698630136986303,0.251497005988024,0.27027027027027023,0.09646272306872918,0.09491002276991745,0.2831035292538916,0.28832090415076883
3312,0.5871559633027523,0.8750000000000001,0.4859813084112149,0.8387096774193549,0.4954128440366973,0.8750000000000001,0.2941136249088941,0.6271796030043226,0.6530472271213013,0.7226823962516734
3313,0.31111111111111106,0.2891566265060241,0.06818181818181819,0.04938271604938272,0.17777777777777778,0.21686746987951808,0.013301506217521594,0.014978640318926921,0.2428313097390855,0.22035601492965834
3314,0.4361702127659574,0.36363636363636365,0.1935483870967742,0.14054054054054055,0.28723404255319157,0.23529411764705885,0.11245789195628154,0.1088836348015636,0.2722547457833337,0.23354200575935904
3315,0.48520710059171596,0.5359477124183006,0.25149700598802394,0.26490066225165565,0.3668639053254438,0.39215686274509803,0.11194586170792732,0.13131209107671685,0.4294111936089357,0.5080077884131938
3316,0.34722222222222227,0.37593984962406013,0.04225352112676056,0.07633587786259541,0.13888888888888887,0.19548872180451127,0.009099639288941804,0.048425227848168426,0.18794920357420353,0.23461666523457633
3317,0.4722222222222223,0.46296296296296297,0.2112676056338028,0.20754716981132074,0.3472222222222222,0.3888888888888889,0.07100104933532067,0.03354778863510775,0.3913787454035751,0.34573643410852717
3318,0.3853211009174312,0.5194805194805194,0.11214953271028037,0.18666666666666665,0.27522935779816515,0.38961038961038963,0.01290671901690339,0.0670777412729187,0.3017780049988639,0.33259181582887315
3319,0.5227272727272726,0.3956043956043956,0.2558139534883721,0.15730337078651685,0.27272727272727276,0.17582417582417584,0.12235041385832085,0.012988310144953831,0.4098633938869666,0.2482550421787351
3320,0.5035971223021583,0.40322580645161293,0.3065693430656934,0.24590163934426226,0.3165467625899281,0.24193548387096775,0.10996114713431276,0.05833858219982658,0.29464718063897966,0.1876007068974479
3321,0.5,0.6060606060606061,0.27906976744186046,0.37500000000000006,0.3181818181818182,0.42424242424242425,0.1533651612747668,0.26256071238598255,0.46885190217391315,0.4393505253104107
3322,0.4475524475524476,0.5176470588235295,0.19858156028368795,0.26506024096385544,0.27972027972027974,0.4,0.02750852930071146,0.08342049512163631,0.2937599206349206,0.2853682224012537
3323,0.38181818181818183,0.46341463414634154,0.20370370370370372,0.175,0.27272727272727276,0.31707317073170727,0.09161640225250331,0.01601945478413652,0.33317174515235465,0.25290868615591394
3324,0.31007751937984496,0.276595744680851,0.11023622047244094,0.13043478260869565,0.186046511627907,0.23404255319148937,0.011753835575173696,0.010083745814783848,0.16745768259609087,0.12329925664347077
3325,0.5185185185185185,0.375,0.3037974683544304,0.12820512820512822,0.46913580246913583,0.2,0.17758148473921068,0.03668091463293841,0.4444691630904367,0.25043960142803856
3326,0.32989690721649484,0.367816091954023,0.25263157894736843,0.2823529411764706,0.32989690721649484,0.367816091954023,0.11384446881987488,0.14858497755610764,0.4950980392156863,0.5949457908163266
3327,0.4948453608247423,0.4545454545454546,0.2105263157894737,0.09302325581395349,0.3092783505154639,0.18181818181818185,0.08177887146452184,0.010815573612744071,0.32007845538737345,0.18704181163021869
3328,0.36781609195402293,0.5483870967741935,0.14117647058823532,0.30000000000000004,0.25287356321839083,0.2580645161290323,0.029909967069885617,0.06968595079568246,0.22875771562030806,0.39068194241982507
3329,0.46875,0.5483870967741936,0.1904761904761905,0.30000000000000004,0.296875,0.4516129032258065,0.13352422465134917,0.16053790848054988,0.4448446961202064,0.38167938931297707
3330,0.39639639639639634,0.5494505494505495,0.1834862385321101,0.24719101123595508,0.27027027027027023,0.2637362637362637,0.07868103002431533,0.12139339664341665,0.27198024767562984,0.38843174320768
3331,0.616822429906542,0.4842105263157895,0.419047619047619,0.30107526881720426,0.5046728971962616,0.3789473684210526,0.18222647731435493,0.13427070784459885,0.4763181069801279,0.34241842610364687
3332,0.4545454545454546,0.5233644859813084,0.2153846153846154,0.36190476190476184,0.30303030303030304,0.42990654205607476,0.17051733821926424,0.17815148032597772,0.39496296296296296,0.3645424862128763
3333,0.5116279069767442,0.5853658536585367,0.1904761904761905,0.19999999999999998,0.37209302325581395,0.34146341463414637,0.05162239813108563,0.05733200051153364,0.4494695700725852,0.42955804002181497
3334,0.6285714285714284,0.7021276595744681,0.44660194174757284,0.4565217391304348,0.38095238095238093,0.5957446808510638,0.3343035892923936,0.303791534530874,0.4913613613613613,0.5468300343430416
3335,0.49504950495049505,0.5641025641025642,0.202020202020202,0.3157894736842105,0.33663366336633666,0.46153846153846156,0.13572731174892658,0.1619658257428174,0.25600225784162023,0.4008988764044944
3336,0.6363636363636364,0.5333333333333332,0.3888888888888889,0.25,0.41818181818181815,0.3555555555555555,0.19877886956283852,0.03713483461927496,0.6077736865978282,0.3183441058787319
3337,0.4492753623188406,0.4794520547945206,0.2058823529411765,0.18055555555555558,0.3768115942028986,0.3150684931506849,0.1072352741129731,0.11554838499769948,0.24437773076710356,0.2559060402684564
3338,0.628099173553719,0.42,0.40336134453781514,0.24489795918367346,0.4132231404958677,0.3,0.28174822554076756,0.1227319618963286,0.46273561507936517,0.1619852093086369
3339,0.43298969072164945,0.4137931034482759,0.16842105263157897,0.1411764705882353,0.39175257731958757,0.2988505747126437,0.09990138331749888,0.08038616175563093,0.44174392111657707,0.3003087047967976
3340,0.4761904761904762,0.33766233766233766,0.23300970873786409,0.16,0.380952380952381,0.25974025974025977,0.09857802458552503,0.09411095351405961,0.40828070010055306,0.28949775605294004
3341,0.5271317829457365,0.5289256198347106,0.2677165354330709,0.21848739495798322,0.43410852713178294,0.34710743801652894,0.2004040974815062,0.12755438250863807,0.403831705484598,0.33520489265399667
3342,0.6016260162601627,0.5567010309278351,0.31404958677685957,0.2947368421052632,0.42276422764227645,0.43298969072164945,0.15785152804295893,0.21617521105241994,0.4202953654046266,0.4451097804391218
3343,0.3181818181818182,0.21212121212121213,0.023255813953488372,0.0,0.1818181818181818,0.0909090909090909,0.005697859151313652,0.007057465338145634,0.19379844961240314,0.09589041095890412
3344,0.25,0.36363636363636365,0.1090909090909091,0.16,0.14285714285714282,0.2337662337662338,0.021434876237106472,0.07574421758634935,0.25294444444444447,0.20383561643835618
3345,0.3728813559322034,0.5,0.12068965517241378,0.3050847457627119,0.15254237288135591,0.4,0.013851899086798472,0.17941044834141223,0.21575912380510084,0.36922367969821673
3346,0.5090909090909091,0.5384615384615384,0.2777777777777778,0.27450980392156865,0.3454545454545454,0.40384615384615385,0.1878477242922932,0.17770129408359708,0.3539768563584858,0.393089552238806
3347,0.5043478260869565,0.5252525252525252,0.2831858407079646,0.26804123711340205,0.34782608695652173,0.42424242424242425,0.12918877974348802,0.13063628559400464,0.3542567330166053,0.3744805085745119
3348,0.6666666666666667,0.7123287671232877,0.4941176470588236,0.5915492957746479,0.5977011494252874,0.684931506849315,0.3369744781064004,0.4002671120019303,0.5886151426622297,0.6166855030491395
3349,0.4745762711864407,0.5299145299145299,0.27586206896551724,0.2956521739130435,0.3559322033898305,0.3247863247863248,0.09186790090409848,0.0919138794160806,0.2914128196892229,0.3023504273504273
3350,0.6526315789473685,0.5405405405405406,0.3655913978494624,0.2777777777777778,0.4421052631578948,0.2702702702702703,0.14499056325962204,0.1578249757984723,0.6108301236281711,0.3617546657712863
3351,0.32989690721649484,0.07142857142857144,0.08421052631578947,0.024390243902439025,0.2061855670103093,0.07142857142857144,0.018844479972703408,0.00841125695201538,0.21804559426229506,0.04192872117400419
3352,0.3137254901960784,0.33766233766233766,0.12,0.10666666666666666,0.21568627450980393,0.25974025974025977,0.026065071671671554,0.04666388090961479,0.31019656019656017,0.35079556609947643
3353,0.5316455696202532,0.5074626865671641,0.23376623376623376,0.3076923076923077,0.3544303797468354,0.4477611940298507,0.17356690431315683,0.2502905917899675,0.35706782713085233,0.37344249986592537
3354,0.4552845528455285,0.47706422018348627,0.1487603305785124,0.18691588785046728,0.3252032520325203,0.3853211009174312,0.0838367668991168,0.10091427120554765,0.32100729927007304,0.34766355140186916
3355,0.4081632653061224,0.4358974358974359,0.1875,0.2105263157894737,0.28571428571428575,0.28205128205128205,0.11354579041038154,0.04353280570243701,0.39938300901756046,0.32604356751824815
3356,0.4102564102564103,0.5242718446601942,0.15652173913043477,0.29702970297029707,0.27350427350427353,0.3689320388349514,0.07739907933856013,0.10364715520743249,0.33830882352941183,0.3
3357,0.2545454545454546,0.3287671232876712,0.055555555555555566,0.11267605633802817,0.18181818181818182,0.2465753424657534,0.019656817947077482,0.03709091243806321,0.30177794780927836,0.2689985795454546
3358,0.6019417475728156,0.627906976744186,0.4752475247524752,0.47619047619047616,0.5631067961165048,0.5813953488372093,0.3159145740226967,0.26412644465141005,0.44237322272301693,0.3927313372171792
3359,0.5961538461538461,0.4565217391304348,0.3333333333333333,0.33333333333333337,0.5192307692307693,0.4565217391304348,0.2548819422495477,0.20542606250242298,0.3712945973496431,0.36024979804884105
3360,0.4731182795698925,0.4594594594594595,0.24175824175824176,0.2777777777777778,0.34408602150537637,0.40540540540540543,0.15314121943693626,0.19751233384233535,0.41157696643976704,0.3274329836829837
3361,0.48484848484848486,0.59375,0.25,0.3870967741935483,0.33333333333333337,0.46874999999999994,0.02116341213085305,0.16596283722815264,0.29872357174988756,0.49151927437641735
3362,0.3137254901960784,0.3513513513513513,0.1,0.1111111111111111,0.2156862745098039,0.24324324324324326,0.02483684876183302,0.03668091463293841,0.35993740219092335,0.28780395136778114
3363,0.48076923076923084,0.3421052631578948,0.21568627450980393,0.16216216216216217,0.3846153846153846,0.2631578947368421,0.04092753383032039,0.05616902633818293,0.3593330525872507,0.10180995475113122
3364,0.336,0.47244094488188976,0.14634146341463414,0.224,0.208,0.2992125984251969,0.14536835919892557,0.20540355208712346,0.22118417375334373,0.40932375506489416
3365,0.5208333333333334,0.3614457831325302,0.3191489361702128,0.12345679012345678,0.31249999999999994,0.2891566265060241,0.16125539728832924,0.021529598963807316,0.4189254152687997,0.2964299841772152
3366,0.33333333333333337,0.45238095238095233,0.2,0.2926829268292683,0.27450980392156865,0.35714285714285715,0.13801624159491693,0.1411374373703858,0.23930849913494812,0.34090909090909094
3367,0.20202020202020202,0.23809523809523808,0.10309278350515465,0.12195121951219512,0.16161616161616163,0.21428571428571427,0.06134227411504095,0.057164390865008304,0.1296938775510204,0.12242151305743201
3368,0.42696629213483145,0.4383561643835616,0.20689655172413793,0.16901408450704225,0.29213483146067415,0.273972602739726,0.10777404963273683,0.10629480219240392,0.34626332364341084,0.34348864994026285
3369,0.5225225225225224,0.5609756097560975,0.33027522935779813,0.4,0.4144144144144144,0.5365853658536586,0.19147265798368787,0.19844338196923478,0.49571049495153935,0.38951965065502187
3370,0.6233766233766234,0.4722222222222222,0.21333333333333335,0.14285714285714285,0.3116883116883117,0.30555555555555564,0.027196801514995272,0.04536034503755799,0.3857306997866171,0.2535903807277628
3371,0.3925233644859813,0.5348837209302325,0.19047619047619044,0.30952380952380953,0.29906542056074764,0.41860465116279066,0.08987742335992183,0.09723876660186274,0.2896853146853147,0.2957686992820034
3372,0.3076923076923077,0.647887323943662,0.15686274509803924,0.37681159420289856,0.23076923076923075,0.5070422535211268,0.09312559955030215,0.2428662778132657,0.2467750677506775,0.49095677174494917
3373,0.4297520661157025,0.5,0.2184873949579832,0.3142857142857143,0.3305785123966942,0.4444444444444444,0.14957949926340353,0.17081484585696532,0.42681512410113664,0.3236607142857143
3374,0.3423423423423424,0.48000000000000004,0.07339449541284404,0.21917808219178084,0.21621621621621623,0.32,0.011484430856273707,0.04587963180071237,0.2604552469135803,0.2883638211382114
3375,0.6741573033707865,0.736842105263158,0.5057471264367817,0.6216216216216216,0.6067415730337079,0.6842105263157895,0.30070216641582925,0.4575081636153503,0.6121843393960071,0.6627853482875137
3376,0.4536082474226804,0.28571428571428564,0.16842105263157894,0.0898876404494382,0.26804123711340205,0.15384615384615385,0.09533208045615421,0.0159214132238323,0.34449064449064454,0.1674549959284093
3377,0.2782608695652174,0.5714285714285714,0.10619469026548672,0.40449438202247195,0.1565217391304348,0.4615384615384615,0.03245867991875759,0.21749887271693566,0.1676528599605523,0.42968750000000006
3378,0.36363636363636365,0.39560439560439564,0.1443298969072165,0.15730337078651685,0.22222222222222224,0.2197802197802198,0.03172217635982493,0.07369695820630162,0.297273917516132,0.2810228246722326
3379,0.5168539325842696,0.5405405405405405,0.20689655172413793,0.27777777777777773,0.33707865168539325,0.4324324324324324,0.10447498658601863,0.12708338987079307,0.3316322094903583,0.39869180662589104
3380,0.4642857142857143,0.4047619047619047,0.2545454545454545,0.19512195121951217,0.19642857142857142,0.23809523809523808,0.11707350405210394,0.09111872371160548,0.2986138700074558,0.27644628099173557
3381,0.5254237288135594,0.4375,0.27586206896551724,0.2978723404255319,0.3050847457627119,0.37500000000000006,0.15959795276414024,0.11625614628219548,0.3379058998675598,0.2652310924369748
3382,0.6229508196721311,0.7294117647058824,0.36666666666666664,0.48192771084337355,0.4426229508196721,0.611764705882353,0.1751859452074677,0.28527402230259585,0.5893273025659649,0.47728561121418256
3383,0.2692307692307692,0.25742574257425743,0.0980392156862745,0.04040404040404041,0.15384615384615385,0.1386138613861386,0.013966786446281463,0.010211263463863605,0.18324607329842935,0.13089005235602094
3384,0.4864864864864864,0.36363636363636365,0.1643835616438356,0.12962962962962962,0.27027027027027023,0.21818181818181817,0.02670067657427865,0.011080914431432491,0.27247937416381746,0.13221115217740637
3385,0.5631067961165048,0.6428571428571429,0.31683168316831684,0.4390243902439025,0.3883495145631068,0.5238095238095238,0.25687717012647804,0.27765776183038143,0.44149723614336744,0.471023052691867
3386,0.4761904761904762,0.4158415841584158,0.2524271844660194,0.2222222222222222,0.34285714285714286,0.297029702970297,0.14958398947022303,0.14943466403925346,0.3589615159863093,0.308305192360639
3387,0.5,0.3783783783783784,0.2941176470588235,0.11009174311926606,0.2692307692307692,0.2702702702702703,0.2298904195083885,0.016372701902751724,0.3057810760667904,0.28850548446069463
3388,0.38333333333333336,0.3762376237623762,0.1016949152542373,0.10101010101010101,0.21666666666666662,0.27722772277227714,0.06263287381685721,0.08198038742154086,0.2639070654193528,0.20670818310936304
3389,0.45783132530120485,0.5352112676056338,0.2222222222222222,0.14492753623188406,0.3132530120481928,0.28169014084507044,0.11012419619306525,0.023422423936805103,0.2944828404743863,0.33477035944561057
3390,0.611111111111111,0.5252525252525252,0.26415094339622636,0.18556701030927836,0.38888888888888884,0.3838383838383838,0.15081810470709056,0.03731708701828627,0.5645682888540031,0.3818551859099804
3391,0.38095238095238093,0.5789473684210528,0.17475728155339806,0.3243243243243243,0.20952380952380953,0.4473684210526316,0.016081980491545893,0.19888834780881684,0.32968213058419243,0.5487904185615315
3392,0.4511278195488721,0.47368421052631576,0.24427480916030533,0.2702702702702703,0.3007518796992481,0.3684210526315789,0.11255793361398793,0.05039890154235392,0.3448527267424906,0.2579071448237885
3393,0.5548387096774193,0.247787610619469,0.20915032679738563,0.05405405405405406,0.21935483870967745,0.1415929203539823,0.037326563418176806,0.00837909486160413,0.33970169522912974,0.12364371374470257
3394,0.4691358024691358,0.4225352112676056,0.20253164556962025,0.31884057971014496,0.2962962962962963,0.3380281690140845,0.0425257311229647,0.050117246628245134,0.3302586295339445,0.31814978117982584
3395,0.2926829268292683,0.4086021505376344,0.11570247933884298,0.17582417582417584,0.16260162601626016,0.2150537634408602,0.025951950949427222,0.037021448371361974,0.13409961685823754,0.23365264473136196
3396,0.5968586387434556,0.5913978494623656,0.2645502645502646,0.28260869565217395,0.29319371727748694,0.3010752688172043,0.13460113163531362,0.14270372883968424,0.40869821156095326,0.3502824858757062
3397,0.4485981308411215,0.4077669902912621,0.20952380952380956,0.15841584158415842,0.3551401869158879,0.2718446601941748,0.11005053166370599,0.10995996992859498,0.29918936215601216,0.2435632688927944
3398,0.3529411764705883,0.29545454545454547,0.13675213675213674,0.09302325581395349,0.1848739495798319,0.13636363636363635,0.08462354636040426,0.02662934648057062,0.2681081081081081,0.19163015493021363
3399,0.5925925925925926,0.6067415730337078,0.43396226415094336,0.367816091954023,0.35185185185185186,0.24719101123595508,0.19168920640837508,0.14835585342062502,0.4841783439490446,0.4494807757967406
3400,0.46956521739130436,0.4235294117647059,0.19469026548672566,0.26506024096385544,0.31304347826086953,0.3529411764705882,0.06531958834855596,0.15453785469865203,0.30721551176096623,0.27292037932790225
3401,0.38596491228070173,0.3058823529411765,0.10714285714285714,0.07228915662650602,0.29824561403508765,0.21176470588235294,0.027353022485232532,0.01653647088370987,0.2405523150627433,0.11703499079189686
3402,0.47619047619047616,0.36893203883495146,0.22580645161290322,0.1188118811881188,0.22222222222222224,0.1941747572815534,0.1534101995914583,0.013720151853931767,0.39039762542644024,0.19778689822635137
3403,0.2857142857142857,0.41025641025641024,0.10256410256410257,0.13157894736842105,0.18487394957983194,0.28205128205128205,0.011419539161359994,0.019519860758964027,0.28829635660492575,0.2497874149659864
3404,0.3787878787878788,0.4403669724770642,0.12307692307692308,0.1869158878504673,0.22727272727272727,0.3302752293577982,0.06478209244169521,0.07059217186586757,0.22407880580957498,0.24254057610152976
3405,0.4954128440366973,0.5858585858585857,0.24299065420560745,0.288659793814433,0.36697247706422015,0.4040404040404041,0.12273047425875236,0.10747358389695852,0.3611650485436893,0.41275690627078887
3406,0.5901639344262295,0.5471698113207548,0.26666666666666666,0.25,0.4426229508196722,0.3773584905660377,0.09876839219716069,0.11217776334080838,0.5512597903888674,0.4144981412639405
3407,0.537037037037037,0.6849315068493151,0.3018867924528302,0.2535211267605634,0.37037037037037035,0.3287671232876712,0.14572336684016876,0.12443740798776369,0.45231622154699075,0.3877477332905399
3408,0.4402515723270441,0.31578947368421056,0.2165605095541401,0.061068702290076333,0.26415094339622636,0.12030075187969924,0.08263098318251878,0.011997574660749088,0.322514265374904,0.17315948801767994
3409,0.5142857142857143,0.4631578947368421,0.27184466019417475,0.17204301075268816,0.36190476190476184,0.27368421052631575,0.10256732621615276,0.03674804193795758,0.37770231899616485,0.2782227516929892
3410,0.582089552238806,0.49056603773584906,0.34848484848484845,0.23076923076923078,0.417910447761194,0.3584905660377358,0.2424889409425822,0.09609197860698862,0.4392834064551237,0.26410028176984474
3411,0.3928571428571429,0.30769230769230765,0.2545454545454546,0.15789473684210525,0.3392857142857143,0.2564102564102564,0.1561392933525485,0.09716364951940167,0.4687500000000001,0.23207720588235295
3412,0.5714285714285715,0.5853658536585367,0.35416666666666663,0.37499999999999994,0.44897959183673475,0.4878048780487805,0.23452485970935508,0.21961370290953694,0.4414931465807805,0.4255661507688956
3413,0.31034482758620685,0.4705882352941176,0.15789473684210528,0.14457831325301204,0.2413793103448276,0.32941176470588235,0.08195487208166434,0.017678762746533527,0.19488451994655467,0.20928707107424463
3414,0.4230769230769231,0.4367816091954023,0.2156862745098039,0.18823529411764706,0.2692307692307692,0.25287356321839083,0.08327916799218553,0.038706605627877554,0.33447871309396293,0.2817520043571709
3415,0.48000000000000004,0.35051546391752575,0.16260162601626016,0.04210526315789474,0.304,0.20618556701030927,0.12849060459016148,0.0074934465128643326,0.26348324832083675,0.1103565365025467
3416,0.5420560747663551,0.6578947368421053,0.26666666666666666,0.3243243243243243,0.37383177570093457,0.4736842105263158,0.06972305591578373,0.09887952592372086,0.4539430617772016,0.44467028436655104
3417,0.4262295081967213,0.4329896907216495,0.16666666666666669,0.2105263157894737,0.22950819672131145,0.288659793814433,0.046141363116533024,0.0907555718607261,0.31291091387245235,0.29443259385665527
3418,0.3,0.32098765432098764,0.12244897959183672,0.1518987341772152,0.19999999999999998,0.2716049382716049,0.01311003698681659,0.035181547884111326,0.19736842105263158,0.23255978291593646
3419,0.5137614678899082,0.5111111111111111,0.20560747663551404,0.18181818181818182,0.2752293577981651,0.24444444444444444,0.031453517403706575,0.028345745906066536,0.3106658571139445,0.29167684717239134
3420,0.37037037037037035,0.35294117647058826,0.07547169811320754,0.06,0.2222222222222222,0.17647058823529413,0.012653759130081703,0.009824761174925502,0.19399405772495756,0.136986301369863
3421,0.4036697247706423,0.3307086614173228,0.14953271028037385,0.12799999999999997,0.3119266055045872,0.25196850393700787,0.09795377193510027,0.03733278295741093,0.22742098645211917,0.3101077010396334
3422,0.32592592592592595,0.38,0.07518796992481201,0.14285714285714285,0.20740740740740743,0.26,0.010921262314535093,0.07507222034536855,0.23740315994740208,0.23229125445191923
3423,0.5645161290322581,0.5333333333333333,0.29508196721311475,0.28813559322033894,0.3225806451612903,0.45,0.14126439924140333,0.19975606620746095,0.4566613561684756,0.38685907829784166
3424,0.32558139534883723,0.37837837837837834,0.14285714285714288,0.11111111111111112,0.20930232558139536,0.21621621621621623,0.03440785446602137,0.02239763783977304,0.20952770952770952,0.30486638537271454
3425,0.45714285714285713,0.4222222222222222,0.36893203883495146,0.22727272727272727,0.26666666666666666,0.3111111111111111,0.18504162837681698,0.1116712350116966,0.6202358982588463,0.41675493726902535
3426,0.4337349397590361,0.2985074626865672,0.19753086419753085,0.0923076923076923,0.2650602409638554,0.208955223880597,0.09592574225031526,0.020904996083879822,0.34641965606508873,0.274206713600653
3427,0.5102040816326531,0.4938271604938272,0.2708333333333333,0.25316455696202533,0.28571428571428575,0.345679012345679,0.07268417959946279,0.09880634191444644,0.45913682277318646,0.38613166481247807
3428,0.5681818181818181,0.29729729729729726,0.41860465116279066,0.16666666666666669,0.5000000000000001,0.27027027027027023,0.19535916118909463,0.04744188024111084,0.5448812618147448,0.2388252021683107
3429,0.4320987654320988,0.3676470588235294,0.1125,0.13432835820895522,0.24691358024691357,0.24999999999999994,0.024449434993126542,0.021500466262486577,0.2501397577061337,0.16081987974033485
3430,0.47058823529411764,0.39436619718309857,0.16,0.20289855072463767,0.27450980392156865,0.2535211267605634,0.09903617910781391,0.09374129824112189,0.3457836928911308,0.22079826332025743
3431,0.4615384615384615,0.5185185185185186,0.15730337078651685,0.25316455696202533,0.3516483516483516,0.4691358024691358,0.026248125595032718,0.04672263439094326,0.20997375328083986,0.3557671681325138
3432,0.3469387755102041,0.4444444444444444,0.125,0.17721518987341772,0.22448979591836732,0.2222222222222222,0.02344459652213126,0.03799772281879578,0.2423029459228554,0.3432099483391973
3433,0.3247863247863248,0.3137254901960784,0.10434782608695653,0.06,0.20512820512820512,0.19607843137254902,0.05743513310039047,0.007575120446877086,0.22580475890625296,0.14108117626342664
3434,0.4,0.4600000000000001,0.1075268817204301,0.163265306122449,0.21052631578947367,0.27999999999999997,0.01333753219251146,0.01708224774585571,0.29293699879210594,0.37273976948292276
3435,0.6504065040650406,0.7228915662650602,0.4132231404958678,0.5925925925925926,0.4227642276422764,0.674698795180723,0.21405814336002235,0.369121710853846,0.5858276789576125,0.5578947368421051
3436,0.3917525773195876,0.3958333333333333,0.23157894736842102,0.2340425531914894,0.32989690721649484,0.25,0.12117155141304674,0.11619330408818382,0.4214885329808625,0.36732012216776755
3437,0.11475409836065574,0.3283582089552239,0.03333333333333333,0.12307692307692308,0.0819672131147541,0.17910447761194026,0.005343599381004469,0.020904996083879822,0.09722222222222222,0.2903365202830443
3438,0.49557522123893816,0.5348837209302326,0.16216216216216214,0.30952380952380953,0.37168141592920356,0.372093023255814,0.09270702581558224,0.18154221287369435,0.37093870043580596,0.40328907551723364
3439,0.4666666666666667,0.5915492957746479,0.27272727272727276,0.28985507246376807,0.3777777777777777,0.4225352112676056,0.08248214647536378,0.14207405313947058,0.2944053281167169,0.45430164257324746
3440,0.35849056603773594,0.36734693877551017,0.11538461538461538,0.10416666666666666,0.16981132075471697,0.14285714285714288,0.02911523868036848,0.018835265299936867,0.2853682224012537,0.21715561224489793
3441,0.5376344086021505,0.647887323943662,0.3076923076923077,0.46376811594202894,0.27956989247311825,0.5352112676056338,0.19468967260410025,0.1850618804478064,0.566750629722922,0.49867021276595747
3442,0.53125,0.6799999999999999,0.5161290322580645,0.6666666666666666,0.53125,0.6799999999999999,0.3178267430456619,0.4592339012220896,0.753868869617225,0.8178084935897435
3443,0.6788990825688073,0.7835051546391752,0.5233644859813084,0.7157894736842105,0.5321100917431192,0.7835051546391752,0.4229771946375643,0.512788342853557,0.6477579061720447,0.687569573283859
3444,0.4301075268817204,0.410958904109589,0.15384615384615385,0.22535211267605634,0.3010752688172043,0.3013698630136986,0.019802883681356832,0.0772738075282321,0.3275742668831789,0.22615811077349535
3445,0.31666666666666665,0.2820512820512821,0.11864406779661017,0.07894736842105264,0.15,0.12820512820512822,0.028876127512688782,0.016236704949219125,0.28498871331828446,0.17121184202444564
3446,0.36538461538461536,0.5609756097560975,0.11764705882352941,0.3,0.23076923076923075,0.46341463414634143,0.08266217382727167,0.16267796770954804,0.24691358024691362,0.395771878072763
3447,0.35398230088495575,0.3880597014925373,0.09009009009009009,0.10606060606060606,0.19469026548672566,0.208955223880597,0.013308561809919003,0.046124791164561536,0.20967706186138269,0.2329006595416907
3448,0.4770642201834862,0.5052631578947367,0.22429906542056074,0.2795698924731183,0.36697247706422015,0.4,0.11066130143259383,0.13989444532410023,0.44779173559415497,0.38438804634915225
3449,0.6391752577319588,0.6052631578947368,0.3368421052631579,0.4594594594594595,0.26804123711340205,0.2894736842105263,0.19115543108748362,0.19209584319949924,0.48523206751054865,0.3888511798841824
3450,0.7050359712230215,0.49557522123893805,0.437956204379562,0.32432432432432434,0.3597122302158274,0.24778761061946902,0.22821374770817163,0.06874438267806525,0.4058785896133704,0.26536917506297225
3451,0.453125,0.38,0.17460317460317462,0.16326530612244897,0.25,0.26,0.014261314771543888,0.0076037321830148856,0.24241588181441948,0.15176956858692844
3452,0.4666666666666667,0.6027397260273972,0.2272727272727273,0.4507042253521127,0.37777777777777777,0.5753424657534246,0.15146825617322526,0.3204304475751425,0.42571984355560444,0.5036415944500108
3453,0.4931506849315068,0.38888888888888884,0.16666666666666669,0.16981132075471697,0.2054794520547945,0.12962962962962962,0.014593854488175838,0.009542444903488798,0.23320578231292513,0.17913150812440562
3454,0.5087719298245614,0.47706422018348627,0.25,0.2616822429906542,0.368421052631579,0.3853211009174312,0.1649686786508681,0.15560306145603603,0.2784064570665067,0.30502694058045676
3455,0.6265060240963857,0.42962962962962964,0.45121951219512196,0.2556390977443609,0.43373493975903615,0.2518518518518518,0.28997403588528414,0.06423982311364691,0.46083840894742883,0.250839895676116
3456,0.4227642276422765,0.45999999999999996,0.115702479338843,0.1020408163265306,0.26016260162601623,0.3,0.010340851987636068,0.012436923988150203,0.3150656814449918,0.31907799884659754
3457,0.21428571428571427,0.3106796116504854,0.09090909090909093,0.1188118811881188,0.1607142857142857,0.23300970873786406,0.02427107088765663,0.06262411456218506,0.216181506849315,0.28070448070448073
3458,0.5087719298245614,0.5370370370370371,0.35714285714285715,0.3018867924528302,0.368421052631579,0.4444444444444445,0.16734867684552002,0.2624705167243928,0.4121996303142329,0.4897388059701492
3459,0.5333333333333333,0.31884057971014496,0.38636363636363635,0.20895522388059704,0.5111111111111111,0.31884057971014496,0.2751856680262019,0.16481122236875415,0.5865643727627396,0.19400476257178878
3460,0.5157232704402516,0.5555555555555556,0.26751592356687903,0.26760563380281693,0.26415094339622647,0.2361111111111111,0.08901828489121534,0.08020338118591,0.2931440084468668,0.32861594695283397
3461,0.7017543859649122,0.6521739130434783,0.5207100591715976,0.5294117647058822,0.584795321637427,0.6231884057971016,0.417450952585951,0.3901005232190688,0.5901964002965717,0.4944047236503857
3462,0.47524752475247534,0.4166666666666667,0.16161616161616163,0.02857142857142857,0.31683168316831684,0.2777777777777778,0.07839621745254671,0.008443697501460457,0.40385207580974786,0.24037480576962314
3463,0.43971631205673756,0.5757575757575758,0.2014388489208633,0.3384615384615385,0.3120567375886525,0.45454545454545453,0.12333712417049571,0.23648192684709327,0.39180162114597084,0.48379556813812863
3464,0.31147540983606553,0.32,0.08333333333333334,0.11382113821138211,0.18032786885245902,0.208,0.019228288272890654,0.01888520265284449,0.17091729944838036,0.16987670706208885
3465,0.5233644859813084,0.5416666666666667,0.26666666666666666,0.2765957446808511,0.3177570093457944,0.35416666666666663,0.0428891331543061,0.04591143339376908,0.4801949234671084,0.4147699311023622
3466,0.49645390070921985,0.4885496183206107,0.2589928057553957,0.21705426356589147,0.2411347517730496,0.22900763358778628,0.1523794259896628,0.11437040848522027,0.34285269835488374,0.31584362139917693
3467,0.54320987654321,0.7096774193548387,0.5316455696202532,0.7000000000000001,0.54320987654321,0.7096774193548387,0.34463188675706485,0.5058728473635777,0.7355067813288837,0.8344579397210976
3468,0.6486486486486487,0.5289256198347106,0.3853211009174312,0.21848739495798322,0.5045045045045046,0.36363636363636365,0.23266541684590059,0.12208341426598106,0.5887827970793549,0.447505803748372
3469,0.42748091603053434,0.3853211009174312,0.15503875968992248,0.16822429906542055,0.22900763358778625,0.25688073394495414,0.07663112132365171,0.10453699271407757,0.3325552358721025,0.2735314658182665
3470,0.32380952380952377,0.3720930232558139,0.11650485436893204,0.18897637795275593,0.19047619047619047,0.2790697674418604,0.016827157210056964,0.14593854488175842,0.21970274909407947,0.3486521610558591
3471,0.46551724137931033,0.4444444444444444,0.28070175438596495,0.2830188679245283,0.3793103448275862,0.35185185185185186,0.19642298604324865,0.1965551813173371,0.2721283422459893,0.266852521599357
3472,0.6324786324786325,0.4158415841584158,0.3826086956521739,0.1616161616161616,0.4615384615384615,0.31683168316831684,0.3053631994455631,0.03859593362065227,0.5257954983022368,0.27212883977812174
3473,0.42187500000000006,0.39252336448598135,0.1746031746031746,0.1523809523809524,0.328125,0.3738317757009346,0.0374388546586133,0.0292793682664592,0.3233296113972745,0.22831548599670512
3474,0.4413793103448275,0.3559322033898305,0.16783216783216784,0.15517241379310345,0.2620689655172414,0.1864406779661017,0.03611803495663775,0.0430860925265672,0.27841221657376536,0.1742207642828761
3475,0.5542168674698795,0.47058823529411764,0.39506172839506176,0.1927710843373494,0.38554216867469876,0.21176470588235294,0.18103478132850126,0.07838844608918004,0.4691143559165532,0.3298305457746479
3476,0.4705882352941176,0.1627906976744186,0.3,0.02380952380952381,0.39215686274509803,0.09302325581395349,0.1758480148176843,0.010084926831171558,0.41308557127878587,0.07322175732217573
3477,0.3132530120481928,0.29268292682926833,0.14814814814814817,0.15,0.2891566265060241,0.26829268292682923,0.07401568312803569,0.07554258316326161,0.3387966696339739,0.3197937212360289
3478,0.45454545454545453,0.4096385542168675,0.20930232558139533,0.22222222222222224,0.29545454545454547,0.21686746987951808,0.04413542720414658,0.05155470075336248,0.39793013234841484,0.36868608764570565
3479,0.4,0.3333333333333333,0.09090909090909091,0.09375,0.2222222222222222,0.21212121212121213,0.015558197187775485,0.0371749241029078,0.32163975948066975,0.27969537584922205
3480,0.540983606557377,0.5166666666666667,0.2666666666666667,0.22033898305084745,0.32786885245901637,0.3333333333333333,0.11338589648790282,0.15244163883935113,0.36271105826397143,0.3540665064102564
3481,0.5252525252525252,0.6804123711340206,0.3505154639175258,0.4631578947368421,0.4444444444444445,0.49484536082474223,0.29328914364808006,0.360056585428503,0.4765489900831696,0.6058293569111777
3482,0.34408602150537637,0.32323232323232326,0.08791208791208792,0.06185567010309278,0.2150537634408602,0.14141414141414144,0.03366968963248573,0.016602979347393815,0.23396226415094337,0.2099124020285846
3483,0.4918032786885246,0.5686274509803921,0.15,0.22,0.22950819672131145,0.29411764705882354,0.030682039918291663,0.039632029432700326,0.20661157024793386,0.25678918067870593
3484,0.38596491228070173,0.2105263157894737,0.23214285714285715,0.053571428571428575,0.2631578947368421,0.14035087719298245,0.14148214950884797,0.00952741110691353,0.26853473438412145,0.1490870240870241
3485,0.37606837606837606,0.4380952380952381,0.19130434782608693,0.27184466019417475,0.27350427350427353,0.3619047619047619,0.11115985341838273,0.0928774819234299,0.19442700704470953,0.2292681567803356
3486,0.3488372093023256,0.38095238095238093,0.11904761904761904,0.13114754098360656,0.20930232558139533,0.2222222222222222,0.014727093431436971,0.038826119307114604,0.2978817931667049,0.24879879879879882
3487,0.4752475247524752,0.42352941176470593,0.1616161616161616,0.16867469879518074,0.21782178217821782,0.2823529411764706,0.048045246748671604,0.040076445883839934,0.356084068964375,0.2762967139175258
3488,0.3418803418803419,0.4175824175824176,0.17391304347826086,0.2247191011235955,0.2564102564102564,0.2197802197802198,0.055249495473166876,0.030989439600214993,0.2841986498786408,0.2883720930232559
3489,0.23728813559322032,0.2686567164179105,0.05172413793103449,0.06060606060606061,0.1694915254237288,0.13432835820895525,0.047912155681418565,0.022596790951169617,0.14626146625897743,0.20775623268698057
3490,0.5354330708661418,0.4957264957264957,0.224,0.2434782608695652,0.36220472440944884,0.3247863247863248,0.12759694299505836,0.12018728452381666,0.34992361679987605,0.3394488183204316
3491,0.5034013605442176,0.5401459854014599,0.2068965517241379,0.2962962962962963,0.3129251700680272,0.3941605839416058,0.07733053604980998,0.20482016471723374,0.37785411194180646,0.4777777777777777
3492,0.3458646616541353,0.4307692307692308,0.183206106870229,0.25000000000000006,0.2556390977443609,0.30769230769230765,0.08692796979551191,0.11993738957940196,0.29523809523809524,0.37799401197604793
3493,0.2857142857142857,0.4086021505376344,0.07766990291262135,0.1758241758241758,0.1523809523809524,0.1935483870967742,0.013989518287167822,0.09164862152596781,0.24554298909237166,0.3006083930295178
3494,0.6491228070175439,0.7358490566037735,0.5714285714285714,0.6923076923076923,0.631578947368421,0.6792452830188679,0.49261202179812,0.5168471903441381,0.5492871628549943,0.6048345500881915
3495,0.5252525252525252,0.5454545454545454,0.41237113402061853,0.35051546391752575,0.48484848484848486,0.505050505050505,0.1969471810025616,0.14983840136903456,0.32479701319414245,0.3469355324622011
3496,0.5272727272727272,0.6206896551724138,0.18518518518518517,0.39999999999999997,0.32727272727272727,0.4597701149425288,0.041402034414218226,0.18031604732904036,0.3772410358565737,0.42780769855706546
3497,0.43537414965986393,0.44094488188976383,0.19310344827586204,0.16,0.34013605442176864,0.2677165354330709,0.10429171845733926,0.021211598732225705,0.2839813624678663,0.18795108009835854
3498,0.4235294117647059,0.40579710144927533,0.1927710843373494,0.208955223880597,0.28235294117647064,0.34782608695652173,0.03484913991633375,0.10851085046680037,0.3774757922535211,0.3837719298245614
3499,0.48571428571428565,0.4786324786324787,0.2463768115942029,0.26086956521739135,0.3,0.3076923076923077,0.11961978418979523,0.019908534781208614,0.27471362154907975,0.22211111111111112
3500,0.43478260869565216,0.3617021276595745,0.13333333333333333,0.13043478260869565,0.30434782608695654,0.25531914893617025,0.014373928004880665,0.013085607656744666,0.3031200631911533,0.2509581367924528
3501,0.5957446808510638,0.7272727272727273,0.34782608695652173,0.5333333333333333,0.3617021276595745,0.4415584415584415,0.1949838237957949,0.23387369218799814,0.5275229357798166,0.5693685083416493
3502,0.5526315789473685,0.5,0.18918918918918917,0.17948717948717946,0.2631578947368421,0.3,0.10176523358537859,0.08648916696944979,0.3848093859392496,0.41283817765253417
3503,0.4070796460176991,0.7339449541284404,0.16216216216216217,0.48598130841121495,0.21238938053097345,0.6238532110091743,0.0923758477311554,0.2719947916046463,0.31993547782343107,0.5878443745643467
3504,0.4222222222222223,0.41935483870967744,0.1818181818181818,0.16666666666666666,0.17777777777777778,0.2903225806451613,0.08004346927090178,0.03498042570094777,0.3786589357523613,0.23287473194708813
3505,0.5263157894736841,0.5079365079365079,0.2595419847328244,0.24193548387096775,0.406015037593985,0.25396825396825395,0.13613904194748538,0.10284705829908111,0.3084929807063663,0.268349386827538
3506,0.3302752293577982,0.3529411764705882,0.11214953271028036,0.14457831325301204,0.23853211009174313,0.18823529411764706,0.014774310980141163,0.028952201909008574,0.19308736217133163,0.2000282892100238
3507,0.44897959183673475,0.4554455445544554,0.27083333333333337,0.24242424242424243,0.32653061224489793,0.31683168316831684,0.21347288910540466,0.18832510482300396,0.31525423728813556,0.400110422885143
3508,0.39999999999999997,0.5555555555555556,0.1935483870967742,0.3142857142857143,0.3368421052631579,0.5277777777777778,0.0852157555385807,0.16776974914462361,0.3558961816109423,0.4175744371822804
3509,0.5714285714285714,0.5057471264367817,0.4545454545454546,0.3764705882352941,0.5357142857142857,0.4597701149425288,0.34453292568821114,0.2948978498692003,0.6523809296508798,0.4177663438256659
3510,0.4114285714285715,0.5252525252525253,0.12716763005780346,0.28865979381443296,0.22857142857142856,0.4646464646464647,0.09099838702055689,0.11383183840266171,0.39050871202171433,0.2947998368163394
3511,0.48695652173913045,0.4395604395604396,0.21238938053097345,0.1797752808988764,0.3304347826086957,0.3956043956043956,0.10487918057187125,0.07149662484108898,0.3691698572920292,0.2943058221369162
3512,0.3191489361702128,0.36871508379888274,0.08602150537634408,0.12429378531073447,0.1702127659574468,0.16759776536312848,0.048599474656251966,0.061380392127767885,0.16993472306414314,0.2180240979491945
3513,0.4301075268817204,0.3838383838383838,0.2857142857142857,0.22680412371134023,0.3440860215053763,0.2828282828282828,0.17306234579696222,0.10948204849306496,0.3460514249435666,0.25385764061722255
3514,0.49586776859504134,0.48,0.31932773109243695,0.22448979591836732,0.2644628099173554,0.2,0.14056063244167843,0.03809486458902984,0.38215911775094974,0.28892024457434656
3515,0.3578947368421052,0.568421052631579,0.23655913978494625,0.45161290322580644,0.23157894736842108,0.46315789473684216,0.1110614410290541,0.2803975094366752,0.27597792176625874,0.4829213005016407
3516,0.5909090909090909,0.6285714285714287,0.3384615384615385,0.42718446601941745,0.5303030303030304,0.5904761904761905,0.19326869642070435,0.29060392127951656,0.589787054975069,0.5122098703314703
3517,0.5146198830409356,0.47407407407407404,0.2366863905325444,0.2406015037593985,0.23391812865497075,0.26666666666666666,0.11341081428577594,0.09999427949133975,0.3691939937729195,0.3005806330165654
3518,0.5040650406504066,0.4864864864864865,0.2644628099173554,0.2385321100917431,0.35772357723577236,0.2342342342342342,0.03307486897796766,0.04572973061331043,0.32124352331606215,0.3599374021909233
3519,0.6078431372549019,0.47826086956521735,0.32,0.26666666666666666,0.3921568627450981,0.3695652173913043,0.15560013076555723,0.16994097849129067,0.390256,0.37620061574765407
3520,0.5396825396825398,0.7435897435897435,0.3387096774193548,0.5263157894736842,0.2698412698412699,0.4615384615384615,0.15354039457419213,0.21735067816442133,0.5181086404312569,0.49586311599256155
3521,0.54,0.3373493975903615,0.28571428571428575,0.14814814814814817,0.36,0.26506024096385544,0.17603995399529382,0.014399631798929707,0.44642962595519015,0.21939432989690724
3522,0.41379310344827586,0.42622950819672134,0.1958041958041958,0.16666666666666666,0.2896551724137931,0.24590163934426232,0.11692362405456158,0.034407640645282615,0.31493370907224577,0.24330843706777314
3523,0.6382978723404255,0.6666666666666667,0.4347826086956522,0.4657534246575342,0.5106382978723404,0.4799999999999999,0.22566387211500544,0.26694928258982287,0.5849087995219275,0.5111495311094933
3524,0.3695652173913044,0.4878048780487805,0.08888888888888888,0.17500000000000002,0.19565217391304346,0.3170731707317074,0.01569867927993345,0.03492842818071085,0.17862570560138946,0.298599394767146
3525,0.5688073394495413,0.5391304347826087,0.31775700934579443,0.26548672566371684,0.4587155963302752,0.43478260869565216,0.1996409409337806,0.12555000630534552,0.4777842410970154,0.4424681349408091
3526,0.34328358208955223,0.3673469387755103,0.030303030303030304,0.020833333333333332,0.1940298507462687,0.16326530612244897,0.009240248103148035,0.004644010117538078,0.189360400244754,0.11764705882352941
3527,0.3853211009174312,0.34210526315789475,0.1495327102803738,0.18918918918918923,0.18348623853211007,0.3157894736842105,0.031029503770065827,0.14464063790722656,0.33069155846387555,0.198346027479092
3528,0.39639639639639646,0.38636363636363635,0.12844036697247707,0.16279069767441862,0.23423423423423426,0.27272727272727276,0.029636174392139614,0.026838829353553178,0.26269908585430213,0.2000282892100238
3529,0.36190476190476184,0.39534883720930236,0.11650485436893204,0.16666666666666669,0.1904761904761905,0.20930232558139533,0.013438778484202137,0.016298208030308663,0.29217014800992774,0.329923896499239
3530,0.5607476635514019,0.5,0.36190476190476184,0.3404255319148936,0.5046728971962617,0.47916666666666663,0.14461542552210357,0.09514684355843983,0.3675668358714043,0.24699111663005063
3531,0.5652173913043478,0.631578947368421,0.19999999999999998,0.35135135135135137,0.34782608695652173,0.5,0.03885673820841033,0.2663543027831226,0.350920856147337,0.482045982950142
3532,0.3414634146341463,0.29885057471264365,0.025,0.07058823529411765,0.14634146341463417,0.2528735632183908,0.012138611630770825,0.02519820294120627,0.24194259836499438,0.18465909090909088
3533,0.24074074074074076,0.2962962962962963,0.03773584905660378,0.05063291139240506,0.11111111111111112,0.19753086419753085,0.010320361584657317,0.005741127521052406,0.12072434607645875,0.11677282377919322
3534,0.42857142857142855,0.46875,0.16129032258064516,0.1904761904761905,0.2222222222222222,0.296875,0.07367927927215863,0.07258743254158241,0.3019669563937906,0.3213521339544253
3535,0.4426229508196721,0.43749999999999994,0.08333333333333333,0.1276595744680851,0.1639344262295082,0.3333333333333333,0.023663531649375232,0.01810400615272466,0.2982069551794722,0.2859378196515556
3536,0.411764705882353,0.39534883720930236,0.24,0.14285714285714282,0.2549019607843137,0.20930232558139536,0.08070632004040003,0.018960168674640343,0.29354338779943145,0.2147991581050228
3537,0.37623762376237624,0.4470588235294118,0.10101010101010101,0.16867469879518074,0.15841584158415845,0.23529411764705882,0.012436923988150203,0.08139457119898307,0.2548150605931333,0.2403272631301135
3538,0.6868686868686869,0.5116279069767442,0.37113402061855666,0.21428571428571427,0.46464646464646464,0.32558139534883723,0.2319228068707475,0.105474709758757,0.45127292340884567,0.3033821553568763
3539,0.5148514851485149,0.5813953488372093,0.3434343434343434,0.30952380952380953,0.33663366336633666,0.3953488372093023,0.1696157276594996,0.16639260327155247,0.4548143633136731,0.4125018584991823
3540,0.5287356321839081,0.44943820224719105,0.25882352941176473,0.20689655172413793,0.2298850574712644,0.35955056179775285,0.1369455013333537,0.11927159214143492,0.453972602739726,0.45004466665165255
3541,0.5128205128205128,0.5510204081632654,0.20869565217391303,0.22916666666666666,0.2564102564102564,0.2653061224489796,0.09103526405546068,0.1325206634560205,0.3823039613048869,0.39936593793757624
3542,0.5306122448979592,0.3661971830985916,0.3541666666666667,0.11594202898550725,0.3673469387755102,0.22535211267605634,0.22414150180762454,0.022271699342591638,0.5915119363395226,0.2852676169983862
3543,0.4318181818181818,0.3333333333333333,0.14942528735632182,0.0704225352112676,0.27272727272727276,0.2222222222222222,0.07688749373546322,0.0030446330777816636,0.25797142052007965,0.124
3544,0.5629629629629629,0.47524752475247517,0.3157894736842105,0.202020202020202,0.3407407407407407,0.3564356435643564,0.16987980316506568,0.06179607831942264,0.45300985740262223,0.26146001000933305
3545,0.5789473684210527,0.49504950495049505,0.4642857142857142,0.30303030303030304,0.5263157894736842,0.3366336633663366,0.3252059353075835,0.13803704198321173,0.3634731632920542,0.24961260330578508
3546,0.4786324786324786,0.44000000000000006,0.1391304347826087,0.14285714285714285,0.18803418803418806,0.24,0.01317961799993062,0.03167394972235001,0.2285389221556886,0.20274903130132504
3547,0.4948453608247423,0.4736842105263158,0.3368421052631579,0.2702702702702703,0.3917525773195877,0.4473684210526316,0.20827255265073888,0.1180173283116315,0.4523199414294866,0.32896662763466045
3548,0.4050632911392405,0.34210526315789475,0.12987012987012989,0.16216216216216214,0.25316455696202533,0.34210526315789475,0.019987674398104806,0.08202101859611703,0.34307065217391297,0.33865607522088026
3549,0.2105263157894737,0.297029702970297,0.021505376344086023,0.0606060606060606,0.08421052631578947,0.1386138613861386,0.0066623100211245685,0.012988310144953831,0.14044516554276731,0.18020692757534865
3550,0.4220183486238532,0.3962264150943396,0.1308411214953271,0.11538461538461539,0.27522935779816515,0.2075471698113208,0.024221550676036763,0.027518086108832933,0.2535815359735626,0.23177570093457947
3551,0.5116279069767442,0.5070422535211268,0.26190476190476186,0.23188405797101447,0.2558139534883721,0.3380281690140845,0.049257222033400126,0.046567920384284534,0.39998542061525005,0.36062737534743894
3552,0.48717948717948717,0.4000000000000001,0.2631578947368421,0.29411764705882354,0.43589743589743585,0.4000000000000001,0.1482046445185629,0.15981499842626973,0.3331163194444445,0.226201002063071
3553,0.5811965811965811,0.6436781609195403,0.2956521739130435,0.3764705882352941,0.3247863247863248,0.39080459770114945,0.14238112878337986,0.12644954477385936,0.5378290399738083,0.5125142405431168
3554,0.5,0.3617021276595745,0.19607843137254902,0.13043478260869565,0.3269230769230769,0.29787234042553196,0.019318228433688155,0.01738274826151757,0.3717279297347764,0.257312440645774
3555,0.46017699115044247,0.43373493975903615,0.14414414414414414,0.14814814814814814,0.24778761061946908,0.2891566265060241,0.05769148710946391,0.06928958165870165,0.2660635011885371,0.25676380004738214
3556,0.6185567010309277,0.43678160919540227,0.3157894736842105,0.2588235294117647,0.45360824742268047,0.39080459770114945,0.1751312976612664,0.17227882631803196,0.5430309278350516,0.2952380952380953
3557,0.631578947368421,0.6862745098039216,0.3392857142857143,0.44000000000000006,0.3859649122807018,0.47058823529411764,0.19979796312079953,0.2084712693643383,0.5160214263613861,0.4746273676119097
3558,0.2982456140350877,0.40476190476190477,0.10714285714285714,0.14634146341463414,0.1754385964912281,0.21428571428571427,0.05983375887662024,0.012468674975387244,0.19488324175824176,0.19460116508417044
3559,0.33707865168539325,0.35135135135135137,0.06896551724137932,0.05555555555555556,0.15730337078651685,0.16216216216216214,0.012644818102024216,0.01659010282962189,0.17015706806282724,0.16348773841961853
3560,0.4675324675324676,0.46376811594202894,0.26666666666666666,0.20895522388059704,0.44155844155844154,0.40579710144927533,0.14043414718624156,0.14652552879986394,0.4240954163383241,0.3472222222222223
3561,0.441860465116279,0.5135135135135135,0.35714285714285715,0.3888888888888889,0.4186046511627907,0.5135135135135135,0.19540586412237712,0.2629381431910012,0.517638036809816,0.54461634630411
3562,0.41379310344827586,0.35999999999999993,0.15789473684210528,0.1020408163265306,0.15517241379310345,0.13999999999999999,0.0184161559339494,0.01576695878940515,0.34041983318814895,0.2894879027283209
3563,0.606060606060606,0.6666666666666667,0.37113402061855666,0.3529411764705882,0.4444444444444445,0.41379310344827586,0.15079507529633762,0.20169234629092989,0.4178910315273952,0.5060318732193732
3564,0.3539823008849558,0.1263157894736842,0.16216216216216214,0.06451612903225808,0.19469026548672566,0.0631578947368421,0.03886014932082902,0.0040554104888491085,0.24998033972947467,0.049019607843137254
3565,0.42603550295857995,0.3652173913043478,0.15568862275449102,0.10619469026548672,0.2603550295857988,0.2608695652173913,0.06904786203826814,0.009506467098306307,0.28163070600322915,0.1408166876376219
3566,0.35000000000000003,0.45528455284552843,0.05084745762711864,0.1322314049586777,0.2,0.2601626016260163,0.009166918996505171,0.06867537383273538,0.14792899408284024,0.28378215191402006
3567,0.4423076923076923,0.4269662921348315,0.27450980392156865,0.18390804597701152,0.25,0.17977528089887637,0.13401149931260442,0.11574329385058073,0.3181703629032258,0.23155393472985975
3568,0.26666666666666666,0.22535211267605634,0.06779661016949153,0.057971014492753624,0.11666666666666668,0.16901408450704225,0.010434641360195734,0.012810581240878633,0.17045454545454547,0.08997429305912596
3569,0.29906542056074764,0.2935779816513761,0.0761904761904762,0.13084112149532712,0.1308411214953271,0.1651376146788991,0.014734890673119451,0.06621693913646423,0.18314796905222436,0.26761046761046764
3570,0.5794392523364486,0.5454545454545454,0.34285714285714286,0.28865979381443296,0.4672897196261682,0.40404040404040403,0.22313229789276287,0.1724719859736889,0.6186677928761445,0.534424889822841
3571,0.3442622950819672,0.32989690721649484,0.15,0.10526315789473685,0.2786885245901639,0.22680412371134023,0.04516128720933482,0.015047393727010075,0.25679639029892837,0.2705288175876411
3572,0.3389830508474576,0.39999999999999997,0.10344827586206898,0.18181818181818182,0.18644067796610167,0.24444444444444444,0.01637743400945205,0.020392003703396007,0.2352296348857625,0.1650918542976571
3573,0.3815789473684211,0.29411764705882354,0.12,0.04477611940298507,0.2236842105263158,0.14705882352941177,0.02911748277192159,0.011309713056498517,0.2822933566732132,0.14947216465628707
3574,0.3870967741935483,0.46296296296296297,0.13114754098360656,0.20754716981132076,0.24193548387096778,0.3703703703703703,0.024218349654720986,0.04634703033402808,0.30491803278688523,0.3377422116611045
3575,0.4580152671755725,0.40625,0.17054263565891473,0.11111111111111112,0.22900763358778625,0.1875,0.03586063705152589,0.028667064983379946,0.3123686804065043,0.2715773106225306
3576,0.5915492957746479,0.6808510638297872,0.4714285714285715,0.60431654676259,0.5774647887323943,0.6524822695035462,0.26374345044491493,0.3338896717118567,0.44913505248650987,0.5016375702670868
3577,0.43956043956043955,0.6666666666666666,0.2111111111111111,0.4021739130434783,0.23076923076923075,0.47311827956989244,0.12580825400970452,0.29289424037346484,0.28754656857002264,0.5319078633513364
3578,0.4367816091954023,0.32,0.1411764705882353,0.136986301369863,0.20689655172413796,0.18666666666666668,0.06881570893204274,0.0842868260641553,0.3169005847953217,0.21588117042662494
3579,0.4576271186440678,0.411764705882353,0.13793103448275862,0.08,0.22033898305084745,0.17647058823529413,0.027144819335923127,0.03561082557217342,0.24925809352517983,0.23600861008610086
3580,0.46511627906976744,0.38095238095238093,0.21428571428571427,0.0975609756097561,0.32558139534883723,0.2619047619047619,0.09574437304762153,0.015395110159015185,0.27155473610655084,0.14778325123152708
3581,0.33986928104575165,0.3225806451612903,0.052980132450331126,0.06557377049180327,0.1830065359477124,0.1935483870967742,0.010126528266541576,0.009737960167701077,0.15151515151515152,0.12875536480686697
3582,0.5904761904761905,0.5535714285714286,0.27184466019417475,0.27272727272727276,0.34285714285714286,0.25,0.09880177230676102,0.14802701706134175,0.41069590596551253,0.44776635869753273
3583,0.3181818181818182,0.33082706766917286,0.09230769230769231,0.15267175572519082,0.19696969696969696,0.2706766917293233,0.06865254896209416,0.10398441821381961,0.24554455445544554,0.31368725414383214
3584,0.3734939759036145,0.3357664233576642,0.13414634146341464,0.07407407407407407,0.21686746987951808,0.145985401459854,0.031912446150422075,0.0182339515578681,0.2725449282578242,0.14071736453201975
3585,0.47619047619047616,0.6067415730337078,0.1941747572815534,0.3448275862068966,0.2857142857142857,0.35955056179775274,0.10364960585773488,0.18253194773255654,0.4722434782608695,0.5022522522522522
3586,0.5106382978723405,0.5121951219512195,0.28260869565217395,0.25,0.4042553191489361,0.3902439024390244,0.056599279911151684,0.06332591889035478,0.47205145951227456,0.3867543507221247
3587,0.32857142857142857,0.30656934306569344,0.08695652173913045,0.08888888888888889,0.2285714285714286,0.24817518248175185,0.009513442851950773,0.01116655120317169,0.25289689781021896,0.2340699815837937
3588,0.4539007092198582,0.5874125874125875,0.28776978417266186,0.3687943262411348,0.3829787234042554,0.5034965034965035,0.18421505736152013,0.19507922892774482,0.42279931093884576,0.49459843912190987
3589,0.617283950617284,0.5151515151515151,0.27499999999999997,0.18461538461538463,0.3827160493827161,0.196969696969697,0.14681138095759122,0.07961936854301815,0.39745179839891764,0.2919993586660253
3590,0.6250000000000001,0.512,0.4507042253521127,0.3252032520325203,0.5555555555555555,0.39999999999999997,0.38254330254617097,0.19561151316717565,0.5369402122648875,0.30760837634814714
3591,0.45977011494252873,0.3333333333333333,0.18823529411764706,0.14634146341463414,0.36781609195402293,0.28571428571428575,0.029593266148370437,0.06407123783602851,0.30651791557591623,0.249835092348285
3592,0.48979591836734687,0.4878048780487805,0.22916666666666666,0.3,0.24489795918367344,0.2926829268292683,0.04702872272010625,0.14156577441241233,0.3106471816283925,0.25116155582105404
3593,0.42592592592592593,0.4098360655737705,0.32075471698113206,0.25,0.3888888888888889,0.3278688524590164,0.25429675702401094,0.2443856503824937,0.29417282500530195,0.3593048232767037
3594,0.5087719298245614,0.5869565217391305,0.32142857142857145,0.39999999999999997,0.38596491228070173,0.3695652173913044,0.23092412228115683,0.1425692714646792,0.4971590909090909,0.3563523683045596
3595,0.5714285714285715,0.6021505376344085,0.2682926829268293,0.37362637362637363,0.380952380952381,0.43010752688172044,0.11152418657706384,0.1524397039408325,0.4555296919828939,0.5112757268278642
3596,0.6730769230769231,0.36781609195402304,0.4117647058823529,0.16470588235294117,0.40384615384615385,0.2298850574712644,0.20905684716939285,0.013849511799249587,0.42643221202854215,0.18166357452071735
3597,0.48888888888888893,0.4358974358974359,0.1818181818181818,0.18421052631578946,0.37777777777777777,0.358974358974359,0.035956836861930505,0.12193682667259291,0.33154904306220095,0.3300588823891626
3598,0.4074074074074074,0.41304347826086957,0.1320754716981132,0.08888888888888888,0.2222222222222222,0.21739130434782608,0.01558655424651675,0.018932608413777807,0.2609856262833675,0.21047759680867476
3599,0.3220338983050848,0.27522935779816515,0.06896551724137931,0.09345794392523366,0.2033898305084746,0.23853211009174313,0.02230899771083231,0.018386624887405494,0.18338783246204152,0.17452712792434044
3600,0.5137614678899083,0.5376344086021506,0.2616822429906542,0.2417582417582418,0.4036697247706423,0.3870967741935484,0.054140921606798745,0.046154112450336404,0.40780141843971635,0.3703525811464976
3601,0.3247863247863248,0.2857142857142857,0.1217391304347826,0.0898876404494382,0.20512820512820512,0.2197802197802198,0.04496938653515312,0.0111851888957889,0.21930543414918413,0.1699942721544882
3602,0.5504587155963302,0.5434782608695652,0.24299065420560748,0.2888888888888889,0.2935779816513761,0.43478260869565216,0.0477062046423398,0.04188437532486181,0.35368656460912545,0.3157155456832064
3603,0.5473684210526315,0.5,0.27956989247311825,0.3658536585365854,0.3368421052631579,0.47619047619047616,0.13450149468636763,0.2611545985997424,0.40191552214798315,0.3156890660592255
3604,0.5405405405405406,0.45161290322580644,0.2201834862385321,0.2197802197802198,0.4324324324324324,0.3225806451612903,0.09862456382221935,0.06392365904403055,0.3171031637143409,0.2624338624338624
3605,0.42276422764227645,0.42857142857142855,0.1487603305785124,0.21818181818181817,0.22764227642276422,0.32142857142857145,0.014687493797671675,0.07346562288034465,0.26536741525654667,0.24646039651191634
3606,0.48936170212765956,0.3760683760683761,0.2173913043478261,0.15652173913043477,0.425531914893617,0.2735042735042735,0.1421945775300172,0.10539531692471218,0.3532871245536652,0.31140753628791906
3607,0.5,0.46666666666666673,0.18181818181818182,0.2727272727272727,0.28571428571428575,0.39999999999999997,0.04216970631961694,0.16502552170018886,0.3034398764258555,0.3397328652532843
3608,0.34,0.30588235294117644,0.04081632653061224,0.04819277108433735,0.13999999999999999,0.16470588235294117,0.011263578495880047,0.008581785786289488,0.14814814814814814,0.1142857142857143
3609,0.45,0.449438202247191,0.20512820512820512,0.25287356321839083,0.3,0.3146067415730337,0.09517889238328606,0.07521958494877985,0.3065934065934066,0.35734374999999996
3610,0.38202247191011235,0.2790697674418605,0.09195402298850575,0.09523809523809526,0.24719101123595505,0.20930232558139533,0.010713693374200367,0.022726660336363096,0.24221809936095648,0.22606355014404977
3611,0.5490196078431373,0.45925925925925926,0.3178807947019867,0.2105263157894737,0.47058823529411764,0.32592592592592595,0.21491917941795502,0.03651668984984682,0.5105646099415472,0.32100214855739717
3612,0.5405405405405406,0.46808510638297873,0.33027522935779813,0.17391304347826086,0.45045045045045046,0.2765957446808511,0.19184672450845472,0.014183880928283368,0.37121700992026596,0.2329390714013183
3613,0.49382716049382713,0.48000000000000004,0.2531645569620253,0.21917808219178084,0.3950617283950617,0.29333333333333333,0.12581466580653436,0.13119218236185948,0.4505050505050505,0.3288569313735857
3614,0.35365853658536583,0.4552845528455284,0.12345679012345678,0.29752066115702475,0.2195121951219512,0.37398373983739835,0.012981420932169752,0.15192086609329622,0.227646408839779,0.28361627906976744
3615,0.4918032786885246,0.5252525252525252,0.09999999999999999,0.14432989690721648,0.21311475409836067,0.32323232323232326,0.016975323607928985,0.05803590158689017,0.27093618546135956,0.25669976245003623
3616,0.4235294117647059,0.3516483516483516,0.1686746987951807,0.15730337078651685,0.2823529411764706,0.24175824175824173,0.016311818236764853,0.028232017871523418,0.2692069736821232,0.25308276344838726
3617,0.5423728813559322,0.3157894736842105,0.2413793103448276,0.10752688172043011,0.3728813559322034,0.21052631578947367,0.11216053244207473,0.05528531857679482,0.3546348314606741,0.15053372387898326
3618,0.5054945054945055,0.4318181818181818,0.20224719101123598,0.20930232558139536,0.3736263736263736,0.3636363636363636,0.09027070761435277,0.1088557316565812,0.4518788802430601,0.34887093733230845
3619,0.4732824427480916,0.3064516129032258,0.20155038759689925,0.13114754098360654,0.22900763358778625,0.17741935483870966,0.08773014549651934,0.08354086836009615,0.3458651281096842,0.26196443489676574
3620,0.5660377358490566,0.5555555555555556,0.2884615384615385,0.3409090909090909,0.33962264150943394,0.4222222222222222,0.18390750352940172,0.20151013409474852,0.4915192743764173,0.34699607631332313
3621,0.3486238532110092,0.38834951456310673,0.1869158878504673,0.19801980198019803,0.29357798165137616,0.3106796116504854,0.14525403642720022,0.13998473712918336,0.2264051332033788,0.2286616627701899
3622,0.4065040650406504,0.3235294117647059,0.1487603305785124,0.08955223880597013,0.2439024390243902,0.22058823529411764,0.04391336798274051,0.0293343421274841,0.2668875925427066,0.18297093888680221
3623,0.33043478260869563,0.24444444444444444,0.10619469026548672,0.06818181818181818,0.20869565217391306,0.17777777777777778,0.02557798090193286,0.007603097636290777,0.1888324873096447,0.13450292397660815
3624,0.4583333333333333,0.44155844155844154,0.2553191489361702,0.16,0.29166666666666663,0.3116883116883117,0.08136784489844648,0.03920885062443168,0.325207756232687,0.29621764907080156
3625,0.4523809523809524,0.45901639344262296,0.17073170731707316,0.20338983050847456,0.23809523809523808,0.26229508196721313,0.030999373127217372,0.04678308753048598,0.3814199395770393,0.30643203883495146
3626,0.4142857142857143,0.358974358974359,0.14492753623188406,0.12173913043478261,0.22857142857142856,0.25641025641025644,0.08232701615158478,0.04963501402803547,0.2500624219725343,0.15239477503628446
3627,0.4915254237288136,0.36,0.2758620689655172,0.20408163265306123,0.37288135593220334,0.33999999999999997,0.2488734430283526,0.12972016965684438,0.39685903204036377,0.25496628099885804
3628,0.5806451612903227,0.5263157894736842,0.3137254901960784,0.25954198473282447,0.2838709677419355,0.3458646616541354,0.15962390623309886,0.11822987143118238,0.32067950923602234,0.2657357060471247
3629,0.4230769230769231,0.5,0.1568627450980392,0.2727272727272727,0.21153846153846154,0.4117647058823529,0.015114361003491571,0.14485424487272766,0.41756719734559083,0.3665200948193185
3630,0.4695652173913043,0.5909090909090908,0.2654867256637168,0.3255813953488372,0.2782608695652174,0.2954545454545454,0.12956515860131917,0.24004674675806598,0.47411226611226615,0.5085864332603938
3631,0.6486486486486487,0.6451612903225806,0.36697247706422015,0.39560439560439564,0.4144144144144144,0.4946236559139785,0.13720817452869502,0.30998889506508187,0.5111936970417721,0.4934768137853344
3632,0.49557522123893805,0.4230769230769231,0.2162162162162162,0.15686274509803924,0.17699115044247785,0.1923076923076923,0.09804949872286338,0.01503448618616896,0.24513196751568844,0.18326237706594292
3633,0.5825242718446603,0.5,0.31683168316831684,0.24444444444444444,0.4660194174757281,0.3695652173913044,0.1383634550089963,0.03740796121615092,0.4802800422705314,0.24966442953020132
3634,0.39639639639639646,0.5333333333333333,0.25688073394495414,0.3181818181818182,0.2522522522522523,0.3333333333333333,0.23275681950224372,0.21884773449179562,0.3523280696576151,0.35961124917371623
3635,0.5599999999999999,0.5714285714285715,0.3877551020408163,0.3658536585365854,0.25999999999999995,0.28571428571428575,0.2350632034602753,0.1754620917925279,0.4473224852071006,0.3685950413223141
3636,0.32692307692307687,0.3835616438356164,0.0784313725490196,0.11267605633802817,0.21153846153846154,0.21917808219178084,0.013523279745521118,0.01916176567358649,0.2576046621021273,0.1518987341772152
3637,0.5581395348837208,0.5833333333333334,0.3464566929133858,0.3829787234042553,0.2790697674418604,0.4375,0.2133226871046068,0.16424070870235008,0.4568947046219773,0.3605722124240643
3638,0.41221374045801523,0.41441441441441446,0.15503875968992248,0.12844036697247704,0.3206106870229008,0.23423423423423423,0.08603736791079789,0.015821373022301313,0.259887115798914,0.24594453165881738
3639,0.6436781609195402,0.5348837209302325,0.4470588235294118,0.35714285714285715,0.5517241379310346,0.46511627906976744,0.2410526345634853,0.22468702742402302,0.5946666666666668,0.4442359249329759
3640,0.39316239316239315,0.5,0.19130434782608693,0.2558139534883721,0.23931623931623933,0.31818181818181823,0.11676925497947503,0.14977151174659703,0.3273614463609189,0.3504789670970428
3641,0.2698412698412698,0.2564102564102564,0.11290322580645161,0.12173913043478261,0.22222222222222224,0.2564102564102564,0.01302097862335947,0.008845081634738442,0.1197370151216305,0.09565991982976194
3642,0.47872340425531923,0.4205128205128205,0.25806451612903225,0.18652849740932642,0.2978723404255319,0.23589743589743592,0.08851819350147762,0.06368446611610896,0.3061327996635683,0.2237676056338028
3643,0.6206896551724138,0.592,0.3356643356643356,0.2926829268292683,0.2482758620689655,0.272,0.2390082810714713,0.1304911233310433,0.452250562854921,0.3764532847737778
3644,0.4421052631578947,0.3409090909090909,0.23655913978494622,0.11627906976744186,0.3578947368421052,0.20454545454545459,0.141797696960404,0.017949537741057408,0.3108271162245297,0.24343002858627852
3645,0.3571428571428571,0.37894736842105264,0.14545454545454545,0.1075268817204301,0.25,0.23157894736842105,0.07053208849847216,0.0146217404784109,0.2371329146991848,0.20478714961429792
3646,0.6410256410256411,0.7341772151898734,0.4736842105263158,0.5454545454545454,0.4615384615384615,0.5063291139240507,0.28761604244499783,0.2990549891904406,0.5813359885971917,0.6399786096256684
3647,0.380952380952381,0.4242424242424242,0.11290322580645161,0.12371134020618557,0.22222222222222224,0.18181818181818182,0.015134287671907443,0.013235702898446933,0.2397790385586352,0.21462527964205813
3648,0.5585585585585585,0.45528455284552843,0.2568807339449541,0.21487603305785125,0.25225225225225223,0.22764227642276422,0.07234020505426306,0.10587034050659129,0.29711902221359976,0.29702803726882865
3649,0.47328244274809156,0.41379310344827586,0.23255813953488372,0.1754385964912281,0.33587786259541985,0.3103448275862069,0.12747319680375563,0.09347213909443011,0.295983739242567,0.20239978902953587
3650,0.4626865671641791,0.47058823529411764,0.22727272727272727,0.19402985074626863,0.28358208955223885,0.338235294117647,0.015312152286823278,0.014208284798098759,0.25560916351904317,0.2103562228257702
3651,0.43956043956043955,0.6,0.2247191011235955,0.32653061224489793,0.3956043956043956,0.36,0.10854865070565436,0.21062974803186515,0.20190329218106992,0.4105540372150494
3652,0.39751552795031053,0.46715328467153283,0.26415094339622647,0.2962962962962963,0.36024844720496896,0.364963503649635,0.204556952313804,0.18297409955722985,0.3033780668495996,0.3662392728980298
3653,0.4260355029585799,0.3015873015873016,0.2155688622754491,0.04838709677419355,0.31952662721893493,0.2222222222222222,0.15537378249784087,0.010435807114665631,0.35605073782034014,0.1703753351206434
3654,0.4558823529411765,0.3582089552238806,0.2388059701492537,0.13636363636363635,0.3235294117647059,0.29850746268656714,0.12397093732561491,0.03315795193115925,0.3362823439878235,0.2051659245122985
3655,0.40366972477064217,0.3943661971830986,0.18691588785046728,0.17391304347826086,0.3486238532110092,0.3380281690140845,0.038557661365662806,0.046829575625808195,0.3871495327102804,0.29449248975876197
3656,0.28965517241379307,0.3157894736842105,0.09790209790209789,0.08108108108108107,0.23448275862068962,0.2105263157894737,0.01682344911336408,0.0141688995626106,0.30320335019307115,0.15128254333781108
3657,0.7092198581560283,0.6474820143884892,0.460431654676259,0.4233576642335766,0.5673758865248227,0.5035971223021581,0.3298504069946353,0.31245424907021413,0.5233410515690599,0.47897096893491126
3658,0.36036036036036034,0.449438202247191,0.1651376146788991,0.2528735632183908,0.23423423423423423,0.24719101123595505,0.08385186336450336,0.07704808033768885,0.1943695872489405,0.2383773376597148
3659,0.5168539325842696,0.43037974683544306,0.29885057471264365,0.15584415584415584,0.4044943820224719,0.3291139240506329,0.20223322445648179,0.04577153103133635,0.47573333333333334,0.3040871934604905
3660,0.5786163522012578,0.5294117647058824,0.38216560509554137,0.2835820895522388,0.46540880503144655,0.411764705882353,0.26321437930385516,0.210949145652287,0.5167970443564863,0.3456823470744681
3661,0.6075949367088608,0.6865671641791045,0.44155844155844154,0.4615384615384615,0.45569620253164556,0.5074626865671641,0.3088599198865628,0.28880540544113037,0.5465476980838352,0.5334026021551752
3662,0.3838383838383838,0.3953488372093023,0.16494845360824742,0.21428571428571427,0.24242424242424246,0.2558139534883721,0.06589643437224546,0.10179749051803136,0.19101123595505617,0.229479046520569
3663,0.38,0.36585365853658536,0.1836734693877551,0.125,0.24,0.17073170731707318,0.02872319364304312,0.03652080056941777,0.28947649572649575,0.25485586342009514
3664,0.36363636363636365,0.3214285714285714,0.13846153846153844,0.09090909090909091,0.22727272727272727,0.25,0.09095543810542642,0.011038649355658183,0.2673482510288066,0.17830553199509946
3665,0.5510204081632654,0.6823529411764706,0.31250000000000006,0.4578313253012048,0.32653061224489793,0.4,0.16766575252827823,0.13156906165485696,0.40944487667127705,0.43356929637526653
3666,0.40384615384615385,0.4109589041095891,0.1372549019607843,0.16901408450704225,0.2692307692307692,0.21917808219178084,0.05470149065417338,0.09656070527673881,0.3706449900221526,0.2769550470548894
3667,0.4193548387096774,0.37362637362637363,0.11475409836065575,0.17977528089887637,0.2580645161290323,0.24175824175824176,0.06137803780610145,0.10301159963112949,0.2998759621773059,0.21884116968586742
3668,0.5957446808510638,0.4999999999999999,0.391304347826087,0.1891891891891892,0.42553191489361697,0.2631578947368421,0.20009705279274811,0.02196337023675701,0.37407568508046973,0.17184257003261527
3669,0.4329896907216495,0.6075949367088608,0.1473684210526316,0.38961038961038963,0.24742268041237114,0.32911392405063294,0.027229785033830372,0.15754161260335206,0.2748990062556463,0.3815384615384615
3670,0.4793388429752066,0.380952380952381,0.2352941176470588,0.17475728155339806,0.2809917355371901,0.2857142857142857,0.18414213398207907,0.14621889407316663,0.3197019687645089,0.23649744027303748
3671,0.27848101265822783,0.17948717948717946,0.1558441558441558,0.026315789473684213,0.2278481012658228,0.17948717948717946,0.13549417140176467,0.011562497201211533,0.29782588279489114,0.13624768089053804
3672,0.3333333333333333,0.35514018691588783,0.10294117647058823,0.11428571428571427,0.2028985507246377,0.205607476635514,0.010795023016268281,0.01505058590607595,0.24578728641394604,0.21070544554455445
3673,0.49056603773584906,0.45238095238095233,0.2692307692307692,0.21951219512195122,0.26415094339622647,0.3333333333333333,0.1889973050560633,0.14809102550755904,0.3497288167527993,0.255050505050505
3674,0.5060240963855421,0.5757575757575758,0.2962962962962962,0.4375,0.40963855421686746,0.5151515151515151,0.15662356496103805,0.2928956130681867,0.45996004545015706,0.48342349840477195
3675,0.6470588235294118,0.6349206349206349,0.49253731343283574,0.45161290322580644,0.5441176470588236,0.47619047619047616,0.33576025373990015,0.32352902306256437,0.612228714524207,0.5952531179674847
3676,0.5054945054945056,0.32786885245901637,0.24719101123595508,0.10169491525423728,0.26373626373626374,0.16393442622950818,0.14569536614923942,0.030857801557371084,0.4221445426431576,0.18087392550143266
3677,0.36,0.2682926829268293,0.16326530612244897,0.09999999999999999,0.28,0.17073170731707318,0.08496143264866135,0.012465051151575143,0.28608706720977595,0.15796178343949044
3678,0.37999999999999995,0.40909090909090917,0.10204081632653061,0.13953488372093023,0.3,0.3181818181818182,0.024444458988757196,0.030282756553424387,0.27144451530612246,0.24758429276315788
3679,0.3655913978494624,0.4,0.13186813186813187,0.1794871794871795,0.25806451612903225,0.35000000000000003,0.029851724406289293,0.04577153103133635,0.2742014742014742,0.2548583786381521
3680,0.26582278481012656,0.28358208955223885,0.07692307692307691,0.06060606060606061,0.189873417721519,0.14925373134328357,0.01051917553482883,0.01835396837405667,0.15373331463169462,0.1621714209936936
3681,0.36170212765957444,0.29333333333333333,0.13043478260869565,0.0547945205479452,0.1702127659574468,0.23999999999999996,0.026752894491451386,0.008205862818753113,0.19523697931923367,0.15128254333781108
3682,0.4897959183673469,0.48000000000000004,0.37499999999999994,0.28571428571428575,0.4285714285714286,0.3,0.33515006072727277,0.18958250526913664,0.4337807847099157,0.40812854442344043
3683,0.37999999999999995,0.32608695652173914,0.1020408163265306,0.06666666666666667,0.24000000000000002,0.21739130434782608,0.02667506438502291,0.014422230040316385,0.26396733460445365,0.16252141458639255
3684,0.42028985507246375,0.4242424242424242,0.08823529411764706,0.09230769230769231,0.23188405797101452,0.24242424242424246,0.022878034481339442,0.024542186836157758,0.28734331382502876,0.2811491712707182
3685,0.3898305084745763,0.36734693877551017,0.15517241379310348,0.08333333333333333,0.2711864406779661,0.2653061224489796,0.09353467606010248,0.016806174048129553,0.3430799799324039,0.25279973649538867
3686,0.27522935779816515,0.26666666666666666,0.07476635514018692,0.07766990291262137,0.16513761467889906,0.20952380952380953,0.041323645775204976,0.044718575062449854,0.27555555555555555,0.2631412366435408
3687,0.47761194029850756,0.5166666666666666,0.22727272727272727,0.25423728813559326,0.20895522388059704,0.29999999999999993,0.04982856300360744,0.05921682699219164,0.4432450729652474,0.4742507573306668
3688,0.45669291338582674,0.44036697247706424,0.23999999999999996,0.26168224299065423,0.3307086614173228,0.34862385321100914,0.15271435888409898,0.16938159096673056,0.25578425480769235,0.25419613204974467
3689,0.43478260869565216,0.45283018867924524,0.1592920353982301,0.15384615384615383,0.2782608695652174,0.28301886792452824,0.03784341959813539,0.06049385342081438,0.23007599983388016,0.2446897126197418
3690,0.37593984962406013,0.35514018691588783,0.10687022900763359,0.1142857142857143,0.1804511278195489,0.18691588785046728,0.012265264379896609,0.014251117838838673,0.22981240738760486,0.1721899849559424
3691,0.707482993197279,1.0,0.7034482758620689,1.0,0.707482993197279,1.0,0.44525324456620363,0.7518862556784756,0.7864172780424478,0.8552128808149086
3692,0.44247787610619466,0.32380952380952377,0.18018018018018017,0.09708737864077671,0.3185840707964602,0.22857142857142856,0.029892327198149576,0.013052887239773957,0.2726555063683201,0.1681285747219813
3693,0.4081632653061224,0.5205479452054794,0.08333333333333333,0.16901408450704225,0.2040816326530612,0.35616438356164387,0.011016900404738557,0.03985706284498283,0.26137938299717184,0.31741108354011577
3694,0.43373493975903615,0.5277777777777778,0.19753086419753088,0.11428571428571428,0.26506024096385544,0.3055555555555555,0.08829955694030693,0.039922172052552746,0.3616153955538702,0.2665213349858357
3695,0.45454545454545453,0.46428571428571425,0.23076923076923078,0.16363636363636364,0.3484848484848485,0.3392857142857143,0.02929106005885503,0.028293637696341443,0.27174019607843136,0.28035503256141414
3696,0.403361344537815,0.43010752688172044,0.06837606837606837,0.0879120879120879,0.21848739495798322,0.21505376344086022,0.012326342189642448,0.017796972176658047,0.21442495126705655,0.19507186858316222
3697,0.42201834862385323,0.37777777777777777,0.11214953271028037,0.06818181818181818,0.29357798165137616,0.22222222222222224,0.01119609575761098,0.013332536636813998,0.16159695817490496,0.1372549019607843
3698,0.2893081761006289,0.46268656716417905,0.1273885350318471,0.2878787878787879,0.2389937106918239,0.4029850746268656,0.08343205860817846,0.18665552363845914,0.19039735099337746,0.45722553881229017
3699,0.5321100917431193,0.5277777777777778,0.2616822429906542,0.3142857142857143,0.3853211009174312,0.33333333333333337,0.08391134692998245,0.15944894328863862,0.4639348689365733,0.32455012853470433
3700,0.21333333333333332,0.338235294117647,0.04054054054054054,0.11940298507462685,0.10666666666666666,0.20588235294117646,0.0074612818956740845,0.07001290018181691,0.1686057907706093,0.2817256081575208
3701,0.45925925925925926,0.4230769230769231,0.19548872180451127,0.21568627450980393,0.3111111111111111,0.3269230769230769,0.1533420044451288,0.1746840394486694,0.33626557996529016,0.24552483109284676
3702,0.3243243243243243,0.4883720930232558,0.12844036697247704,0.16666666666666666,0.21621621621621623,0.2790697674418605,0.026912992152558917,0.014153393502926296,0.24610136452241715,0.19398356958762888
3703,0.3669724770642202,0.33333333333333337,0.1869158878504673,0.19642857142857145,0.27522935779816515,0.2631578947368421,0.04529322110572509,0.08690366549516547,0.3270153762329431,0.2892230250168153
3704,0.4418604651162791,0.4285714285714286,0.11904761904761905,0.14634146341463417,0.3255813953488372,0.33333333333333337,0.07498804358507438,0.030999373127217372,0.3959232493559503,0.39808086924344865
3705,0.4625,0.49612403100775193,0.16455696202531647,0.2677165354330709,0.33749999999999997,0.40310077519379844,0.1719394695492178,0.1576707838501239,0.3907312592128407,0.327609496141961
3706,0.41958041958041953,0.40322580645161293,0.15602836879432624,0.16393442622950818,0.3076923076923077,0.29032258064516125,0.030348579370787485,0.07109275262040066,0.27115350644762404,0.21811570877404557
3707,0.6605504587155963,0.24324324324324326,0.37383177570093457,0.1111111111111111,0.4770642201834862,0.18918918918918917,0.16968542799377312,0.010354244989231045,0.5057874958914879,0.11313220940550131
3708,0.4833333333333333,0.42222222222222217,0.2033898305084746,0.13636363636363638,0.35000000000000003,0.28888888888888886,0.11114924776032006,0.013202705002848598,0.3671364061040175,0.21763911477695164
3709,0.5203252032520325,0.4888888888888888,0.3305785123966943,0.28571428571428575,0.3089430894308943,0.39999999999999997,0.25568602319708744,0.18661335135302395,0.5175932150322764,0.4193542702054915
3710,0.5954198473282443,0.7377049180327868,0.40310077519379844,0.5666666666666667,0.47328244274809156,0.6557377049180328,0.2923985246776253,0.36909202141818676,0.41224416588612756,0.5791898878112955
3711,0.4112149532710281,0.425531914893617,0.1904761904761905,0.19565217391304346,0.1869158878504673,0.2127659574468085,0.03705628823020739,0.10947700139910493,0.32179664980692885,0.260204081632653
3712,0.509433962264151,0.48387096774193544,0.3269230769230769,0.3666666666666667,0.41509433962264153,0.4193548387096774,0.20901603792314377,0.22898058680703795,0.5781098153547134,0.36799826313504125
3713,0.4719101123595506,0.375,0.11494252873563218,0.07692307692307691,0.24719101123595505,0.17500000000000002,0.01944445266996902,0.01593392807266056,0.2463926655206543,0.22805573842440205
3714,0.5714285714285714,0.608695652173913,0.3053435114503817,0.2794117647058823,0.3609022556390977,0.3623188405797102,0.14797526590944682,0.04992786147552422,0.43507761769480513,0.4268164298595009
3715,0.4,0.3764705882352941,0.1818181818181818,0.14457831325301204,0.3111111111111111,0.23529411764705885,0.09184122179650882,0.03354657719523497,0.3263474856970793,0.2905367626502656
3716,0.5714285714285715,0.4482758620689655,0.22900763358778625,0.10526315789473684,0.3909774436090226,0.22413793103448276,0.10281814368039718,0.03810313496556214,0.5058051907946589,0.2827032590051458
3717,0.4594594594594595,0.47863247863247865,0.2465753424657534,0.22608695652173913,0.3513513513513513,0.35897435897435903,0.11532023093534043,0.08247957751749156,0.3735207100591716,0.30585163032828094
3718,0.4958677685950413,0.5154639175257733,0.18487394957983194,0.23157894736842105,0.33057851239669417,0.3917525773195877,0.029274803838578563,0.10045633644713314,0.29536917562724013,0.25003508078975956
3719,0.5263157894736842,0.5057471264367815,0.23655913978494625,0.3294117647058824,0.3368421052631579,0.41379310344827586,0.14276478646355936,0.20169393243365752,0.42770804277080426,0.4341793025781282
3720,0.49541284403669733,0.5714285714285713,0.29906542056074764,0.41463414634146334,0.3669724770642202,0.5238095238095238,0.19415992307791144,0.34246900185048457,0.42788654319845254,0.4376501241705003
3721,0.46031746031746035,0.5045045045045046,0.2903225806451613,0.3486238532110092,0.34920634920634924,0.41441441441441434,0.08194843117534274,0.05159309763798699,0.2997199502133712,0.2231926249393498
3722,0.4691358024691359,0.6031746031746031,0.3037974683544304,0.45901639344262296,0.345679012345679,0.4444444444444445,0.15226646084832712,0.30878189539634476,0.3932327389117513,0.45848267622461175
3723,0.3636363636363636,0.391304347826087,0.06185567010309278,0.11111111111111112,0.16161616161616163,0.23913043478260873,0.016351984820525294,0.03052063992301446,0.22288191499387433,0.20112374279040945
3724,0.5233644859813084,0.5272727272727272,0.24761904761904763,0.2777777777777778,0.4112149532710281,0.45454545454545453,0.13741410829058703,0.1364153508216572,0.34693553246220116,0.3567557206498605
3725,0.46017699115044247,0.4950495049504951,0.16216216216216214,0.18181818181818185,0.2654867256637168,0.31683168316831684,0.03940551546036336,0.03513736205688917,0.29105043610163067,0.26896451789254594
3726,0.40909090909090906,0.37499999999999994,0.16923076923076924,0.14893617021276598,0.34848484848484845,0.27083333333333337,0.098684745093626,0.02838455320106174,0.4149338878225634,0.19443018480492813
3727,0.4120603015075377,0.43820224719101125,0.2436548223350254,0.25,0.23115577889447236,0.2808988764044944,0.15176168206973958,0.13504571796696926,0.30059523809523814,0.2637394308657408
3728,0.628099173553719,0.6031746031746033,0.3529411764705882,0.29032258064516125,0.49586776859504134,0.39682539682539686,0.22256475411492566,0.20765646989138797,0.464814861877049,0.4269362190581282
3729,0.5072463768115941,0.6226415094339622,0.27941176470588236,0.40384615384615385,0.3623188405797101,0.5094339622641509,0.15448908340446033,0.17638018567620603,0.33675437597905367,0.3927057167797909
3730,0.5,0.5434782608695652,0.28301886792452835,0.3333333333333333,0.3148148148148148,0.43478260869565216,0.19486525832769688,0.19427658978254755,0.3994970530451866,0.42355142618797975
3731,0.46808510638297873,0.6301369863013699,0.2608695652173913,0.4788732394366197,0.36170212765957455,0.49315068493150693,0.060894901694140066,0.17724830512796916,0.3899713299397343,0.4356777808565008
3732,0.44999999999999996,0.4528301886792452,0.20338983050847456,0.17307692307692307,0.3833333333333333,0.30188679245283023,0.11448557306517253,0.0898936438138187,0.327827957733481,0.25392491467576783
3733,0.45714285714285713,0.36,0.3106796116504854,0.1836734693877551,0.38095238095238093,0.31999999999999995,0.21512658389023456,0.11152478099153613,0.36399880202110635,0.2411425236288704
3734,0.5894736842105263,0.627906976744186,0.25806451612903225,0.30952380952380953,0.3368421052631579,0.39534883720930236,0.10931850617087457,0.11377916243258064,0.3934032258064516,0.3919783693327962
3735,0.4587155963302752,0.4,0.205607476635514,0.24096385542168675,0.2935779816513761,0.28235294117647053,0.07609779098010355,0.04096520168168742,0.3021245269477913,0.2710259124787734
3736,0.39603960396039606,0.4050632911392405,0.14141414141414144,0.05194805194805195,0.31683168316831684,0.3037974683544304,0.029295568109786316,0.013750268273650891,0.21142029494382023,0.15366430260047279
3737,0.4954128440366972,0.5833333333333334,0.24299065420560748,0.29787234042553196,0.3486238532110092,0.37500000000000006,0.1666204024938085,0.17278122149180417,0.46514758929025046,0.44599047864994434
3738,0.45714285714285713,0.5625,0.1941747572815534,0.2553191489361702,0.3238095238095238,0.4166666666666667,0.08639374396519198,0.09861091745696535,0.3003611542224151,0.40107297830374744
3739,0.1388888888888889,0.1724137931034483,0.02857142857142857,0.03571428571428571,0.1388888888888889,0.13793103448275862,0.010172205866217513,0.014123416972389431,0.09803921568627451,0.10330578512396695
3740,0.47619047619047616,0.4158415841584158,0.1553398058252427,0.14141414141414144,0.28571428571428575,0.3168316831683168,0.036158158827616665,0.031741910546682975,0.32904034242257874,0.24978741496598636
3741,0.4946236559139785,0.44943820224719094,0.3076923076923077,0.2758620689655172,0.34408602150537637,0.35955056179775274,0.20668056810953495,0.1770621817190587,0.41080357142857143,0.3359803506675628
3742,0.34146341463414637,0.21176470588235297,0.09917355371900827,0.048192771084337345,0.14634146341463414,0.11764705882352941,0.013228772884619716,0.011808413988073125,0.24855932347876497,0.13876443647949027
3743,0.5309734513274336,0.5714285714285715,0.3063063063063063,0.37333333333333335,0.46017699115044247,0.49350649350649345,0.13912319996600903,0.14958902211362254,0.5060024732480914,0.4350348027842228
3744,0.4339622641509434,0.404040404040404,0.17307692307692307,0.18556701030927836,0.3018867924528302,0.303030303030303,0.08762482175993339,0.08459542495397823,0.2745499148651157,0.22965290245362058
3745,0.3137254901960785,0.3529411764705882,0.12,0.19277108433734938,0.21568627450980393,0.3058823529411765,0.016492860570300406,0.07946965146494296,0.21796875,0.2569610840287532
3746,0.4444444444444445,0.5116279069767442,0.20754716981132074,0.38095238095238093,0.3518518518518519,0.5116279069767442,0.1246382787220238,0.2286256462787579,0.43603476968316285,0.4289606741573033
3747,0.4545454545454545,0.3829787234042554,0.11627906976744186,0.08695652173913045,0.2727272727272727,0.2127659574468085,0.01988604567274158,0.0295001833799967,0.2687673985583393,0.23546395858223818
3748,0.5039370078740157,0.47457627118644063,0.16,0.20689655172413793,0.25196850393700787,0.288135593220339,0.03710141652598845,0.030792399066467177,0.24986333819241976,0.3151622763242319
3749,0.42424242424242425,0.38655462184873945,0.2,0.17094017094017092,0.30303030303030304,0.3025210084033613,0.08533222289741708,0.07007823388442788,0.26381747241673337,0.21346817658814268
3750,0.42857142857142855,0.39436619718309857,0.21951219512195125,0.11594202898550723,0.35714285714285715,0.3380281690140845,0.015749252146908223,0.016375819132184992,0.21909927679158445,0.19734967227130237
3751,0.37288135593220334,0.380952380952381,0.1379310344827586,0.14516129032258066,0.23728813559322032,0.25396825396825395,0.08265971074270416,0.09474893779539552,0.2534451110928468,0.24575728466218377
3752,0.5254237288135594,0.39639639639639646,0.2413793103448276,0.1651376146788991,0.33898305084745767,0.2162162162162162,0.1356692607964686,0.023288501955048054,0.3388611963190184,0.16986683784028297
3753,0.30952380952380953,0.4477611940298507,0.09756097560975609,0.15384615384615385,0.16666666666666669,0.20895522388059704,0.015652411276701517,0.025792845970915294,0.2620720419315267,0.36488439306358383
3754,0.38181818181818183,0.4313725490196078,0.24074074074074076,0.31999999999999995,0.2545454545454545,0.35294117647058826,0.16513666406017566,0.22422743255812097,0.39014825701494765,0.47721875
3755,0.4696969696969697,0.6818181818181818,0.27692307692307694,0.46511627906976744,0.36363636363636365,0.43181818181818177,0.14550497367888252,0.26449744735789926,0.4058181818181818,0.4516362758120999
3756,0.39560439560439564,0.34782608695652173,0.1797752808988764,0.11940298507462688,0.19780219780219782,0.17391304347826086,0.0759229029929965,0.0371749241029078,0.2730990305699334,0.17074579452747096
3757,0.5178571428571429,0.5813953488372092,0.2363636363636364,0.35714285714285715,0.23214285714285715,0.5348837209302325,0.1572261663922544,0.21824269700178786,0.42691979550844106,0.4040876677459807
3758,0.4761904761904762,0.3157894736842105,0.2682926829268293,0.1081081081081081,0.380952380952381,0.23684210526315788,0.19073363590503933,0.07731760127708197,0.4928850605244185,0.30373095983955717
3759,0.4859813084112149,0.4000000000000001,0.26666666666666666,0.17647058823529413,0.37383177570093457,0.34285714285714286,0.10354935993535413,0.04133150649314039,0.45964805825242716,0.288382852826388
3760,0.33962264150943394,0.35294117647058826,0.05769230769230769,0.1,0.1509433962264151,0.17647058823529413,0.029054265779982855,0.03246876098826311,0.25759758364312263,0.26893000190730504
3761,0.411214953271028,0.5454545454545454,0.20952380952380953,0.3255813953488372,0.26168224299065423,0.2954545454545454,0.15275844289895263,0.19611657925025966,0.3121375776773815,0.3995034789141868
3762,0.2696629213483146,0.38095238095238093,0.09195402298850575,0.19672131147540986,0.17977528089887643,0.19047619047619047,0.051366639095059514,0.11276958806531856,0.19906575637800936,0.31389559057543254
3763,0.34782608695652173,0.42105263157894735,0.15555555555555556,0.2702702702702703,0.28260869565217395,0.34210526315789475,0.030670338146553282,0.18553468405289994,0.23847710993459986,0.2970738429115668
3764,0.4628099173553719,0.37894736842105264,0.28571428571428575,0.17204301075268816,0.347107438016529,0.2736842105263158,0.17645642511827458,0.0598537152292416,0.3883007684089415,0.2645403244101633
3765,0.577319587628866,0.44155844155844154,0.4,0.21333333333333335,0.4742268041237114,0.33766233766233766,0.2374020262354284,0.11939158301568938,0.5587115384615384,0.3226711560044893
3766,0.41818181818181815,0.3380281690140845,0.20370370370370372,0.1739130434782609,0.32727272727272727,0.19718309859154928,0.12614775495599795,0.16860522236328382,0.4138185394639784,0.26705904570061684
3767,0.42553191489361697,0.4050632911392405,0.21739130434782608,0.12987012987012989,0.2553191489361702,0.25316455696202533,0.09406018026089213,0.04183814706059412,0.4166335172822809,0.27345345345345345
3768,0.5434782608695652,0.5641025641025642,0.3111111111111111,0.2368421052631579,0.4782608695652174,0.4358974358974359,0.14757206466471887,0.09138627163662365,0.3656089514675373,0.35109192810668033
3769,0.4070796460176991,0.3738317757009346,0.2522522522522523,0.20952380952380953,0.26548672566371684,0.28037383177570097,0.14251452817284269,0.09513297404951954,0.23774584307271965,0.19955798231929275
3770,0.410958904109589,0.53125,0.16901408450704225,0.2580645161290323,0.2191780821917808,0.28125,0.016474575791240956,0.0485815973404977,0.2375775290511157,0.27561059511523905
3771,0.29310344827586204,0.30588235294117644,0.14035087719298248,0.048192771084337345,0.2413793103448276,0.2117647058823529,0.08617288043560194,0.012487747986193624,0.20306536259541988,0.11156186612576066
3772,0.4175824175824176,0.5526315789473685,0.1797752808988764,0.24324324324324326,0.3076923076923077,0.2894736842105264,0.10735056777131863,0.11605901492276924,0.3290585137307206,0.39518900343642616
3773,0.4545454545454545,0.39999999999999997,0.3333333333333333,0.13636363636363635,0.4000000000000001,0.3111111111111111,0.18733789482741306,0.03628807749749522,0.4969938350044229,0.2646921641791045
3774,0.42718446601941745,0.4536082474226804,0.13861386138613863,0.16842105263157894,0.25242718446601936,0.24742268041237106,0.024367265413670198,0.01362515890597072,0.14209591474245115,0.1436265709156194
3775,0.48387096774193544,0.5544554455445543,0.22950819672131145,0.2626262626262626,0.37096774193548393,0.4158415841584158,0.04004314971804491,0.05619644598003425,0.4001579098478323,0.439886217698669
3776,0.5185185185185185,0.38,0.3007518796992481,0.2040816326530612,0.2518518518518518,0.32,0.15569988364346535,0.11512412704882027,0.40753520850752506,0.22615535889872176
3777,0.5625000000000001,0.6024096385542168,0.3404255319148936,0.3950617283950617,0.37499999999999994,0.43373493975903615,0.21090682439932437,0.2064205990790152,0.3525955578512397,0.3416930131030269
3778,0.42592592592592593,0.4403669724770642,0.20754716981132076,0.205607476635514,0.3333333333333333,0.3669724770642202,0.15939684955659336,0.15676128305715623,0.379430228862047,0.39167806566548985
3779,0.4814814814814815,0.44594594594594594,0.1625,0.136986301369863,0.25925925925925924,0.25675675675675674,0.06652910759435793,0.06934738327024421,0.2418583452058532,0.2188791500664011
3780,0.5833333333333334,0.5894736842105263,0.4042553191489362,0.45161290322580644,0.5,0.5263157894736843,0.3073149565489191,0.36947263222477017,0.3769565331479028,0.3777942143326759
3781,0.62,0.5853658536585367,0.4285714285714285,0.325,0.42,0.4634146341463415,0.23407719815122965,0.19760904849332012,0.6187785848802798,0.5015194659137133
3782,0.3603603603603604,0.23529411764705882,0.16513761467889906,0.02,0.1801801801801802,0.11764705882352941,0.040309382883512435,0.010416442332284382,0.2639691362539311,0.1073345259391771
3783,0.3711340206185567,0.3661971830985915,0.1894736842105263,0.11594202898550723,0.22680412371134023,0.19718309859154928,0.07700112744378823,0.02025632763886133,0.3148379052369077,0.2124362581325831
3784,0.47058823529411764,0.5128205128205129,0.22,0.2631578947368421,0.2156862745098039,0.358974358974359,0.03980188336453934,0.18868860940289495,0.4888703596287703,0.37581699346405234
3785,0.5967741935483871,0.4629629629629629,0.4426229508196722,0.3018867924528302,0.40322580645161293,0.35185185185185186,0.2567493396775734,0.11439040483513777,0.43983765555349175,0.25297709923664125
3786,0.3636363636363637,0.32911392405063294,0.06185567010309279,0.025974025974025976,0.20202020202020204,0.17721518987341772,0.013599739580232311,0.011947178598297421,0.237972274072052,0.1529569842993613
3787,0.4786324786324786,0.4752475247524752,0.19130434782608693,0.22222222222222224,0.358974358974359,0.2376237623762376,0.052808681487437954,0.03829756226989627,0.34810730663541406,0.271694502828817
3788,0.4390243902439025,0.5352112676056338,0.25,0.31884057971014496,0.34146341463414637,0.4225352112676056,0.1251252444312272,0.19139634846289022,0.37879463489458853,0.42297049480957527
3789,0.41428571428571426,0.3333333333333333,0.10144927536231885,0.15254237288135591,0.18571428571428572,0.25000000000000006,0.0178146546640749,0.029471448282273317,0.17132914990839987,0.19365368582416695
3790,0.4403669724770642,0.4137931034482759,0.07476635514018692,0.2105263157894737,0.27522935779816515,0.3448275862068965,0.011718557098347382,0.1774956128232151,0.24310685292181672,0.33049738219895286
3791,0.48101265822784806,0.38235294117647056,0.1282051282051282,0.11940298507462685,0.2278481012658228,0.2058823529411765,0.06081264679278596,0.032981373278766664,0.2769042062871291,0.2209830124575311
3792,0.4603174603174603,0.4507042253521127,0.1935483870967742,0.2714285714285714,0.33333333333333337,0.2535211267605634,0.0469138808145946,0.15939805675225924,0.3522347031002928,0.31962334190644304
3793,0.460431654676259,0.33999999999999997,0.33576642335766427,0.20408163265306126,0.40287769784172667,0.30000000000000004,0.24269236847708178,0.16995617878601418,0.5050780077603388,0.2357523575235752
3794,0.36842105263157887,0.3529411764705882,0.07142857142857142,0.09999999999999999,0.2280701754385965,0.27450980392156865,0.01220198604599851,0.012608597716655236,0.17135213612735542,0.16633380553168758
3795,0.3692307692307692,0.2735042735042735,0.15625,0.03478260869565218,0.2615384615384615,0.15384615384615383,0.04478301231351144,0.0017272880412235751,0.16549882364293236,0.07643312101910828
3796,0.31746031746031744,0.4424778761061947,0.04838709677419355,0.07207207207207207,0.17460317460317462,0.19469026548672566,0.01114671833531766,0.013833410858173311,0.19609403362890837,0.21100917431192662
3797,0.6607142857142857,0.6041666666666667,0.41818181818181815,0.3404255319148936,0.32142857142857145,0.4166666666666667,0.3026114824310638,0.18780237873231212,0.5676363636363636,0.40680149812734084
3798,0.49230769230769234,0.7627118644067796,0.21875000000000003,0.7241379310344827,0.35384615384615387,0.7457627118644068,0.16597076809078395,0.46936191586573345,0.22851881216361908,0.5654022229701159
3799,0.3818181818181817,0.3238095238095238,0.16666666666666666,0.058252427184466014,0.23636363636363636,0.2095238095238095,0.023399839340837475,0.008518981544810412,0.16834904788315774,0.14911595012097523
3800,0.544502617801047,0.4874999999999999,0.17989417989417988,0.16455696202531644,0.32460732984293195,0.2625,0.10858366212007287,0.05686072469509976,0.3045797256734079,0.24779195289499506
3801,0.47191011235955055,0.3972602739726027,0.2159090909090909,0.20833333333333334,0.29213483146067415,0.26027397260273977,0.1164674600856004,0.04051968482060222,0.3088091944780803,0.18437701276734061
3802,0.5794392523364487,0.6136363636363636,0.26666666666666666,0.3023255813953489,0.3364485981308411,0.3181818181818182,0.24652894058203886,0.0832933973943053,0.4243912041593812,0.28283163265306116
3803,0.4806201550387597,0.47706422018348627,0.2519685039370078,0.2616822429906542,0.2635658914728682,0.3119266055045871,0.0710182543136734,0.054899868141498755,0.2945527553230834,0.2533590308370044
3804,0.5871559633027523,0.4528301886792453,0.3738317757009346,0.1346153846153846,0.5137614678899082,0.3207547169811321,0.21985078402088867,0.0684550726920288,0.5846388796542554,0.3652153223887699
3805,0.575,0.5757575757575758,0.41025641025641024,0.375,0.4750000000000001,0.5151515151515152,0.20112107414247185,0.2644192558900292,0.49169139465875367,0.47021943573667707
3806,0.39603960396039606,0.4146341463414634,0.18181818181818182,0.225,0.2574257425742575,0.2926829268292683,0.02770603772081143,0.035639301072766236,0.31484001399634537,0.2357140872850515
3807,0.4444444444444444,0.45714285714285713,0.2830188679245283,0.21359223300970875,0.3148148148148148,0.3047619047619048,0.10807976896762937,0.09582075234425665,0.2671439232704055,0.25903629743342516
3808,0.4102564102564103,0.3440860215053763,0.1217391304347826,0.13186813186813184,0.2905982905982906,0.19354838709677422,0.02665792783712094,0.018171307679236942,0.2764347909751287,0.17119759353261893
3809,0.4301075268817204,0.4533333333333333,0.1978021978021978,0.1095890410958904,0.3440860215053763,0.29333333333333333,0.10022838135213871,0.01631896684235822,0.316595744680851,0.24635761589403976
3810,0.29411764705882354,0.47222222222222227,0.12000000000000002,0.28571428571428575,0.19607843137254902,0.36111111111111116,0.026029390449536335,0.10765676166002108,0.2821442018072289,0.34843750000000007
3811,0.4938271604938272,0.3902439024390244,0.3037974683544304,0.125,0.3950617283950617,0.24390243902439027,0.21554491059608466,0.03239468452966634,0.44238683127572015,0.27125409591897526
3812,0.7272727272727273,0.40963855421686746,0.32989690721649484,0.12345679012345678,0.3838383838383838,0.24096385542168677,0.0648900664281461,0.017004499657577377,0.5258550572795324,0.22962962962962966
3813,0.5401459854014597,0.4821428571428572,0.1925925925925926,0.16363636363636366,0.2481751824817518,0.26785714285714285,0.045819669807730286,0.06470001092579734,0.35056839446107785,0.2789181907951228
3814,0.34285714285714286,0.3424657534246575,0.14492753623188404,0.18055555555555552,0.19999999999999996,0.24657534246575344,0.05096434062969304,0.07382703703916911,0.19213530066815143,0.18763399974345352
3815,0.46511627906976744,0.5,0.2380952380952381,0.28571428571428575,0.3023255813953488,0.36111111111111116,0.15069016904844168,0.19773814504589765,0.45634920634920645,0.4947229551451188
3816,0.5217391304347827,0.5301204819277109,0.15555555555555556,0.09876543209876543,0.26086956521739135,0.26506024096385544,0.017636905168211956,0.01755997912144997,0.3159401776871959,0.27561401789796847
3817,0.40350877192982454,0.43010752688172044,0.17857142857142855,0.13186813186813187,0.3157894736842105,0.27956989247311825,0.14453671062256448,0.01034316647116874,0.27253289473684206,0.15946106991525424
3818,0.5934065934065935,0.8219178082191781,0.4044943820224719,0.7323943661971832,0.46153846153846156,0.547945205479452,0.29285649952562015,0.5254062797355739,0.5477314892899308,0.5980247128437174
3819,0.44155844155844154,0.4964539007092198,0.11842105263157895,0.2158273381294964,0.23376623376623376,0.3120567375886525,0.027368860678214323,0.061370405938767136,0.2603528899773444,0.30991978623607114
3820,0.4842105263157895,0.5897435897435898,0.3010752688172043,0.3684210526315789,0.27368421052631575,0.30769230769230765,0.040790565362497526,0.11620051194987183,0.39916852189165486,0.39442498850330754
3821,0.5523809523809523,0.5301204819277109,0.2524271844660194,0.24691358024691357,0.4,0.2168674698795181,0.03182136343323252,0.051947872550723334,0.39475984307986256,0.3001547253624816
3822,0.5299145299145299,0.42696629213483145,0.22608695652173913,0.22988505747126436,0.3418803418803419,0.26966292134831465,0.09511371268919896,0.0355814020285629,0.48548073883394305,0.283969465648855
3823,0.556701030927835,0.5070422535211268,0.23157894736842102,0.2608695652173913,0.24742268041237114,0.28169014084507044,0.0959765300177304,0.15211003773711126,0.3902429706601466,0.3437229671280277
3824,0.5979381443298969,0.37795275590551175,0.37894736842105264,0.17600000000000002,0.3711340206185567,0.25196850393700787,0.25098621243978964,0.13081558168667146,0.4047188495651425,0.3283187250996017
3825,0.47916666666666663,0.5757575757575757,0.21276595744680848,0.28125,0.3333333333333333,0.5454545454545455,0.01500049105581167,0.10589974440624107,0.32937083751906837,0.372529964366699
3826,0.46464646464646464,0.4565217391304348,0.24742268041237117,0.2666666666666667,0.3232323232323232,0.34782608695652173,0.08639374396519198,0.09668023126159721,0.434603274559194,0.39316239316239315
3827,0.46153846153846156,0.34285714285714286,0.2549019607843137,0.17647058823529413,0.28846153846153844,0.22857142857142856,0.11191121918143379,0.03640086173633084,0.43286417488629775,0.2072072072072072
3828,0.6666666666666667,0.6067415730337079,0.4948453608247423,0.48275862068965514,0.48484848484848486,0.5168539325842697,0.39672625142382306,0.4345420532731913,0.642876532597385,0.5464533333333333
3829,0.48148148148148157,0.6206896551724138,0.20754716981132074,0.3529411764705882,0.25925925925925924,0.36781609195402304,0.10786965203981674,0.2868227389289462,0.4533372513924692,0.4958951456855213
3830,0.46031746031746035,0.4552845528455285,0.22580645161290325,0.23140495867768596,0.23809523809523808,0.3252032520325203,0.1339111948666829,0.14040851441890545,0.4304127666104036,0.45986008039579473
3831,0.4742268041237114,0.24528301886792453,0.2526315789473685,0.019230769230769232,0.288659793814433,0.15094339622641512,0.138809133818392,0.005803565809959765,0.3562960453891099,0.12295081967213116
3832,0.44897959183673464,0.5753424657534247,0.22916666666666669,0.28169014084507044,0.2857142857142857,0.3835616438356164,0.10350286963307506,0.15957154196808182,0.42487179487179483,0.4333148819108964
3833,0.4166666666666667,0.375,0.14893617021276595,0.20512820512820512,0.3333333333333333,0.35,0.07716901633436311,0.05834509809556898,0.24939245109868632,0.1810568530313753
3834,0.5,0.4444444444444445,0.31111111111111106,0.22784810126582275,0.43478260869565216,0.2716049382716049,0.14943466403925346,0.037487570578416306,0.4792321143935994,0.31248401343723886
3835,0.6504065040650407,0.4948453608247421,0.3305785123966942,0.23157894736842105,0.4065040650406504,0.26804123711340205,0.16034470428928307,0.04006999504281133,0.5133996162567592,0.28281810035842303
3836,0.5882352941176471,0.5106382978723405,0.3855421686746988,0.2826086956521739,0.4235294117647059,0.276595744680851,0.3020089249326176,0.15652411276701514,0.4992965047393364,0.4458868163972135
3837,0.4545454545454546,0.4615384615384615,0.20930232558139536,0.2368421052631579,0.2272727272727273,0.2564102564102564,0.04927047366113757,0.1168277432745474,0.26338180693069313,0.24344763286025067
3838,0.5684210526315789,0.5974025974025974,0.40860215053763443,0.45333333333333337,0.4631578947368421,0.5714285714285715,0.21242472271304488,0.28269008664163753,0.4755654902282469,0.47380490956072346
3839,0.6976744186046512,0.49206349206349204,0.5354330708661418,0.27419354838709675,0.6356589147286821,0.39682539682539686,0.34684093788172604,0.16208274984086166,0.5661955727760664,0.3741396791316276
3840,0.46938775510204084,0.4358974358974359,0.25,0.23684210526315788,0.3877551020408163,0.28205128205128205,0.045605114189661226,0.040798762230988744,0.40121065375302667,0.30970168679716786
3841,0.6595744680851063,0.5675675675675675,0.4130434782608696,0.3611111111111111,0.5531914893617021,0.4594594594594595,0.27508986545449554,0.10480796253095366,0.5914328586393364,0.33669323178391963
3842,0.40860215053763443,0.5384615384615384,0.2417582417582418,0.34210526315789475,0.27956989247311825,0.4102564102564103,0.08719941690404771,0.1666988323859421,0.31780906079709376,0.42537173852052745
3843,0.5299145299145299,0.3191489361702128,0.2956521739130435,0.17391304347826086,0.2222222222222222,0.25531914893617025,0.15382146539001618,0.052083749993234195,0.43210293384308507,0.146066184527723
3844,0.5154639175257733,0.4047619047619048,0.2947368421052632,0.21951219512195122,0.3711340206185567,0.28571428571428575,0.08728913550720153,0.03772657799190421,0.40029658922392486,0.2784926470588235
3845,0.2978723404255319,0.2790697674418604,0.15217391304347827,0.09523809523809525,0.19148936170212766,0.18604651162790697,0.02624308202742789,0.014216972595674,0.21646621424891932,0.22126324946773196
3846,0.4324324324324324,0.410958904109589,0.19444444444444445,0.22535211267605634,0.3243243243243243,0.32876712328767127,0.0207946385683849,0.018542087731486134,0.26508313539192396,0.22706834532374098
3847,0.35789473684210527,0.3733333333333333,0.08602150537634408,0.10958904109589042,0.23157894736842105,0.21333333333333332,0.015558197187775485,0.022815045692871138,0.34327760844801575,0.24917763157894735
3848,0.4077669902912622,0.21276595744680848,0.1188118811881188,0.043478260869565216,0.21359223300970873,0.1702127659574468,0.024184136877418508,0.00995793413371623,0.21727951789838335,0.12459748243559718
3849,0.36521739130434777,0.5641025641025641,0.12389380530973453,0.31304347826086953,0.26086956521739135,0.4444444444444444,0.028999116976869434,0.2243410375879895,0.18165739268680445,0.40628864158275924
3850,0.38636363636363635,0.4358974358974359,0.046511627906976744,0.10526315789473684,0.22727272727272727,0.23076923076923078,0.014954983534942814,0.03751245327973204,0.24805261610817167,0.2423837361782049
3851,0.43298969072164945,0.4848484848484849,0.21052631578947367,0.21874999999999997,0.32989690721649484,0.4242424242424243,0.026078225888157922,0.05877871600454018,0.3582491883358652,0.3531443466927338
3852,0.5894736842105263,0.6206896551724138,0.4516129032258065,0.49411764705882355,0.4421052631578948,0.4827586206896552,0.17557260596190793,0.2487797783449051,0.4864286613248312,0.5146687345058922
3853,0.3793103448275862,0.3469387755102041,0.14035087719298245,0.10416666666666667,0.2931034482758621,0.20408163265306123,0.04070924000014032,0.010420204614790497,0.2601104446065225,0.15520771415362264
3854,0.4521739130434782,0.5217391304347826,0.19469026548672566,0.2222222222222222,0.3304347826086957,0.32608695652173914,0.2181765544318353,0.14450105042770675,0.2969240426867546,0.26026357044875564
3855,0.4426229508196721,0.4819277108433735,0.13333333333333336,0.17283950617283952,0.26229508196721313,0.3614457831325302,0.07801890264772814,0.019171373000543057,0.3137425447316104,0.2703426124197002
3856,0.528735632183908,0.4507042253521127,0.2823529411764706,0.2898550724637681,0.3908045977011494,0.4507042253521127,0.1193925432463891,0.16340836420369564,0.3654761904761905,0.3069736403069736
3857,0.4144144144144144,0.3764705882352941,0.1651376146788991,0.1686746987951807,0.1981981981981982,0.2117647058823529,0.115820014606489,0.0730047654672674,0.32837804478020777,0.2504745911214953
3858,0.48275862068965525,0.5217391304347827,0.2588235294117647,0.3880597014925373,0.27586206896551724,0.43478260869565216,0.11715489885681402,0.2579535698599975,0.4754910672283842,0.4977036741214057
3859,0.4827586206896552,0.4888888888888889,0.3764705882352941,0.3181818181818182,0.45977011494252873,0.4222222222222222,0.2792263921434911,0.21475571940851748,0.36348664491825416,0.3626605389070763
3860,0.5806451612903226,0.3733333333333333,0.3516483516483516,0.136986301369863,0.43010752688172044,0.24,0.19047975041284293,0.020220429578874006,0.5543091168091168,0.22924133811230585
3861,0.5636363636363636,0.4724409448818897,0.3148148148148148,0.20799999999999996,0.43636363636363634,0.25196850393700787,0.17264156845998838,0.104853420736428,0.32512984599310835,0.3372205638474295
3862,0.3697478991596639,0.3361344537815126,0.13675213675213674,0.06837606837606837,0.23529411764705882,0.2184873949579832,0.0584192288329162,0.020263730084367777,0.36868333108290585,0.2544821826280624
3863,0.575,0.46913580246913583,0.30769230769230765,0.379746835443038,0.3,0.37037037037037035,0.11261117768451277,0.30099261576654274,0.3182006633499171,0.40711102715790737
3864,0.4074074074074074,0.47540983606557374,0.11320754716981131,0.11666666666666668,0.22222222222222224,0.24590163934426226,0.015227939976744721,0.017071173616415133,0.16574585635359115,0.3035846365173288
3865,0.49504950495049505,0.5208333333333334,0.22222222222222224,0.2340425531914894,0.31683168316831684,0.25,0.09172084934569527,0.04746462821349017,0.4228653846153847,0.4010121654501218
3866,0.4,0.43333333333333324,0.1282051282051282,0.1724137931034483,0.275,0.26666666666666666,0.034347962412246975,0.0407196676198392,0.378931533171521,0.2900604686318973
3867,0.4210526315789474,0.3582089552238806,0.2162162162162162,0.24615384615384614,0.3421052631578948,0.3582089552238806,0.040439458001950056,0.1251622543125541,0.3387272068590749,0.2501031933656047
3868,0.40909090909090917,0.5074626865671642,0.11627906976744186,0.36923076923076925,0.2272727272727273,0.47761194029850745,0.012939428393138643,0.20468461743848804,0.15789473684210525,0.3181497811798259
3869,0.5301204819277109,0.5070422535211269,0.19753086419753085,0.17391304347826086,0.21686746987951808,0.3098591549295775,0.1051973147254896,0.04270699172831694,0.4398167089436216,0.2971823445431472
3870,0.41666666666666663,0.5070422535211268,0.20000000000000004,0.2898550724637681,0.25,0.30985915492957744,0.12795782568657127,0.15266850559597517,0.3701312842210054,0.3896604938271605
3871,0.380952380952381,0.41379310344827586,0.17073170731707316,0.14285714285714285,0.23809523809523808,0.27586206896551724,0.030409942177693917,0.024924840329214656,0.31243767865452376,0.24440457633599008
3872,0.7999999999999999,0.5853658536585366,0.7179487179487181,0.35000000000000003,0.7000000000000001,0.4878048780487805,0.557137151344197,0.2566979742238353,0.7713515655965121,0.34111111111111114
3873,0.5061728395061729,0.41025641025641024,0.225,0.17391304347826086,0.28395061728395066,0.20512820512820512,0.13099360284925762,0.01874450329709152,0.35000000000000003,0.21651632454956551
3874,0.6,0.5555555555555556,0.358974358974359,0.39999999999999997,0.27499999999999997,0.36111111111111116,0.24153203168878498,0.30012104198964357,0.5376296817302622,0.4598092643051772
3875,0.5263157894736842,0.5892857142857142,0.32061068702290074,0.3818181818181818,0.2255639097744361,0.375,0.16352637422080807,0.2633279516182873,0.49990628604382914,0.4627184326671211
3876,0.375,0.5656565656565657,0.16363636363636364,0.37113402061855666,0.23214285714285712,0.42424242424242425,0.03643735166479755,0.2528145550094326,0.3007739808073977,0.4657795591182365
3877,0.4316546762589928,0.4251968503937008,0.1021897810218978,0.14400000000000002,0.28776978417266186,0.2047244094488189,0.04415339520141591,0.05942965172166591,0.26799349593495936,0.2992704302561268
3878,0.47169811320754723,0.49350649350649345,0.1730769230769231,0.18666666666666668,0.32075471698113206,0.3116883116883117,0.03486152795789186,0.041040146238741276,0.3925112189574999,0.3677265255337893
3879,0.38095238095238093,0.4102564102564102,0.11764705882352941,0.1038961038961039,0.1693121693121693,0.21794871794871792,0.02128885269694111,0.006884140576553452,0.21835954266984042,0.15263899532144873
3880,0.4576271186440678,0.3423423423423423,0.15517241379310343,0.03669724770642201,0.2542372881355932,0.1801801801801802,0.09053884251950631,0.01135701910817955,0.29968932596234876,0.16510633718768958
3881,0.3243243243243243,0.2903225806451613,0.12844036697247704,0.08196721311475409,0.2522522522522523,0.1935483870967742,0.07742172720618885,0.010275778611378641,0.25918413342348434,0.16690672292773967
3882,0.40579710144927533,0.4444444444444444,0.1323529411764706,0.22608695652173916,0.15942028985507248,0.2564102564102564,0.03160480071096167,0.07607852021321342,0.2598038840451021,0.24029303521230952
3883,0.47706422018348627,0.5591397849462365,0.22429906542056074,0.43956043956043955,0.34862385321100914,0.5376344086021506,0.08324263990329303,0.135634929750448,0.31306946683208603,0.2871817623370418
3884,0.2692307692307693,0.43478260869565216,0.058823529411764705,0.2222222222222222,0.11538461538461539,0.32608695652173914,0.011512387454711386,0.11769273145382628,0.24557713052858685,0.35205200501253137
3885,0.5,0.5714285714285714,0.2,0.3235294117647059,0.2608695652173913,0.45714285714285713,0.04743571775734882,0.1506922896083663,0.47009980283350616,0.43809523809523804
3886,0.7040000000000001,0.6379310344827586,0.45528455284552843,0.43859649122807015,0.48,0.5517241379310346,0.2890645634181926,0.2614560646406318,0.5572700738069122,0.49180385990601083
3887,0.4,0.48,0.18367346938775514,0.34693877551020413,0.3,0.42,0.03152858851878919,0.17565989258746875,0.37723554874494936,0.4572721962616822
3888,0.46551724137931033,0.36036036036036034,0.17543859649122806,0.07339449541284404,0.22413793103448276,0.2162162162162162,0.04560146424193747,0.025170884586027974,0.3527786459689882,0.19481295301478851
3889,0.4742268041237114,0.4634146341463415,0.2947368421052632,0.25,0.35051546391752575,0.34146341463414637,0.17743299460161882,0.05059930225349485,0.37773612846499144,0.33499974063699556
3890,0.48214285714285715,0.6117647058823529,0.2909090909090909,0.3855421686746988,0.3571428571428571,0.3999999999999999,0.031146656955858013,0.05319862265689393,0.4065656565656566,0.36802532647408
3891,0.4150943396226415,0.38636363636363635,0.17307692307692307,0.1395348837209302,0.32075471698113206,0.2727272727272727,0.041622077335088555,0.060603004800494346,0.2766217564870259,0.23105590062111803
3892,0.5319148936170213,0.44705882352941173,0.32608695652173914,0.2891566265060241,0.36170212765957444,0.3529411764705882,0.09212480089422209,0.10175568578459,0.418943533697632,0.32171448461041224
3893,0.6851851851851852,0.49572649572649574,0.4339622641509434,0.2956521739130435,0.3333333333333333,0.3076923076923077,0.2018902317359028,0.0616655191284595,0.6065789700607064,0.3107506501520695
3894,0.6599999999999999,0.6136363636363638,0.42857142857142855,0.4186046511627907,0.5,0.5227272727272727,0.26213874322715497,0.2647890035234149,0.48889936409346346,0.5060506050605059
3895,0.5471698113207547,0.7777777777777778,0.2692307692307693,0.5454545454545454,0.33962264150943394,0.4888888888888889,0.04111923712595617,0.2541418780266889,0.3299614203174139,0.5497801422289778
3896,0.5151515151515151,0.5344827586206897,0.3230769230769231,0.40350877192982454,0.3939393939393939,0.396551724137931,0.16453848428954912,0.14294829169161796,0.36084723574233835,0.34054778037697286
3897,0.49541284403669733,0.5714285714285715,0.28037383177570097,0.3541666666666667,0.38532110091743116,0.3877551020408163,0.12607864960153384,0.16747003393181026,0.40944487667127705,0.4720701270180437
3898,0.4144144144144144,0.5168539325842696,0.23853211009174313,0.3448275862068965,0.3063063063063063,0.3595505617977528,0.07803507069390689,0.11644216046403798,0.3463215258855586,0.4013245509844149
3899,0.6451612903225806,0.5931034482758621,0.45901639344262296,0.2657342657342658,0.5483870967741936,0.28965517241379307,0.292443960997532,0.20284601446674377,0.4893569978688671,0.4705060106234274
3900,0.16666666666666666,0.4222222222222222,0.0,0.20454545454545456,0.1,0.22222222222222224,0.004431271006658827,0.12927929225786408,0.0998003992015968,0.30887035731996976
3901,0.44927536231884063,0.3684210526315789,0.14705882352941177,0.08928571428571429,0.2463768115942029,0.1929824561403509,0.06794797923359401,0.012420423758904968,0.16605166051660517,0.16088607594936705
3902,0.4380952380952381,0.5542168674698796,0.17475728155339806,0.3209876543209877,0.26666666666666666,0.40963855421686746,0.06908895196867147,0.08472737729478463,0.3162358667669522,0.30766811043627657
3903,0.4313725490196078,0.19047619047619052,0.27999999999999997,0.024390243902439025,0.4117647058823529,0.11904761904761905,0.15114361003491564,0.010608359163960558,0.4760204081632653,0.15246752409502629
3904,0.30107526881720426,0.3855421686746988,0.06593406593406592,0.19753086419753085,0.1935483870967742,0.3373493975903615,0.0272936302200797,0.0455295585154592,0.22729470935293553,0.2915792305622814
3905,0.368,0.39999999999999997,0.11382113821138211,0.12030075187969924,0.20800000000000002,0.2518518518518519,0.04739007238369345,0.03415473846331216,0.18536487436008967,0.248
3906,0.5434782608695653,0.6341463414634146,0.33333333333333326,0.375,0.43478260869565216,0.5853658536585366,0.15477869494658889,0.2449814674151939,0.4723097388503816,0.575878787878788
3907,0.4528301886792453,0.4827586206896552,0.23076923076923075,0.3764705882352941,0.22641509433962265,0.20689655172413793,0.12348143846938665,0.162993628128273,0.30582779761312073,0.33244680851063824
3908,0.3870967741935484,0.3846153846153847,0.17582417582417584,0.07894736842105263,0.34408602150537637,0.2564102564102564,0.11759665505867656,0.02001442597611853,0.3238396624472573,0.27782310704960833
3909,0.4297520661157025,0.45714285714285713,0.13445378151260504,0.13592233009708737,0.3305785123966942,0.26666666666666666,0.030448581742255173,0.021469302443901155,0.26637083834737263,0.26480839909768733
3910,0.5192307692307693,0.5,0.29411764705882354,0.20930232558139533,0.38461538461538464,0.3409090909090909,0.17627956952844823,0.1066889572227505,0.2980448994695941,0.2642117485367645
3911,0.37209302325581395,0.36363636363636365,0.14285714285714285,0.10666666666666666,0.23255813953488372,0.18181818181818182,0.03306472942182429,0.020064110494011925,0.32723429951690824,0.2679284004104436
3912,0.36,0.30769230769230765,0.14285714285714282,0.07894736842105264,0.3,0.2564102564102564,0.013923034050319203,0.01182847553469211,0.3785421080508475,0.15015015015015018
3913,0.41304347826086957,0.4473684210526316,0.2222222222222222,0.27027027027027023,0.34782608695652173,0.368421052631579,0.1423960515220926,0.1513512054951985,0.33685551558752996,0.3035076530612245
3914,0.49411764705882355,0.6027397260273972,0.21686746987951805,0.28169014084507044,0.4,0.4657534246575342,0.021259332643596612,0.04881590701846709,0.3412162162162162,0.3516713091922005
3915,0.34782608695652173,0.28571428571428575,0.15555555555555556,0.04878048780487805,0.32608695652173914,0.1904761904761905,0.11541855500650083,0.011153142481247935,0.2677274226717295,0.12320328542094454
3916,0.33644859813084105,0.4,0.057142857142857134,0.0547945205479452,0.22429906542056074,0.21333333333333335,0.009502651397043212,0.016230629896197737,0.24061900575447567,0.20438981224992306
3917,0.5106382978723405,0.43037974683544306,0.23913043478260868,0.15584415584415584,0.2765957446808511,0.25316455696202533,0.040013246159036724,0.034839486038063555,0.4270498451774095,0.3298996228926353
3918,0.38805970149253727,0.2916666666666667,0.13636363636363638,0.1276595744680851,0.23880597014925378,0.18750000000000003,0.023712083191194326,0.03122082571706869,0.2430364037506895,0.16036638123937108
3919,0.3620689655172414,0.39215686274509803,0.15789473684210525,0.19999999999999998,0.3103448275862069,0.3529411764705882,0.0838367668991168,0.13978744680188715,0.29476299997356387,0.30320335019307126
3920,0.46296296296296297,0.40860215053763443,0.2641509433962264,0.21978021978021978,0.37037037037037035,0.2580645161290323,0.1404499952191675,0.13955038616267904,0.4721490683229815,0.32477448682434834
3921,0.48598130841121495,0.49411764705882355,0.19047619047619044,0.2891566265060241,0.33644859813084116,0.39999999999999997,0.03886014932082902,0.04239082276074954,0.26247632575757573,0.33839269615958295
3922,0.35443037974683544,0.28571428571428575,0.12987012987012986,0.07317073170731707,0.27848101265822783,0.21428571428571427,0.07367654273937431,0.06118677914054159,0.20434129441702178,0.1896779491573836
3923,0.34951456310679613,0.4158415841584159,0.099009900990099,0.10101010101010101,0.17475728155339806,0.21782178217821782,0.02323935689796844,0.01467748660631788,0.17354678864112827,0.2561101549053356
3924,0.4074074074074074,0.4375,0.2641509433962264,0.21276595744680848,0.2592592592592593,0.2916666666666667,0.14524699818282807,0.08712048541657363,0.2918252673554468,0.26258319467554075
3925,0.33093525179856115,0.43564356435643564,0.13138686131386862,0.18181818181818182,0.15827338129496404,0.2376237623762376,0.07653086739849319,0.1152641943044534,0.2955902176006162,0.33930374682465086
3926,0.5393258426966292,0.6575342465753425,0.2528735632183908,0.2535211267605634,0.449438202247191,0.35616438356164376,0.11527900754305326,0.1860780617591435,0.4412579976734042,0.4350177279951848
3927,0.5052631578947369,0.48192771084337344,0.30107526881720426,0.34567901234567905,0.37894736842105264,0.45783132530120485,0.20484322521277584,0.27793004347185846,0.40316301703163016,0.34072851729617404
3928,0.5454545454545454,0.49504950495049505,0.2615384615384615,0.24242424242424243,0.40909090909090917,0.37623762376237624,0.12604945088060818,0.09864979965294646,0.5300453514739228,0.29358772043990367
3929,0.5102040816326532,0.45833333333333326,0.27083333333333337,0.10638297872340427,0.36734693877551017,0.25,0.10547213336960153,0.01779587277539119,0.33253675033231683,0.2745140388768898
3930,0.4423076923076923,0.45569620253164556,0.2156862745098039,0.2337662337662338,0.30769230769230765,0.30379746835443044,0.16767836295594338,0.10048465694980006,0.3545798907046854,0.29512513722710915
3931,0.2826086956521739,0.37142857142857144,0.022222222222222223,0.08823529411764706,0.1956521739130435,0.2571428571428571,0.010569223575148797,0.019879000129371244,0.18073075250108744,0.20552847415660785
3932,0.38028169014084506,0.38461538461538464,0.17142857142857143,0.19607843137254902,0.2112676056338028,0.19230769230769232,0.07757354593159474,0.0697414799800944,0.2828677685228077,0.2289900924958396
3933,0.5692307692307692,0.5312500000000001,0.34375,0.22222222222222224,0.4153846153846154,0.37500000000000006,0.1555598367585377,0.04626527800163823,0.36996074415429253,0.2861197370967878
3934,0.4081632653061224,0.36170212765957444,0.09655172413793102,0.13043478260869568,0.1904761904761905,0.19148936170212766,0.030515561004419583,0.024958918867626804,0.34521484374999994,0.19879430178268248
3935,0.4142011834319526,0.34375,0.16766467065868262,0.07936507936507936,0.15384615384615385,0.1875,0.0639276988407079,0.019271455408109525,0.2910039113428944,0.1500334845210192
3936,0.5593220338983049,0.5346534653465347,0.2586206896551724,0.2828282828282828,0.3220338983050847,0.31683168316831684,0.04467909776129585,0.06492796859821705,0.3631336805555555,0.3070392363313075
3937,0.38,0.4081632653061224,0.20408163265306123,0.16666666666666666,0.32,0.24489795918367344,0.03413021475209325,0.03559901288052315,0.2669133192389006,0.2556735079028073
3938,0.4222222222222222,0.5531914893617021,0.20454545454545456,0.2826086956521739,0.22222222222222224,0.4042553191489362,0.11125538845626846,0.2362989171078617,0.2993326239085547,0.41301907968574636
3939,0.2772277227722772,0.24324324324324323,0.08080808080808081,0.13888888888888887,0.19801980198019803,0.2162162162162162,0.01290671901690339,0.02185068324154416,0.22311333890281262,0.13440860215053765
3940,0.4999999999999999,0.18750000000000003,0.32558139534883723,0.06451612903225808,0.45454545454545453,0.125,0.18422595927352886,0.018138365792740457,0.5435364160007286,0.15694137168141592
3941,0.37894736842105264,0.4000000000000001,0.15053763440860213,0.09638554216867469,0.25263157894736843,0.23529411764705882,0.0677593464302556,0.01701902121371568,0.28282570954106284,0.23230131172839508
3942,0.30612244897959184,0.35294117647058826,0.0625,0.12121212121212123,0.14285714285714285,0.2647058823529412,0.01006279867010102,0.01804358405941735,0.18248175182481752,0.1941703216374269
3943,0.4070796460176991,0.3999999999999999,0.1801801801801802,0.14457831325301204,0.3008849557522124,0.2823529411764706,0.11004692924151839,0.07910178336476144,0.2887195635168187,0.27104130497685186
3944,0.43283582089552236,0.4715447154471545,0.1515151515151515,0.24793388429752067,0.19402985074626863,0.2926829268292683,0.06134490500697656,0.11857153819648406,0.25516554439186984,0.2515352375259727
3945,0.5283018867924528,0.5405405405405405,0.2884615384615385,0.23853211009174313,0.3584905660377358,0.3783783783783784,0.04460336928166547,0.03771346786923662,0.3167775771357232,0.3213254437869822
3946,0.4098360655737705,0.44155844155844154,0.11666666666666667,0.18666666666666665,0.21311475409836064,0.33766233766233766,0.025347775766715652,0.0764861763175678,0.41200924959406166,0.2889016018306636
3947,0.5274725274725275,0.4827586206896552,0.33707865168539325,0.21176470588235297,0.32967032967032966,0.25287356321839083,0.22381477368957498,0.11402628401418065,0.4314111433749732,0.34449064449064454
3948,0.5227272727272727,0.5454545454545454,0.39534883720930225,0.41860465116279066,0.3181818181818182,0.2727272727272727,0.17765182020286788,0.16888102997727683,0.4662569489567541,0.5412008858124145
3949,0.36241610738255026,0.4274809160305343,0.12244897959183673,0.13953488372093023,0.1879194630872483,0.21374045801526714,0.050672901534191184,0.041553996350010204,0.21557843137254906,0.21304185018759916
3950,0.33333333333333337,0.31999999999999995,0.07547169811320756,0.04081632653061224,0.20370370370370372,0.19999999999999998,0.02530659888790801,0.01465869850971218,0.23798748729674796,0.21984762396694213
3951,0.4285714285714286,0.5123966942148761,0.21739130434782608,0.25210084033613445,0.2714285714285714,0.2975206611570248,0.03205535524546574,0.1534281213742744,0.3168318716714524,0.3642840877242152
3952,0.4848484848484849,0.4603174603174603,0.27692307692307694,0.24193548387096772,0.3181818181818182,0.33333333333333337,0.14935288414807613,0.1450205008089951,0.24781000524931202,0.2257125407166124
3953,0.3866666666666666,0.4328358208955224,0.16216216216216217,0.16666666666666669,0.22666666666666666,0.2985074626865672,0.05665265850138219,0.054031635623892335,0.20196555683122852,0.21093656760949991
3954,0.38271604938271603,0.43137254901960786,0.125,0.15894039735099338,0.2222222222222222,0.22222222222222218,0.05029540518857988,0.06959259720347828,0.1666350197036743,0.2302575722700396
3955,0.5172413793103449,0.5,0.26315789473684215,0.3170731707317074,0.29310344827586204,0.42857142857142855,0.147816301912207,0.08850393161042344,0.39276266061980347,0.3690944881889764
3956,0.5517241379310345,0.6019417475728156,0.2807017543859649,0.3168316831683168,0.32758620689655166,0.46601941747572817,0.12945776854712976,0.19440151462754446,0.45697558520506854,0.4515801980198019
3957,0.6021505376344086,0.5384615384615384,0.30769230769230765,0.2368421052631579,0.25806451612903225,0.2564102564102564,0.05002168542431959,0.04895704051198516,0.38646337772397094,0.31775
3958,0.29687499999999994,0.288135593220339,0.09523809523809526,0.10344827586206898,0.15625,0.22033898305084745,0.0140571444173383,0.028168083293052135,0.29306261753848295,0.2547180560469676
3959,0.4470588235294118,0.5294117647058824,0.21686746987951808,0.21212121212121215,0.3764705882352941,0.4117647058823529,0.07879356782810766,0.09358585531548101,0.36859504132231413,0.36717752234993617
3960,0.4166666666666667,0.3529411764705882,0.20338983050847456,0.12048192771084337,0.2833333333333333,0.23529411764705882,0.09385357283012903,0.03895172954113247,0.3889225634578545,0.3109139356148492
3961,0.5233644859813084,0.3410852713178295,0.19047619047619047,0.09448818897637795,0.2429906542056075,0.21705426356589147,0.06450456780822145,0.01090220728988522,0.31464700307983895,0.23271384928716907
3962,0.6115702479338843,0.4031007751937984,0.40336134453781514,0.1732283464566929,0.3801652892561984,0.21705426356589147,0.26273052944765457,0.03550902269930848,0.52289967308852,0.34356565684109114
3963,0.5,0.6746987951807228,0.3023255813953488,0.39506172839506176,0.4090909090909091,0.5542168674698795,0.17886299982312365,0.2611502133773728,0.4416661755171804,0.5354059163132887
3964,0.45714285714285713,0.49382716049382713,0.23300970873786406,0.22784810126582278,0.34285714285714286,0.2716049382716049,0.11537786210468567,0.04104258870444056,0.3472613390720761,0.32393720401850484
3965,0.5869565217391304,0.6216216216216216,0.33333333333333337,0.4166666666666667,0.41304347826086957,0.4594594594594595,0.23324427100847284,0.29211274168103124,0.5247149758454106,0.4946936473404929
3966,0.4666666666666667,0.6133333333333333,0.1818181818181818,0.35616438356164387,0.2888888888888889,0.29333333333333333,0.032141080122601084,0.05155748322112256,0.34129791520081737,0.46489759925134083
3967,0.42696629213483145,0.41379310344827586,0.1149425287356322,0.1411764705882353,0.20224719101123595,0.3218390804597701,0.033819706195932484,0.10103674020661256,0.3493764492072444,0.2979339884101789
3968,0.41237113402061865,0.44155844155844154,0.18947368421052632,0.24,0.35051546391752575,0.36363636363636365,0.033819706195932484,0.09255640784783067,0.314038140152469,0.2753831417624521
3969,0.3106796116504854,0.43902439024390244,0.15841584158415842,0.225,0.29126213592233013,0.3170731707317074,0.06574514562999055,0.15813859795767055,0.30351016099234623,0.3328358208955224
3970,0.39490445859872614,0.448,0.07741935483870968,0.13008130081300814,0.20382165605095542,0.208,0.021702673778778617,0.026975720400861762,0.20166898470097358,0.2296236962007872
3971,0.30952380952380953,0.3684210526315789,0.07317073170731707,0.13513513513513514,0.1904761904761905,0.2631578947368421,0.016479318557260248,0.029454749744124584,0.19199428342192354,0.19530452968781875
3972,0.496,0.4793388429752066,0.19512195121951217,0.23529411764705882,0.288,0.2975206611570248,0.09126421444659907,0.07893584563658156,0.23130715438407742,0.21012819869403504
3973,0.2522522522522523,0.26262626262626265,0.07339449541284404,0.1443298969072165,0.12612612612612614,0.2222222222222222,0.008837901711310134,0.04828608369134854,0.2531321278635417,0.27695504705488944
3974,0.3018867924528302,0.3146067415730337,0.09615384615384616,0.1149425287356322,0.22641509433962265,0.2471910112359551,0.014567488899608858,0.022231866205934113,0.16124786792730944,0.15618640618640617
3975,0.18867924528301888,0.3055555555555555,0.057692307692307696,0.08571428571428572,0.11320754716981132,0.16666666666666669,0.018290545771368405,0.03158330477581563,0.1380497913200829,0.17602854346247354
3976,0.6666666666666667,0.5060240963855421,0.3853211009174312,0.24691358024691357,0.5045045045045046,0.3132530120481928,0.21919222940181926,0.13645487944545331,0.6611993462682816,0.28971456100204745
3977,0.6122448979591837,0.5753424657534246,0.4166666666666667,0.28169014084507044,0.4081632653061225,0.4109589041095891,0.1450799808557797,0.1435194786718845,0.5588972431077694,0.36610191752035726
3978,0.5294117647058822,0.34782608695652173,0.34,0.13333333333333333,0.3333333333333333,0.2608695652173913,0.23627694987304915,0.015975844558261947,0.436399217221135,0.21281250000000002
3979,0.36697247706422015,0.3298969072164949,0.13084112149532712,0.1263157894736842,0.18348623853211007,0.2268041237113402,0.014577408001494445,0.011439345930852964,0.22957507635485472,0.18295081967213114
3980,0.39705882352941174,0.3442622950819672,0.13432835820895525,0.11666666666666667,0.20588235294117643,0.22950819672131145,0.03836932882890315,0.022598694921076485,0.17546901836438103,0.1259759356293012
3981,0.32679738562091504,0.46956521739130436,0.0662251655629139,0.17699115044247787,0.1568627450980392,0.24347826086956523,0.010542825175699475,0.06434913145317901,0.24021196461417182,0.2817976866874707
3982,0.5985401459854014,0.515625,0.4,0.34920634920634924,0.4817518248175182,0.40625000000000006,0.2361670563549412,0.15676895223438722,0.42586637146238016,0.34049600178128875
3983,0.25925925925925924,0.4742268041237114,0.07547169811320756,0.2105263157894737,0.16666666666666669,0.3711340206185567,0.011189519908037444,0.17090847749286878,0.1587033679256201,0.3787019558699894
3984,0.5434782608695652,0.5277777777777778,0.17777777777777776,0.17142857142857143,0.3260869565217391,0.36111111111111116,0.043839733901574876,0.05372592529272173,0.42955804002181486,0.33666666666666667
3985,0.3539823008849557,0.3191489361702127,0.07207207207207206,0.08695652173913043,0.17699115044247785,0.19148936170212766,0.014589282807104,0.010808457030368536,0.21433389544688022,0.17535143462353167
3986,0.6206896551724139,0.31325301204819284,0.4,0.14814814814814814,0.4827586206896552,0.24096385542168672,0.2661166278539038,0.03408981146282771,0.6249399477806789,0.23565775916873094
3987,0.4431818181818182,0.36764705882352944,0.13793103448275862,0.07462686567164178,0.2727272727272727,0.22058823529411767,0.03045369882631331,0.014525714844634243,0.27796489034469807,0.21173201349333626
3988,0.4,0.4137931034482758,0.061224489795918366,0.18823529411764706,0.28,0.2988505747126437,0.016026530866640548,0.0952228330879606,0.29917095043145464,0.27104130497685186
3989,0.43609022556390975,0.45871559633027525,0.09160305343511452,0.22429906542056077,0.21052631578947367,0.29357798165137616,0.02095226526925446,0.03773827185753588,0.1709986320109439,0.17977369165487975
3990,0.3655913978494624,0.4594594594594595,0.06593406593406592,0.22222222222222224,0.1935483870967742,0.37837837837837834,0.01594510639947131,0.10306842263070054,0.25106148331954786,0.3639086787564767
3991,0.37037037037037035,0.45161290322580644,0.09433962264150943,0.15384615384615385,0.24074074074074076,0.30107526881720426,0.01290671901690339,0.03378367022979681,0.26199294962392583,0.3119918699186992
3992,0.5789473684210527,0.5591397849462365,0.41071428571428575,0.37362637362637363,0.49122807017543857,0.4731182795698925,0.2132559711785348,0.18180387058901037,0.48976638826674634,0.35882260101010094
3993,0.36879432624113473,0.34188034188034183,0.14388489208633093,0.12173913043478261,0.25531914893617025,0.25641025641025644,0.05566118178290906,0.05592722758934928,0.2619901006997781,0.24202939463980097
3994,0.43548387096774194,0.375,0.2786885245901639,0.15384615384615383,0.3387096774193548,0.25,0.14227515741962524,0.03529146205505821,0.43198007254293586,0.18428911132002432
3995,0.6126126126126127,0.6037735849056604,0.38532110091743116,0.3846153846153846,0.46846846846846846,0.4339622641509434,0.18258863602048073,0.19742293579591502,0.4302409349235571,0.39421979972113064
3996,0.36190476190476195,0.2524271844660194,0.07766990291262135,0.0594059405940594,0.22857142857142856,0.17475728155339806,0.015358196321942198,0.009808085742722373,0.2660294002658535,0.14524927618106065
3997,0.5142857142857143,0.44642857142857145,0.2173913043478261,0.27272727272727276,0.24285714285714283,0.21428571428571425,0.11709282353489792,0.06264356170246668,0.33370744481855585,0.24030834702814638
3998,0.5660377358490566,0.38636363636363635,0.3653846153846154,0.20930232558139533,0.3584905660377358,0.3181818181818182,0.2961790408168435,0.12226953593425956,0.47380393829530115,0.21082687548180307
3999,0.4680851063829788,0.49350649350649345,0.23913043478260873,0.2666666666666666,0.3191489361702128,0.25974025974025977,0.03671830331958673,0.08217396940229398,0.32368093297101447,0.2535783904204957
4000,0.41509433962264153,0.4819277108433735,0.23076923076923075,0.39506172839506165,0.3584905660377358,0.4819277108433735,0.10436755955763613,0.22853830344116602,0.28113553113553114,0.3366321449191686
4001,0.6115702479338843,0.38938053097345127,0.23529411764705882,0.16216216216216214,0.38016528925619836,0.2654867256637168,0.052576020585091574,0.03450596862691088,0.4261865793780687,0.19530120979396343
4002,0.3908045977011494,0.4109589041095891,0.21176470588235294,0.22535211267605634,0.2298850574712644,0.3013698630136986,0.12799998274084814,0.11900012437357166,0.2913349405696345,0.32814877430262046
4003,0.3304347826086957,0.3838383838383838,0.17699115044247785,0.24742268041237117,0.2434782608695652,0.2828282828282828,0.10496883320657069,0.1414355019095281,0.29005174512987014,0.29978502516778527
4004,0.577319587628866,0.6666666666666666,0.3157894736842105,0.3947368421052631,0.3917525773195876,0.5128205128205128,0.21258844131063828,0.2554274263436089,0.45003817522427947,0.4703035714285713
4005,0.33333333333333337,0.3181818181818182,0.15094339622641512,0.16279069767441862,0.24074074074074073,0.20454545454545459,0.01807425758919269,0.056473646663232895,0.22092423349056603,0.17352143595041322
4006,0.2878787878787879,0.5486725663716814,0.13846153846153847,0.2882882882882883,0.2272727272727273,0.3893805309734514,0.06266290009089144,0.13270926434092184,0.2374533944904912,0.48854350593356055
4007,0.4166666666666667,0.4761904761904763,0.2765957446808511,0.3170731707317073,0.3333333333333333,0.38095238095238093,0.2209811040249035,0.2028703973115671,0.29537081988748315,0.3638451700467205
4008,0.4576271186440678,0.46,0.24137931034482757,0.12244897959183673,0.3220338983050847,0.24,0.051004062303399905,0.031128254634895176,0.2706808510638298,0.21468772694262891
4009,0.6336633663366337,0.5631067961165047,0.3838383838383838,0.25742574257425743,0.49504950495049505,0.38834951456310685,0.25934312569149787,0.161391821076343,0.539037258189849,0.40165680473372783
4010,0.5504587155963302,0.6597938144329897,0.29906542056074764,0.3368421052631579,0.36697247706422026,0.4329896907216495,0.21897731435898946,0.19857442880974618,0.42568716675859525,0.4675461344758898
4011,0.3492063492063492,0.29565217391304344,0.08064516129032258,0.07079646017699115,0.1746031746031746,0.15652173913043477,0.025693070952026626,0.00990596020583589,0.21838487972508588,0.13961605584642234
4012,0.3541666666666667,0.4418604651162791,0.0851063829787234,0.2142857142857143,0.1875,0.3023255813953489,0.006352348738099228,0.017290495352018424,0.11682242990654204,0.17694177990940582
4013,0.4835164835164836,0.4266666666666667,0.24719101123595508,0.1917808219178082,0.3076923076923077,0.32,0.14380615280209333,0.08817773449700873,0.3838235128213806,0.2306275187104203
4014,0.4782608695652174,0.4117647058823529,0.2222222222222222,0.15151515151515152,0.32608695652173914,0.2647058823529412,0.07906552205912001,0.02953784648482935,0.37398373983739835,0.17746172080210137
4015,0.45378151260504196,0.6875000000000001,0.20512820512820512,0.5106382978723405,0.26890756302521013,0.4375,0.12128024525137689,0.26392141650975204,0.35180622837370246,0.49938679946484316
4016,0.5289256198347106,0.3559322033898305,0.15126050420168066,0.034482758620689655,0.23140495867768596,0.1694915254237288,0.033165842439705065,0.011164141675835734,0.32183890248056735,0.17039541456456853
4017,0.5043478260869565,0.4565217391304348,0.2831858407079646,0.15555555555555556,0.34782608695652173,0.32608695652173914,0.13149029125998113,0.027820144626968968,0.3825735858853564,0.2256066353564547
4018,0.44067796610169496,0.45454545454545453,0.22413793103448273,0.25925925925925924,0.3050847457627119,0.3818181818181818,0.03921487693778114,0.11005788822256526,0.2601825181037499,0.3267424346946283
4019,0.35416666666666663,0.45714285714285713,0.10638297872340424,0.2058823529411765,0.25,0.34285714285714286,0.014300980356754067,0.04587963180071237,0.2964299841772152,0.30243902439024395
4020,0.5714285714285715,0.5882352941176471,0.3043478260869565,0.2905982905982906,0.34285714285714286,0.33613445378151263,0.17230091471891035,0.10450387024409603,0.38325243129638253,0.290409959889566
4021,0.39285714285714285,0.3404255319148936,0.27272727272727276,0.15217391304347824,0.23214285714285712,0.1914893617021277,0.18934485376350765,0.07871405744116124,0.37985111189153803,0.19031422092646585
4022,0.43283582089552236,0.3272727272727273,0.12121212121212122,0.07407407407407407,0.2686567164179105,0.21818181818181817,0.03914649825526533,0.02183132529566923,0.2981915844727749,0.183632269586148
4023,0.5945945945945946,0.6265060240963856,0.33027522935779813,0.3703703703703704,0.30630630630630634,0.3614457831325301,0.05231868220107226,0.06423098111531556,0.4813044828343571,0.4143641693727677
4024,0.6666666666666666,0.5783132530120482,0.42,0.32098765432098764,0.4313725490196078,0.2891566265060241,0.26833073837719174,0.12254590148453828,0.48027757887107125,0.3626822157434402
4025,0.3548387096774194,0.3364485981308411,0.18032786885245905,0.09523809523809522,0.1774193548387097,0.16822429906542055,0.05799740175752971,0.0140683665619785,0.32918646080760094,0.26273148148148145
4026,0.5742574257425743,0.575,0.3838383838383838,0.35897435897435903,0.3564356435643565,0.39999999999999997,0.2114954054018245,0.15980855492973167,0.4859776286353468,0.35429944017201637
4027,0.2616822429906542,0.325,0.0380952380952381,0.1282051282051282,0.11214953271028037,0.125,0.012390516746181544,0.015324478121097457,0.16238700509217227,0.1841896377543657
4028,0.2898550724637681,0.21739130434782608,0.07352941176470587,0.044444444444444446,0.17391304347826086,0.15217391304347827,0.02083870493465543,0.01721096410265066,0.25581914576924714,0.10874313171023292
4029,0.19999999999999998,0.25742574257425743,0.08163265306122448,0.1616161616161616,0.16,0.21782178217821782,0.012049505059461792,0.14897768288578156,0.20282186948853617,0.28193619361936184
4030,0.39316239316239315,0.34782608695652173,0.034782608695652174,0.06666666666666667,0.22222222222222224,0.17391304347826086,0.010615269725347758,0.012592240493618954,0.1824817518248175,0.1505262206965084
4031,0.47457627118644063,0.3269230769230769,0.22413793103448276,0.1568627450980392,0.3389830508474576,0.2692307692307692,0.10501040279237966,0.09235303627095433,0.308931484502447,0.16039860760357655
4032,0.6140350877192983,0.5434782608695653,0.42857142857142855,0.3777777777777777,0.5789473684210527,0.4782608695652174,0.2232907636583043,0.1627430465869445,0.41703020134228186,0.34512228055037775
4033,0.30769230769230765,0.27480916030534347,0.07092198581560283,0.0930232558139535,0.18181818181818185,0.16793893129770993,0.02283907832271999,0.0312010687456508,0.2173344492101684,0.1880678316534463
4034,0.3007518796992481,0.38636363636363635,0.061068702290076333,0.11627906976744186,0.13533834586466167,0.22727272727272727,0.03692110765479839,0.02034441173243503,0.27451403887688985,0.2551708633093525
4035,0.5,0.4,0.25974025974025977,0.2113821138211382,0.32051282051282054,0.176,0.14961986990858828,0.013420977968674745,0.29200397914379805,0.16349721706864564
4036,0.3620689655172414,0.29906542056074764,0.10526315789473684,0.09523809523809523,0.22413793103448273,0.205607476635514,0.029116135259915004,0.05135929172042361,0.21955304458145278,0.14062660239975386
4037,0.5399999999999999,0.5789473684210528,0.3877551020408163,0.4594594594594595,0.5,0.5526315789473685,0.258360516674345,0.3297085637234617,0.4556050010595465,0.41780199818346964
4038,0.5137614678899083,0.4144144144144144,0.22429906542056074,0.2018348623853211,0.3669724770642202,0.30630630630630634,0.17950127662986073,0.16306354090097477,0.45131851032901343,0.4144981412639405
4039,0.5882352941176471,0.43749999999999994,0.44000000000000006,0.2765957446808511,0.392156862745098,0.37499999999999994,0.24969884687470356,0.14610534486579724,0.5722002779035457,0.41048108047773185
4040,0.4098360655737705,0.6250000000000001,0.15,0.33333333333333337,0.22950819672131148,0.47500000000000003,0.023224718660824723,0.13358740886306117,0.28457392197125253,0.4140731609571494
4041,0.1764705882352941,0.30303030303030304,0.019999999999999997,0.09375000000000001,0.11764705882352938,0.21212121212121213,0.007557180501745785,0.0187981805255884,0.12064343163538874,0.15834263392857145
4042,0.34146341463414637,0.34285714285714286,0.15,0.11764705882352941,0.19512195121951217,0.2571428571428571,0.04003759215740338,0.03930769646699871,0.3053397677338355,0.2429618768328446
4043,0.48,0.4556962025316456,0.2653061224489796,0.2077922077922078,0.36000000000000004,0.27848101265822783,0.10236789026291097,0.08315795871293143,0.2979509151861745,0.26490914875565613
4044,0.435483870967742,0.4042553191489362,0.2459016393442623,0.1739130434782609,0.27419354838709675,0.2978723404255319,0.18403005713951429,0.06731597100936161,0.2919406394164408,0.2620207506060978
4045,0.40394088669950734,0.3703703703703703,0.13930348258706468,0.14999999999999997,0.18719211822660098,0.28395061728395066,0.0712864158197431,0.06880411422492941,0.3017036187265391,0.23026517944936084
4046,0.423841059602649,0.5294117647058824,0.16107382550335567,0.34,0.23841059602649006,0.45098039215686275,0.024610826163314455,0.09537901075926226,0.2534755043227666,0.3246581278890601
4047,0.5263157894736843,0.5588235294117648,0.3010752688172043,0.27272727272727276,0.42105263157894735,0.4411764705882353,0.09296485652342297,0.06596924585662962,0.549592532056447,0.4400472259408002
4048,0.6292134831460674,0.5405405405405405,0.43678160919540227,0.36111111111111116,0.6292134831460674,0.4594594594594595,0.32320869690444304,0.24094111717288336,0.647857476248551,0.4039655077717362
4049,0.4230769230769231,0.2782608695652174,0.12987012987012989,0.05309734513274336,0.15384615384615385,0.1391304347826087,0.015452078980372687,0.015051186421514076,0.329804219345935,0.13908205841446453
4050,0.5360824742268041,0.5263157894736842,0.25263157894736843,0.25806451612903225,0.3092783505154639,0.3157894736842105,0.08240079544756634,0.04589084290285063,0.3394664636147615,0.3799300883788419
4051,0.45614035087719296,0.46938775510204084,0.17857142857142855,0.18749999999999997,0.38596491228070173,0.32653061224489793,0.07786300597778197,0.03006155215062272,0.30686696191922674,0.20112374279040945
4052,0.39603960396039606,0.43678160919540227,0.14141414141414144,0.1411764705882353,0.19801980198019803,0.2758620689655173,0.0417586562172892,0.03522439178631413,0.2864110707803993,0.2575975836431227
4053,0.39583333333333337,0.49275362318840576,0.17021276595744678,0.20895522388059704,0.35416666666666663,0.3478260869565218,0.03182136343323252,0.04375613045812791,0.28420724094881394,0.30428545813161195
4054,0.5504587155963303,0.39534883720930236,0.33644859813084116,0.16666666666666666,0.3302752293577982,0.18604651162790697,0.1887969098944653,0.08540119604573702,0.5377490648784222,0.31084187023903337
4055,0.46464646464646464,0.5365853658536586,0.24742268041237112,0.275,0.30303030303030304,0.39024390243902435,0.13776619779001775,0.12357165644085469,0.311267258382643,0.3354251012145749
4056,0.5465116279069767,0.5547445255474452,0.3294117647058823,0.2962962962962963,0.37209302325581395,0.3649635036496351,0.23837334310449937,0.18177347415520845,0.4660221015640164,0.35236095472131923
4057,0.5227272727272728,0.6027397260273972,0.41860465116279066,0.4507042253521127,0.38636363636363635,0.4657534246575343,0.24983006450101036,0.30415350168974137,0.5383797602148357,0.526685393258427
4058,0.5760000000000001,0.5416666666666666,0.40650406504065034,0.4042553191489362,0.41600000000000004,0.3958333333333333,0.26631516957419127,0.34716048611423644,0.5757570407842282,0.3625730994152047
4059,0.38709677419354843,0.40476190476190477,0.0879120879120879,0.12195121951219512,0.23655913978494625,0.1904761904761905,0.01779587277539119,0.01831814432430514,0.2973095485694478,0.234375
4060,0.4220183486238532,0.6352941176470588,0.24299065420560745,0.3373493975903615,0.3302752293577982,0.4941176470588235,0.131265619527689,0.2611502133773728,0.362043795620438,0.4518788802430602
4061,0.49056603773584895,0.7012987012987012,0.23076923076923075,0.5066666666666667,0.3018867924528302,0.5714285714285715,0.12275443713316166,0.23375889026409,0.3556027451701495,0.5035347126913017
4062,0.6194690265486725,0.6607142857142858,0.45045045045045046,0.43636363636363634,0.584070796460177,0.5535714285714286,0.3785066991157268,0.3593320024885617,0.5440785794183445,0.5434801636158878
4063,0.5438596491228069,0.611764705882353,0.3571428571428571,0.45783132530120485,0.28070175438596495,0.3294117647058824,0.24884944944474982,0.21991772884270114,0.46802620524380334,0.3665755919854281
4064,0.4962406015037593,0.5376344086021505,0.25954198473282447,0.24175824175824176,0.31578947368421056,0.3655913978494624,0.13503819171745482,0.03480023750898497,0.40622464388227925,0.31213757767738143
4065,0.3877551020408163,0.619718309859155,0.20833333333333334,0.34782608695652173,0.22448979591836735,0.5633802816901409,0.1324338782729285,0.13059446598276814,0.29242470538685783,0.4102072933653305
4066,0.49090909090909096,0.48717948717948717,0.3333333333333333,0.2631578947368421,0.2909090909090909,0.38461538461538464,0.2019581060023253,0.13375938415338873,0.41640640309621796,0.34436261453228206
4067,0.5050505050505051,0.5176470588235293,0.20618556701030927,0.16867469879518074,0.3232323232323232,0.3529411764705882,0.08141877941158628,0.08734958427376466,0.4039280853665753,0.3130541871921182
4068,0.589041095890411,0.42424242424242425,0.29166666666666663,0.14432989690721648,0.28767123287671237,0.18181818181818182,0.16105911183172503,0.06094015425424022,0.47989906888098594,0.24961260330578508
4069,0.3148148148148148,0.24324324324324326,0.07547169811320754,0.05555555555555555,0.20370370370370372,0.16216216216216217,0.02037431964890112,0.016875161518925774,0.22615872896634615,0.19224806201550385
4070,0.4791666666666667,0.5384615384615384,0.1914893617021277,0.2105263157894737,0.31249999999999994,0.33333333333333337,0.07510569358984545,0.10814410080481558,0.36035162562213174,0.36915676652892554
4071,0.46896551724137925,0.48837209302325585,0.16783216783216784,0.2380952380952381,0.2758620689655172,0.34883720930232553,0.0649353067551241,0.021411239283520334,0.34364063961747693,0.24856802142591833
4072,0.6299212598425197,0.543859649122807,0.3519999999999999,0.30357142857142855,0.4566929133858268,0.49122807017543857,0.2307786101453153,0.26958563280554354,0.5073896492386497,0.44158415841584153
4073,0.4819277108433735,0.4266666666666667,0.32098765432098764,0.16438356164383564,0.4578313253012048,0.32,0.20820760292912058,0.052047140202117106,0.44375889890840053,0.29368421052631577
4074,0.3762376237623762,0.3146067415730337,0.10101010101010101,0.09195402298850573,0.1782178217821782,0.15730337078651685,0.01844670058265029,0.014746860043059591,0.2232179930795848,0.1758304696449026
4075,0.4142011834319527,0.33766233766233766,0.1317365269461078,0.11842105263157894,0.16568047337278108,0.15584415584415584,0.011159452832032133,0.02350128820443189,0.29874044034998787,0.24849317965528178
4076,0.5283018867924528,0.5454545454545454,0.30769230769230765,0.2558139534883721,0.39622641509433965,0.36363636363636365,0.157188773630212,0.14137375964454066,0.4311568627450981,0.45986860896886605
4077,0.40875912408759124,0.4301075268817204,0.2074074074074074,0.24175824175824176,0.26277372262773724,0.3225806451612903,0.0326771685485201,0.052231859174562634,0.3579828919195435,0.3192678227360308
4078,0.481203007518797,0.3652173913043478,0.18320610687022898,0.1415929203539823,0.3157894736842105,0.22608695652173916,0.06822227424127288,0.02167746222059366,0.26123136595678104,0.17356399819086388
4079,0.7123287671232876,0.6557377049180327,0.5070422535211268,0.44067796610169496,0.4657534246575342,0.29508196721311475,0.2832021187529427,0.20499822685514596,0.6212084929757344,0.4563492063492062
4080,0.48,0.5230769230769231,0.26530612244897955,0.28571428571428575,0.22000000000000003,0.3384615384615385,0.1197277807937216,0.1421631670690063,0.5555805626598465,0.28500782472613456
4081,0.5573770491803278,0.5405405405405406,0.35000000000000003,0.2201834862385321,0.3770491803278689,0.36036036036036034,0.15847363664176714,0.032696376943330684,0.39583436565746655,0.3273951604293694
4082,0.3773584905660378,0.33962264150943394,0.23076923076923075,0.11538461538461538,0.24528301886792453,0.20754716981132074,0.14570371131172713,0.08272188639790432,0.31078389830508474,0.1803495762711864
4083,0.448,0.4444444444444445,0.1463414634146341,0.20454545454545456,0.24,0.26666666666666666,0.017562304182796827,0.01484991852108136,0.31548843375608043,0.2038222049856721
4084,0.5094339622641509,0.46341463414634143,0.23076923076923078,0.25,0.2452830188679245,0.3658536585365853,0.0842422180432067,0.15195963350668718,0.41773164223251025,0.38892652815417045
4085,0.44274809160305345,0.4901960784313725,0.1395348837209302,0.2,0.27480916030534347,0.3333333333333333,0.026671849956202635,0.07899201321713814,0.27469333333333334,0.32035484647842255
4086,0.4421052631578947,0.5974025974025975,0.12903225806451615,0.29333333333333333,0.2526315789473684,0.4415584415584415,0.03077158724771298,0.06364996151971675,0.2800625044392358,0.47959487637771825
4087,0.4833333333333334,0.5652173913043479,0.22033898305084748,0.22222222222222224,0.31666666666666665,0.3695652173913043,0.10315074848840573,0.12259176331390072,0.3404906970649896,0.36566399807198435
4088,0.5546218487394958,0.40384615384615385,0.39316239316239315,0.23529411764705882,0.5042016806722689,0.3076923076923077,0.2144035310202906,0.07653860548273311,0.41584483892176205,0.22563171253172623
4089,0.45378151260504196,0.5294117647058824,0.20512820512820515,0.32,0.20168067226890757,0.3137254901960784,0.09157298097866412,0.14153066033145642,0.3085097933313212,0.3503444719767392
4090,0.38095238095238093,0.49541284403669733,0.17741935483870966,0.3177570093457944,0.2698412698412698,0.2568807339449541,0.10764823369684912,0.10033789870609455,0.22226909386508356,0.2529404782927133
4091,0.43421052631578944,0.40624999999999994,0.18666666666666665,0.2222222222222222,0.2631578947368421,0.21875,0.08754849111231891,0.06828998629609849,0.286378649755582,0.2309451219512195
4092,0.38016528925619836,0.2626262626262626,0.20168067226890757,0.061855670103092786,0.28099173553719003,0.14141414141414144,0.16781109527669752,0.010675310326843657,0.3312731691748705,0.15940656565656566
4093,0.456140350877193,0.3191489361702128,0.17857142857142855,0.08695652173913043,0.2631578947368421,0.14893617021276598,0.07077046642256608,0.01626739260030573,0.33431237322515217,0.21345522737927802
4094,0.5420560747663552,0.4050632911392405,0.22857142857142856,0.12987012987012989,0.4485981308411215,0.27848101265822783,0.12089554896446389,0.08213940485895277,0.4630826129578469,0.2716701711136891
4095,0.5346534653465347,0.44705882352941173,0.2424242424242424,0.19277108433734938,0.33663366336633666,0.28235294117647053,0.1335832089846007,0.028012097186714973,0.44235603496165327,0.19873092494549985
4096,0.38181818181818183,0.40963855421686746,0.07407407407407407,0.09876543209876543,0.21818181818181817,0.24096385542168672,0.01045749469619056,0.019519860758964027,0.22507662978468898,0.23939448155216284
4097,0.5241379310344828,0.5179856115107914,0.2937062937062937,0.3065693430656934,0.28965517241379307,0.27338129496402874,0.2053104601806742,0.20706327439764868,0.3935560289320055,0.393413672652536
4098,0.4807692307692307,0.6153846153846153,0.19607843137254902,0.3157894736842105,0.23076923076923075,0.35897435897435903,0.032216388151333396,0.18709986227878417,0.3832505446623094,0.45750621024461163
4099,0.3711340206185567,0.4269662921348315,0.16842105263157894,0.1839080459770115,0.2268041237113402,0.26966292134831465,0.14373602054383156,0.15011509067930406,0.3105590062111801,0.32079613852461397
4100,0.4358974358974359,0.5797101449275363,0.23684210526315788,0.29850746268656714,0.30769230769230765,0.5217391304347826,0.07978199887317745,0.12252390232450525,0.32288048198002606,0.41780199818346964
4101,0.37894736842105264,0.4791666666666667,0.2150537634408602,0.2127659574468085,0.35789473684210527,0.27083333333333337,0.11721806732128076,0.08390288290239341,0.25289383099352053,0.2993250539956803
4102,0.48936170212765956,0.5376344086021505,0.17391304347826086,0.24175824175824176,0.36170212765957444,0.38709677419354843,0.04885320367441372,0.052826342735630284,0.3872053872053872,0.4278621793432329
4103,0.41379310344827586,0.4096385542168674,0.19298245614035087,0.24691358024691357,0.3275862068965517,0.38554216867469876,0.0937099995586274,0.1769538176698901,0.41200929096905126,0.37437059072363305
4104,0.4545454545454546,0.48192771084337344,0.0930232558139535,0.09876543209876544,0.3181818181818182,0.31325301204819284,0.012660998324628945,0.016474575791240956,0.245240281603918,0.2818322500773754
4105,0.5057471264367817,0.31884057971014496,0.30588235294117644,0.11940298507462688,0.4597701149425288,0.2608695652173913,0.1852018278217085,0.03607135602316936,0.5371093750000001,0.20159760170006075
4106,0.32692307692307687,0.3170731707317073,0.0784313725490196,0.125,0.23076923076923075,0.17073170731707316,0.012653299443953998,0.02109602786023896,0.23584563584563584,0.20901416122004357
4107,0.5599999999999999,0.5423728813559322,0.410958904109589,0.45614035087719296,0.5066666666666667,0.5423728813559322,0.2806539089090004,0.33168096678101594,0.5152354570637119,0.4647746128318584
4108,0.3505154639175258,0.2894736842105263,0.06315789473684211,0.027027027027027025,0.1443298969072165,0.18421052631578946,0.01520505297006532,0.009098293519638593,0.2094611220472441,0.1026694045174538
4109,0.3584905660377358,0.43859649122807015,0.07692307692307691,0.125,0.169811320754717,0.2631578947368421,0.013362873003071665,0.02633756420286314,0.16129032258064516,0.24622908017595113
4110,0.6428571428571429,0.46153846153846156,0.4878048780487805,0.23684210526315788,0.6190476190476191,0.3076923076923077,0.3355224613814111,0.10474258339744193,0.5752974986515641,0.3295566502463055
4111,0.4235294117647058,0.303030303030303,0.19277108433734938,0.125,0.2117647058823529,0.1818181818181818,0.03687915737861764,0.07837655860096929,0.43628274839347503,0.21218844410876136
4112,0.4571428571428571,0.41509433962264153,0.3106796116504854,0.2692307692307692,0.3619047619047619,0.32075471698113206,0.16458392543744982,0.1539122103147009,0.3969893742621015,0.32843391707419245
4113,0.3655913978494624,0.3132530120481928,0.13186813186813187,0.07407407407407408,0.17204301075268816,0.12048192771084339,0.01817426228196376,0.01339682647082759,0.21865137807700394,0.16851483767479164
4114,0.547945205479452,0.5794392523364487,0.3333333333333333,0.3619047619047619,0.3972602739726028,0.411214953271028,0.20100940889369437,0.21528144803797358,0.4932764459791487,0.47091814250118547
4115,0.39189189189189183,0.4067796610169491,0.2054794520547945,0.17241379310344826,0.16216216216216214,0.16949152542372883,0.0349383748521038,0.0740127859867281,0.37206709327128173,0.33172806883169936
4116,0.4228571428571428,0.35820895522388063,0.11560693641618497,0.10606060606060606,0.24,0.1940298507462687,0.025593379604570143,0.006988358769122335,0.2416530203784571,0.1454233409610984
4117,0.46315789473684216,0.6190476190476191,0.1935483870967742,0.3170731707317073,0.3157894736842105,0.4523809523809524,0.05162239813108563,0.050815423851194017,0.2948670212765957,0.36872738075946637
4118,0.6521739130434782,0.7297297297297297,0.5111111111111111,0.5833333333333334,0.5869565217391305,0.6486486486486487,0.3427760494476188,0.36948257038361987,0.6626781791537228,0.5783447609001406
4119,0.43478260869565216,0.5172413793103449,0.21238938053097348,0.2631578947368421,0.24347826086956523,0.3103448275862069,0.03715874232699373,0.14037510060023123,0.24155844155844156,0.29247985323248693
4120,0.7462686567164178,0.9904761904761905,0.7272727272727272,0.9902912621359222,0.7462686567164178,0.9904761904761905,0.5129333134452169,0.7664371487053923,0.7751153669651752,0.861510073808099
4121,0.3088235294117647,0.3565891472868217,0.08955223880597016,0.11023622047244093,0.20588235294117646,0.2325581395348837,0.06560139704983046,0.06225053846006199,0.18529896840539403,0.26148584905660377
4122,0.6,0.6129032258064515,0.4189189189189189,0.4426229508196721,0.41333333333333333,0.564516129032258,0.2648461036751184,0.264567066821168,0.593296957695659,0.5415162454873647
4123,0.5869565217391305,0.5263157894736842,0.28888888888888886,0.21818181818181817,0.3043478260869565,0.2807017543859649,0.11197676792142736,0.11394413674940283,0.5555846994535519,0.34698510877920585
4124,0.3008849557522124,0.26804123711340205,0.10810810810810811,0.06315789473684212,0.23008849557522124,0.18556701030927836,0.02341565884473766,0.013433582022038107,0.20316822846943328,0.11410788381742738
4125,0.7175572519083969,0.7652173913043478,0.5116279069767442,0.7079646017699115,0.5648854961832062,0.7478260869565218,0.4253163250178865,0.46723620921632275,0.5698369102350858,0.5986130553206813
4126,0.49612403100775193,0.40677966101694923,0.25196850393700787,0.1896551724137931,0.2325581395348837,0.2711864406779661,0.14088424514920342,0.09284618043309063,0.37928258967629047,0.2564238621439846
4127,0.5925925925925926,0.638655462184874,0.3584905660377358,0.42735042735042733,0.46296296296296297,0.48739495798319327,0.26829600724716207,0.20817991547346404,0.5291793586652201,0.49681465293375693
4128,0.5306122448979592,0.5588235294117646,0.28965517241379307,0.2835820895522388,0.3673469387755102,0.35294117647058826,0.10858939204373927,0.11827626672112831,0.37241887905604726,0.39076987590662715
4129,0.43478260869565216,0.2962962962962963,0.19999999999999998,0.0,0.2608695652173913,0.14814814814814814,0.09358212443240899,0.00691462509510174,0.2728606356968215,0.11278195488721805
4130,0.4,0.5230769230769231,0.11382113821138211,0.32812499999999994,0.27199999999999996,0.46153846153846156,0.09106249919639195,0.25240271006786436,0.35383275575770706,0.5002718868950515
4131,0.5151515151515151,0.44571428571428573,0.2755102040816326,0.18497109826589594,0.3535353535353536,0.25142857142857145,0.17172768853918605,0.08030956085090864,0.3695368217054263,0.21150406024378113
4132,0.5576923076923077,0.5106382978723405,0.3137254901960784,0.2391304347826087,0.4615384615384615,0.36170212765957444,0.1710620173816514,0.13934189533696906,0.26096410256410263,0.23805090450749813
4133,0.3853211009174312,0.35714285714285715,0.20560747663551404,0.18181818181818182,0.2385321100917431,0.23214285714285715,0.10813418015321533,0.07980523188560244,0.28142969509543836,0.2323760904527511
4134,0.20869565217391306,0.11320754716981132,0.035398230088495575,0.038461538461538464,0.1391304347826087,0.09433962264150943,0.019659673559548504,0.018702373344174888,0.12329925664347077,0.0873573473105089
4135,0.5238095238095238,0.5777777777777778,0.3064516129032258,0.25,0.34920634920634924,0.33333333333333326,0.17507348089558808,0.13379807835138519,0.4384436868440065,0.311267258382643
4136,0.5777777777777777,0.5476190476190477,0.3181818181818182,0.2682926829268293,0.4666666666666667,0.40476190476190477,0.16894924825819818,0.04486789652891304,0.5010741138560687,0.40998217468805703
4137,0.33027522935779813,0.4810126582278481,0.11214953271028037,0.28571428571428575,0.2385321100917431,0.379746835443038,0.01220026412293977,0.11945414196561233,0.2346148636445729,0.30423280423280424
4138,0.44776119402985076,0.34615384615384615,0.1818181818181818,0.13725490196078433,0.3432835820895523,0.2692307692307692,0.04447025119564593,0.05058819229903693,0.3482059282371294,0.2073070607553366
4139,0.30882352941176466,0.384,0.059701492537313425,0.14634146341463414,0.16176470588235295,0.224,0.006986280403265242,0.023233660903143476,0.13618677042801555,0.26285739262513186
4140,0.5714285714285714,0.6323529411764707,0.25157232704402516,0.29850746268656714,0.3354037267080745,0.39705882352941174,0.11223144896242057,0.0899534051928931,0.403269943006275,0.41413754032806904
4141,0.40816326530612246,0.38235294117647056,0.10416666666666667,0.1515151515151515,0.22448979591836735,0.2647058823529412,0.012003366436002676,0.018628064098521555,0.24599242703941893,0.21089769958548235
4142,0.4000000000000001,0.5263157894736843,0.23529411764705882,0.2909090909090909,0.4000000000000001,0.5263157894736843,0.11854610697411125,0.1348799092444217,0.36429200913652626,0.34313909070481613
4143,0.5873015873015873,0.5523809523809523,0.3387096774193548,0.3300970873786408,0.3492063492063492,0.34285714285714286,0.27758517441727837,0.20291980466845064,0.4150616961545995,0.3380739119213085
4144,0.5,0.4536082474226804,0.12244897959183672,0.12631578947368421,0.31999999999999995,0.288659793814433,0.031041627454579366,0.03244503321407305,0.30376741730182466,0.24519849785407727
4145,0.5248226950354611,0.5815602836879432,0.23021582733812948,0.2877697841726619,0.34042553191489366,0.3546099290780142,0.14316724069781933,0.17003929584926394,0.37939033442725417,0.3677978293837808
4146,0.5625000000000001,0.68,0.3492063492063492,0.42857142857142855,0.34374999999999994,0.4,0.1673333979699003,0.30905953562470256,0.40733210415982624,0.4305607722355769
4147,0.42424242424242425,0.5254237288135593,0.1846153846153846,0.27586206896551724,0.33333333333333337,0.3898305084745763,0.0683047758681907,0.12270793365347143,0.3705321076879407,0.5068181818181818
4148,0.32394366197183094,0.27956989247311825,0.1,0.10989010989010989,0.23943661971830985,0.17204301075268819,0.009081625231038642,0.008864646672375574,0.17914766699806162,0.10191110249283605
4149,0.3103448275862069,0.4390243902439024,0.08771929824561404,0.15,0.20689655172413793,0.3902439024390244,0.02420158996859649,0.03637917600242062,0.23012164235008736,0.21835891651296432
4150,0.33333333333333337,0.2553191489361702,0.10169491525423728,0.08695652173913043,0.21666666666666665,0.1702127659574468,0.012695948084710694,0.015960821227376982,0.2770886801652405,0.16301231236296168
4151,0.4779874213836478,0.4233576642335766,0.2547770700636943,0.22222222222222224,0.3396226415094339,0.35036496350364965,0.17440791475156328,0.09758072328513986,0.31493279964747356,0.2691471030126959
4152,0.2391304347826087,0.2631578947368421,0.044444444444444446,0.05405405405405405,0.15217391304347827,0.21052631578947367,0.009760395370568378,0.013819585494830136,0.1336761934673367,0.13927519633507854
4153,0.36036036036036034,0.3883495145631068,0.07339449541284404,0.09900990099009901,0.25225225225225223,0.2524271844660194,0.013319864208053298,0.014734890673119451,0.24901945299955258,0.264634884572556
4154,0.25287356321839083,0.20754716981132076,0.07058823529411766,0.038461538461538464,0.16091954022988503,0.16981132075471697,0.0122835853347209,0.009486871212827241,0.20693272812914826,0.14814814814814817
4155,0.47191011235955055,0.3896103896103897,0.20454545454545456,0.17105263157894737,0.23595505617977527,0.2077922077922078,0.12566156275080878,0.04789637213371125,0.2628612895256917,0.17749258884010663
4156,0.3184079601990049,0.3804347826086957,0.12060301507537688,0.14285714285714288,0.23880597014925373,0.29347826086956524,0.05747228357350495,0.05432376471945829,0.24067917057942692,0.23917025267571446
4157,0.5090909090909091,0.5252525252525252,0.2777777777777778,0.26804123711340205,0.4727272727272727,0.3636363636363636,0.11349314171418973,0.058302735813954266,0.45926333183480555,0.41793288826142794
4158,0.3888888888888889,0.2831858407079646,0.20754716981132074,0.09009009009009009,0.2962962962962963,0.1415929203539823,0.11315096739647224,0.012613859155877448,0.26503537735849053,0.15969621306699955
4159,0.3018867924528302,0.2558139534883721,0.15384615384615383,0.07142857142857142,0.24528301886792447,0.13953488372093023,0.08702802110225118,0.0157585236690302,0.31471588509443327,0.16469804067460317
4160,0.5205479452054794,0.4057971014492754,0.2777777777777778,0.1764705882352941,0.3013698630136986,0.2028985507246377,0.15907615377049059,0.09482329394281681,0.399348316912972,0.2697312255291589
4161,0.40236686390532544,0.43181818181818177,0.1317365269461078,0.2298850574712644,0.2603550295857988,0.3409090909090909,0.050423468216462305,0.04663659692771189,0.21486743333269342,0.22840305031630742
4162,0.288,0.5434782608695653,0.19512195121951217,0.3777777777777777,0.27199999999999996,0.5217391304347826,0.1130358973730088,0.23534628145682893,0.320863309352518,0.5237014516336231
4163,0.37681159420289856,0.3146067415730337,0.14705882352941177,0.20689655172413793,0.2608695652173913,0.29213483146067415,0.04225441199726873,0.07554258316326161,0.28202612802410176,0.30080213903743314
4164,0.391304347826087,0.3,0.1323529411764706,0.08474576271186442,0.18840579710144928,0.18333333333333335,0.028406850136156906,0.01689837346240555,0.2215007215007215,0.1694260485651214
4165,0.28125,0.34090909090909094,0.1111111111111111,0.11627906976744186,0.171875,0.27272727272727276,0.05109637649937567,0.019136488831905586,0.222955438137099,0.1606563746955001
4166,0.2950819672131147,0.2576687116564417,0.05524861878453039,0.04968944099378882,0.13114754098360656,0.13496932515337423,0.007454208568994292,0.0055316343853895195,0.14875058247903078,0.13650621538938157
4167,0.5227272727272727,0.4444444444444445,0.3023255813953488,0.22727272727272727,0.22727272727272727,0.24444444444444444,0.09127470207053627,0.09289803599326052,0.32212885154061627,0.2793319415448852
4168,0.28571428571428564,0.2277580071174377,0.0802675585284281,0.05017921146953406,0.15946843853820597,0.13523131672597866,0.012144856766560337,0.0021760206743047087,0.14097806483291317,0.08013598834385625
4169,0.4897959183673469,0.43396226415094336,0.25,0.19230769230769232,0.3877551020408163,0.2264150943396226,0.14132251511202149,0.13498619261109954,0.31188241106719367,0.2030840131879768
4170,0.3930635838150289,0.5263157894736842,0.08187134502923976,0.21374045801526717,0.19653179190751446,0.31578947368421056,0.023680907506223363,0.1312916406616508,0.2748324756173023,0.3053960585056391
4171,0.5,0.47311827956989244,0.2786885245901639,0.2197802197802198,0.3870967741935484,0.4086021505376344,0.1300184993115112,0.11907992444648235,0.47728561121418256,0.3074138361489899
4172,0.6315789473684211,0.46956521739130436,0.3053435114503817,0.21238938053097342,0.45112781954887216,0.2956521739130435,0.13605550237959677,0.07274056438606694,0.42045493729957123,0.25671756876812446
4173,0.5645161290322581,0.32258064516129037,0.26229508196721313,0.04395604395604396,0.3064516129032258,0.1935483870967742,0.1517625381453346,0.006377259870337233,0.3696107135960586,0.14041359971959344
4174,0.4516129032258064,0.43564356435643564,0.1568627450980392,0.18181818181818182,0.3483870967741935,0.297029702970297,0.06877088757656998,0.06403238270508456,0.36113843127612494,0.2529459871380246
4175,0.273972602739726,0.3287671232876712,0.056338028169014086,0.056338028169014086,0.136986301369863,0.1917808219178082,0.016872983761259962,0.015013144370355695,0.1930428134556575,0.13803680981595093
4176,0.5925925925925926,0.4489795918367347,0.33962264150943394,0.22916666666666669,0.4444444444444444,0.3673469387755102,0.15476324515096188,0.07239775630780051,0.3770491803278688,0.24349279835390944
4177,0.6346153846153846,0.5263157894736842,0.4117647058823529,0.35135135135135137,0.576923076923077,0.4473684210526316,0.22166910819566427,0.20387753266587974,0.5699263207066418,0.3908976276355532
4178,0.4793388429752066,0.42857142857142855,0.20168067226890757,0.22916666666666663,0.33057851239669417,0.30612244897959184,0.10479885045628311,0.025628583592579524,0.3208121443560126,0.2650675035201222
4179,0.34615384615384615,0.4086021505376344,0.07843137254901959,0.0879120879120879,0.2692307692307692,0.23655913978494622,0.013350097003610487,0.013682745765808694,0.1752694814877934,0.17130620985010708
4180,0.43373493975903615,0.5352112676056339,0.24691358024691354,0.2608695652173913,0.36144578313253006,0.3380281690140845,0.04355118338135257,0.04584180542277473,0.39075773020727145,0.40436005625879035
4181,0.25157232704402516,0.3307086614173228,0.06369426751592357,0.06400000000000002,0.15094339622641512,0.2047244094488189,0.014076664341950559,0.012486194853965994,0.14684728269633932,0.18533876684993555
4182,0.43809523809523804,0.41304347826086957,0.19417475728155342,0.2,0.3047619047619048,0.32608695652173914,0.043509234131515924,0.09255735941834044,0.36040404040404045,0.304290514159628
4183,0.5203252032520325,0.45161290322580644,0.347107438016529,0.24590163934426232,0.45528455284552843,0.3548387096774193,0.22345293581258,0.113294553558448,0.41006941159776744,0.28526761699838626
4184,0.4885496183206107,0.37037037037037035,0.20155038759689922,0.07547169811320754,0.29007633587786263,0.18518518518518517,0.15794933255791307,0.010810146091608063,0.3337894924733742,0.1604920814479638
4185,0.5732484076433121,0.39080459770114945,0.23225806451612904,0.13953488372093023,0.28025477707006374,0.19540229885057472,0.11141345556183323,0.013917941228205102,0.3219050677800527,0.17772511848341233
4186,0.5039370078740157,0.6526315789473685,0.22399999999999998,0.34408602150537637,0.25196850393700787,0.4210526315789474,0.0294597785212003,0.16084890932510607,0.35818696353813406,0.48016701461377864
4187,0.5454545454545454,0.5,0.2978723404255319,0.20634920634920634,0.27972027972027974,0.28125000000000006,0.1858961671158704,0.03203375247525806,0.4179813277672605,0.31542907550202987
4188,0.46715328467153283,0.36363636363636365,0.16296296296296295,0.09302325581395349,0.26277372262773724,0.24999999999999994,0.06644012696678055,0.00772709846788809,0.38366430768882204,0.1496171802054155
4189,0.3253012048192771,0.273972602739726,0.08536585365853659,0.06944444444444445,0.1566265060240964,0.15068493150684933,0.018679795262473993,0.017259610540332086,0.21019873861463692,0.14471780028943562
4190,0.53125,0.4864864864864865,0.33333333333333337,0.23853211009174313,0.20312499999999997,0.23423423423423426,0.1434166634491756,0.03733329789813612,0.34329641430233143,0.29172535211267603
4191,0.42105263157894735,0.49462365591397844,0.17857142857142855,0.28571428571428575,0.19298245614035087,0.3010752688172043,0.029906529671362307,0.05308213625835565,0.2373205741626794,0.22715234486411603
4192,0.4603174603174603,0.48000000000000004,0.1774193548387097,0.18367346938775508,0.33333333333333337,0.33999999999999997,0.1099945460169078,0.02461088501533388,0.2434436408795383,0.22280948553054664
4193,0.4645161290322581,0.38596491228070173,0.2222222222222222,0.19642857142857142,0.2967741935483871,0.3157894736842105,0.15715339204258558,0.08793940043033185,0.3208521390339572,0.24778716216216212
4194,0.4819277108433735,0.7272727272727273,0.2469135802469136,0.59375,0.38554216867469876,0.5151515151515151,0.10237690146766662,0.42385395998673125,0.4753099173553719,0.6139864850183604
4195,0.4583333333333333,0.4578313253012048,0.2765957446808511,0.24691358024691357,0.31250000000000006,0.3373493975903615,0.1507560710690795,0.1267368140539592,0.33206412825651305,0.31419539493357257
4196,0.5294117647058822,0.4259259259259259,0.36,0.18867924528301885,0.3725490196078432,0.3333333333333333,0.22933440699401847,0.12597149807828142,0.4569164879460479,0.39549295501676457
4197,0.4496124031007752,0.532258064516129,0.1732283464566929,0.26229508196721313,0.20155038759689922,0.30645161290322576,0.035295536081282226,0.09861451469896812,0.28464724919093853,0.3373880416364076
4198,0.4117647058823529,0.49411764705882355,0.15999999999999998,0.24096385542168675,0.21568627450980393,0.4235294117647058,0.044981663062193734,0.12715319641420963,0.3258169137508921,0.3537424679441413
4199,0.4859813084112149,0.3516483516483516,0.2857142857142857,0.13483146067415733,0.35514018691588783,0.28571428571428564,0.1733163170408314,0.1105628631992893,0.43319376361655776,0.2712629681174089
4200,0.4901960784313726,0.41304347826086957,0.3,0.3111111111111111,0.41176470588235287,0.41304347826086957,0.23250450821598545,0.2325837465961054,0.41721980198019804,0.24752717486281503
4201,0.4693877551020408,0.33333333333333337,0.22916666666666666,0.12195121951219512,0.346938775510204,0.2380952380952381,0.15887772073617445,0.028111779613152404,0.4494807757967405,0.18112479151440186
4202,0.5663716814159292,0.5087719298245613,0.25225225225225223,0.26785714285714285,0.3008849557522124,0.368421052631579,0.13483047262117753,0.16430945844245895,0.3157894736842105,0.2794756892134379
4203,0.4541062801932367,0.45901639344262296,0.0878048780487805,0.15469613259668508,0.20289855072463767,0.3060109289617486,0.021270554275152957,0.03166561046134026,0.24537010297852546,0.20565414601561152
4204,0.33928571428571425,0.48888888888888893,0.14545454545454548,0.25,0.30357142857142855,0.39999999999999997,0.10151539397609044,0.14023037760068044,0.20171005778374806,0.2765180146132527
4205,0.3614457831325301,0.3733333333333333,0.14814814814814814,0.1095890410958904,0.3373493975903615,0.24,0.03521639839527129,0.03879686879447983,0.25946822011222725,0.1816869998688181
4206,0.4556962025316455,0.4444444444444444,0.2597402597402597,0.2278481012658228,0.4303797468354431,0.32098765432098764,0.15541593159954734,0.13466542200058335,0.4313415116739216,0.3166045259873216
4207,0.43564356435643553,0.32876712328767116,0.2828282828282828,0.14084507042253522,0.2574257425742575,0.273972602739726,0.18842994613490255,0.11031958317774526,0.5278035517769674,0.304584136693039
4208,0.5599999999999999,0.4827586206896552,0.24489795918367346,0.3294117647058824,0.33999999999999997,0.4367816091954023,0.03605568200195384,0.16778257522976628,0.2955729166666667,0.2702921653687346
4209,0.4597701149425288,0.5476190476190476,0.1411764705882353,0.2926829268292683,0.27586206896551724,0.35714285714285715,0.0354159784730227,0.1431983145394352,0.33049738219895286,0.36224821312540606
4210,0.3516483516483517,0.3125,0.06741573033707865,0.0967741935483871,0.24175824175824176,0.25,0.02288434592267591,0.04088740828258773,0.2318840579710145,0.19984276729559747
4211,0.4716981132075472,0.4098360655737705,0.23076923076923075,0.13333333333333333,0.3584905660377359,0.22950819672131145,0.18432875112250402,0.07645328912606712,0.5082073981856117,0.41882653444519574
4212,0.42857142857142855,0.4545454545454546,0.14545454545454545,0.14814814814814814,0.26785714285714285,0.3090909090909091,0.13302326513305301,0.09755972334790412,0.4056715176715177,0.3767433600092786
4213,0.44660194174757284,0.3809523809523809,0.2772277227722772,0.12195121951219513,0.33009708737864074,0.19047619047619044,0.14458924666162856,0.016662810873079206,0.4326923076923077,0.21529928047938338
4214,0.36363636363636365,0.2857142857142857,0.09302325581395349,0.08823529411764705,0.18181818181818182,0.19999999999999998,0.025279619843431637,0.030656262939096176,0.23995208146151542,0.16262755102040816
4215,0.558139534883721,0.5,0.3333333333333333,0.31428571428571433,0.46511627906976744,0.4444444444444445,0.19192273854615494,0.28080987562108667,0.5030259647296155,0.39395059121621623
4216,0.42774566473988435,0.45614035087719296,0.09356725146198831,0.11834319526627218,0.18497109826589597,0.2807017543859649,0.024010345565442015,0.06760628466582737,0.22224561571404644,0.23863658139312063
4217,0.7450980392156863,0.7476635514018692,0.58,0.5904761904761904,0.6862745098039216,0.6915887850467289,0.4668872895448658,0.4360077869989562,0.7512015962364716,0.7446408836055854
4218,0.537037037037037,0.5609756097560975,0.3584905660377358,0.35,0.4444444444444445,0.4390243902439025,0.2560359651420497,0.19345935992865243,0.4102356609955395,0.3483462350457424
4219,0.3486238532110092,0.22988505747126436,0.22429906542056074,0.07058823529411765,0.3119266055045872,0.13793103448275862,0.13444449848965162,0.009499208976841776,0.24385072094995758,0.07984031936127745
4220,0.811881188118812,0.8139534883720931,0.6262626262626262,0.7380952380952381,0.7326732673267327,0.8139534883720931,0.37770196713980864,0.41536111994279307,0.6271414029396186,0.6237246156322531
4221,0.3505154639175258,0.48484848484848486,0.16842105263157894,0.28125,0.3092783505154639,0.45454545454545453,0.06697455898563957,0.17413632463082465,0.2640353598014889,0.30612244897959184
4222,0.45454545454545453,0.5060240963855421,0.23255813953488372,0.271604938271605,0.2727272727272727,0.3855421686746988,0.08424923185035335,0.09212480089422209,0.4346395835329438,0.47000026064065475
4223,0.46511627906976744,0.4210526315789474,0.15748031496062992,0.17204301075268816,0.3100775193798449,0.23157894736842105,0.10742040936558572,0.0695168325186165,0.3330460509390275,0.3034798534798535
4224,0.21505376344086022,0.11363636363636363,0.02197802197802198,0.0,0.12903225806451615,0.06818181818181819,0.005015716481729794,0.0047291810340735615,0.09408602150537634,0.04098360655737705
4225,0.4482758620689656,0.5185185185185185,0.19298245614035084,0.22784810126582278,0.20689655172413793,0.2962962962962963,0.0708171436820315,0.03827442125681667,0.4469794238683127,0.35381515990934265
4226,0.5691056910569106,0.3958333333333333,0.3636363636363637,0.1914893617021277,0.4878048780487805,0.35416666666666663,0.24197927702826216,0.0826858297367501,0.5179807907080635,0.21558962264150947
4227,0.5046728971962616,0.5306122448979592,0.24761904761904763,0.27083333333333337,0.35514018691588783,0.3673469387755102,0.1318386547680834,0.11285217165515837,0.4291160896130347,0.4260214451184139
4228,0.48387096774193544,0.12048192771084337,0.22950819672131145,0.0,0.25806451612903225,0.07228915662650602,0.06539541288320105,0.005524421302183376,0.39740936863543797,0.07777777777777778
4229,0.3272727272727273,0.3921568627450981,0.1111111111111111,0.2,0.18181818181818182,0.27450980392156865,0.024571186786862945,0.06811983814286982,0.32670697865634324,0.39016115351993214
4230,0.5663716814159292,0.5633802816901408,0.34234234234234234,0.4057971014492754,0.37168141592920356,0.47887323943661975,0.21321295414898264,0.21399038082360683,0.55228282338865,0.39113355780022446
4231,0.29787234042553196,0.3291139240506329,0.10869565217391304,0.18181818181818185,0.21276595744680848,0.27848101265822783,0.05633294412316094,0.15100446246630878,0.2564662228527775,0.25313212786354167
4232,0.37931034482758624,0.5964912280701754,0.21052631578947367,0.375,0.2931034482758621,0.4210526315789474,0.14965570815181983,0.20506938351332749,0.32531538135102817,0.41442320395947035
4233,0.2702702702702703,0.3098591549295775,0.08333333333333333,0.08695652173913043,0.2162162162162162,0.22535211267605634,0.025852698129040588,0.029815564924567654,0.15694137168141592,0.17431361709968676
4234,0.15730337078651685,0.2608695652173913,0.0,0.11940298507462688,0.08988764044943821,0.23188405797101447,0.005617843823157786,0.037181762421878845,0.09510869565217392,0.1819164265129683
4235,0.5121951219512194,0.5789473684210525,0.32098765432098764,0.3866666666666666,0.3292682926829268,0.44736842105263164,0.1397295091431143,0.22584849047312047,0.37451638845418184,0.4483277903474604
4236,0.5517241379310346,0.6933333333333334,0.30588235294117644,0.4657534246575343,0.3908045977011494,0.48,0.1833365163418563,0.34300303437665575,0.5021690344925077,0.6084397905759162
4237,0.4660194174757281,0.32653061224489793,0.2772277227722772,0.20833333333333331,0.4271844660194175,0.30612244897959184,0.16646694591650638,0.14505210379122876,0.3962900211958946,0.2666456957114397
4238,0.548780487804878,0.36241610738255026,0.30864197530864196,0.09523809523809525,0.43902439024390244,0.17449664429530198,0.14908270312661995,0.0134207614000611,0.3828595634800783,0.1803807792692021
4239,0.39583333333333337,0.5316455696202531,0.25531914893617025,0.36363636363636365,0.2708333333333333,0.4050632911392405,0.12819910782656763,0.20137842729092134,0.43010953401378327,0.5392302259887006
4240,0.4230769230769231,0.3090909090909091,0.23529411764705882,0.12962962962962962,0.25,0.21818181818181817,0.040655607858153364,0.027232255639946967,0.37478991596638656,0.17454071025499596
4241,0.35000000000000003,0.375,0.1016949152542373,0.1272727272727273,0.2,0.17857142857142858,0.00846967436908127,0.024964314160701582,0.1708679889102154,0.2482421875
4242,0.725925925925926,0.8032786885245902,0.5263157894736842,0.65,0.6222222222222222,0.7213114754098361,0.3978062823901108,0.48528383814272286,0.6217202457803961,0.5931745662434355
4243,0.406015037593985,0.4727272727272727,0.22900763358778625,0.2777777777777778,0.2556390977443609,0.27272727272727276,0.09821734488371045,0.06434338061060724,0.2618208914781195,0.2436970338983051
4244,0.6559999999999999,0.5862068965517241,0.4065040650406504,0.3508771929824561,0.46399999999999997,0.3620689655172414,0.35479092535658246,0.2740852442469071,0.5013232106719036,0.4229225509142262
4245,0.4696969696969697,0.5507246376811594,0.13846153846153847,0.27941176470588236,0.33333333333333337,0.36231884057971014,0.023360036437651978,0.15836377307830257,0.2673547462522484,0.4968220079020344
4246,0.593103448275862,0.5441176470588235,0.3356643356643356,0.2835820895522388,0.30344827586206896,0.2647058823529412,0.09624887074980623,0.13309277822764518,0.36990565773634554,0.35508978472854136
4247,0.5656565656565656,0.30379746835443033,0.24742268041237117,0.05194805194805195,0.42424242424242425,0.17721518987341772,0.15499686563608686,0.014466083290174033,0.41094738045051676,0.16469804067460317
4248,0.3536585365853659,0.3571428571428571,0.1358024691358025,0.17391304347826086,0.17073170731707316,0.19999999999999996,0.09744187704640797,0.12274179527270303,0.2243704499343597,0.23452884615384614
4249,0.7058823529411764,0.5494505494505494,0.52,0.2696629213483146,0.588235294117647,0.30769230769230765,0.33819719848797536,0.11136793970954686,0.5283515212171573,0.31473498445584536
4250,0.44067796610169496,0.46511627906976744,0.15517241379310345,0.23809523809523814,0.3389830508474576,0.3023255813953488,0.015750473255825855,0.0784685639354392,0.3113623423454511,0.2741072741769428
4251,0.3015873015873016,0.3130434782608696,0.06451612903225806,0.08849557522123892,0.20634920634920634,0.2434782608695652,0.009611587900328282,0.012704889249739953,0.13322884012539185,0.1691673290937997
4252,0.47619047619047616,0.4470588235294118,0.14634146341463414,0.0963855421686747,0.3571428571428571,0.2823529411764706,0.01685329995174473,0.01271820811901616,0.20060134594882728,0.2259156050955414
4253,0.47169811320754723,0.547945205479452,0.2692307692307692,0.3661971830985916,0.39622641509433965,0.5205479452054795,0.12349988624352688,0.23412915869740078,0.4612143895279803,0.4524972261429423
4254,0.44808743169398907,0.411764705882353,0.2099447513812155,0.10447761194029852,0.2513661202185792,0.27941176470588236,0.16862594144645976,0.00971929445647191,0.3728805203427321,0.20502564102564103
4255,0.40579710144927533,0.48000000000000004,0.1323529411764706,0.19512195121951217,0.2898550724637681,0.304,0.022769872029906536,0.021166622100975422,0.17817806870908778,0.186244450831976
4256,0.3697478991596639,0.4444444444444445,0.15384615384615385,0.20454545454545453,0.1680672268907563,0.22222222222222224,0.02528814441717504,0.0391123119949597,0.3673739337004644,0.3375693590208763
4257,0.38655462184873945,0.3333333333333333,0.15384615384615383,0.10714285714285715,0.18487394957983194,0.1929824561403509,0.06189836382771416,0.023515661638098876,0.24707333591331268,0.19797507788161994
4258,0.3909774436090226,0.5223880597014926,0.16793893129770993,0.2878787878787879,0.2255639097744361,0.373134328358209,0.1117218977205725,0.2020223290408418,0.31051752921535897,0.4540297001153401
4259,0.6037735849056604,0.5168539325842697,0.34615384615384615,0.2758620689655172,0.39622641509433965,0.49438202247191015,0.25758776383008436,0.1055416793899718,0.5377440171778858,0.3701814058956916
4260,0.5671641791044776,0.5,0.30303030303030304,0.2105263157894737,0.31343283582089554,0.3103448275862069,0.20970059180847203,0.11976246847547958,0.40661428006105477,0.24226641414141412
4261,0.5084745762711864,0.559322033898305,0.13793103448275862,0.27586206896551724,0.23728813559322035,0.3559322033898305,0.028335598122110135,0.1122893892164351,0.31531197036674646,0.5017052123287871
4262,0.3953488372093023,0.5396825396825397,0.21428571428571427,0.22950819672131148,0.27906976744186046,0.38095238095238093,0.0607943136604975,0.02595654640979598,0.27767595307917897,0.35890218156228004
4263,0.40740740740740733,0.4615384615384615,0.2075471698113208,0.22471910112359547,0.2777777777777778,0.32967032967032966,0.07839621745254671,0.10626627971817584,0.38867102396514164,0.36183817940842083
4264,0.421875,0.39506172839506176,0.2222222222222222,0.1518987341772152,0.296875,0.2716049382716049,0.12446456343295384,0.03380016592178892,0.40634514850347564,0.257312440645774
4265,0.48214285714285715,0.5714285714285714,0.21818181818181817,0.31067961165048535,0.3392857142857143,0.3619047619047619,0.0755004292232092,0.13901147733297814,0.3008034489515971,0.3687169312169311
4266,0.3063063063063063,0.4301075268817205,0.1651376146788991,0.28571428571428575,0.23423423423423423,0.4301075268817205,0.10854352878303279,0.14152536711131067,0.3333211838460417,0.4040128084576482
4267,0.5301204819277109,0.5405405405405405,0.2962962962962963,0.4166666666666667,0.40963855421686746,0.4864864864864865,0.20904505799369383,0.2646299872454219,0.4324647968605725,0.3755848930481283
4268,0.31304347826086953,0.4000000000000001,0.07079646017699115,0.08163265306122448,0.19130434782608696,0.20000000000000004,0.025017486590046434,0.013526360569457833,0.16215341024084196,0.2093977421009238
4269,0.39655172413793105,0.3853211009174312,0.21052631578947367,0.1308411214953271,0.29310344827586204,0.2201834862385321,0.13858627484905378,0.07442094372010061,0.28274701967380966,0.2483646953405018
4270,0.5000000000000001,0.4358974358974359,0.27906976744186046,0.2631578947368421,0.38636363636363635,0.35897435897435903,0.12635080075470545,0.1887172152241574,0.4183122524372068,0.33311345646437995
4271,0.41333333333333333,0.3609022556390978,0.22972972972972974,0.15267175572519082,0.3466666666666667,0.2706766917293233,0.11860619924568701,0.09651038907320562,0.4097675076700439,0.3119007092198582
4272,0.4631578947368421,0.430379746835443,0.2580645161290323,0.2337662337662338,0.35789473684210527,0.3037974683544304,0.0902880564309328,0.1397286788565567,0.4209183673469388,0.38167938931297707
4273,0.39215686274509803,0.33999999999999997,0.12,0.10204081632653061,0.25490196078431376,0.18000000000000002,0.010576165596688737,0.01183616638971712,0.17766119730624697,0.17282588711160138
4274,0.5301204819277109,0.5352112676056338,0.3209876543209876,0.31884057971014496,0.3373493975903615,0.4225352112676056,0.20075500853690936,0.22554684328666952,0.5155729887126624,0.4569050903816902
4275,0.47787610619469023,0.4146341463414634,0.2882882882882883,0.22499999999999998,0.37168141592920356,0.3170731707317073,0.1256314510292018,0.030294939444829364,0.4024379836140191,0.25905872553102877
4276,0.4957264957264957,0.4285714285714286,0.2608695652173913,0.14583333333333334,0.3076923076923077,0.24489795918367346,0.12938736372336102,0.03186084226111308,0.366093808630394,0.2171381255637984
4277,0.43010752688172044,0.4109589041095891,0.19780219780219782,0.14084507042253522,0.3440860215053763,0.3013698630136986,0.06860408726434751,0.015365675989334644,0.2578450735132763,0.16828548048528838
4278,0.2814814814814815,0.35294117647058826,0.060150375939849635,0.16867469879518074,0.16296296296296295,0.2588235294117647,0.017566918439619834,0.014044818674455782,0.17651412992495308,0.21164021164021163
4279,0.4444444444444445,0.5274725274725275,0.17391304347826086,0.2247191011235955,0.32478632478632474,0.32967032967032966,0.015750473255825855,0.03881722041705226,0.3214327286030231,0.3570587927607491
4280,0.39999999999999997,0.3380281690140845,0.0547945205479452,0.05797101449275362,0.26666666666666666,0.22535211267605634,0.019201470468641194,0.018303658240252582,0.2086659778967471,0.18265342008088628
4281,0.25599999999999995,0.2626262626262626,0.04878048780487805,0.0618556701030928,0.144,0.14141414141414144,0.010032294758565694,0.0070012632031006316,0.14798593574635244,0.11616456501468396
4282,0.3878787878787879,0.3945578231292517,0.18404907975460125,0.20689655172413796,0.23030303030303031,0.23129251700680273,0.08446653045721067,0.08637867612938169,0.23491648851293487,0.17674543501611167
4283,0.41860465116279066,0.38596491228070173,0.1259842519685039,0.07142857142857144,0.23255813953488375,0.1754385964912281,0.03343650501701765,0.011738042231248942,0.25202292263610315,0.1672950219619327
4284,0.5084745762711865,0.4999999999999999,0.2586206896551724,0.28571428571428575,0.3220338983050847,0.31999999999999995,0.1171572064927581,0.12357057684891694,0.2955881890506588,0.20989453982651263
4285,0.4657534246575342,0.3111111111111111,0.2222222222222222,0.10526315789473684,0.3013698630136986,0.16296296296296298,0.10567964193351036,0.006860539187654981,0.3104870434760539,0.10506798516687267
4286,0.4318181818181818,0.5,0.2558139534883721,0.2820512820512821,0.36363636363636365,0.35,0.13237860532057674,0.13776369112359987,0.3066666666666667,0.32433056325023085
4287,0.2992125984251969,0.368,0.064,0.14634146341463417,0.1889763779527559,0.224,0.01066382470617606,0.0134688564213487,0.23847218686354385,0.35283742331288354
4288,0.6608695652173913,0.679611650485437,0.3716814159292035,0.43564356435643564,0.4869565217391304,0.48543689320388345,0.18052623934226,0.2028605834816277,0.4863514033064207,0.4406914893617021
4289,0.38709677419354843,0.3333333333333333,0.14130434782608695,0.1323529411764706,0.23655913978494625,0.20289855072463767,0.028396567402070194,0.005724175221842473,0.24201366942697677,0.15047502714440825
4290,0.29508196721311475,0.4150943396226415,0.06666666666666667,0.17307692307692307,0.18032786885245902,0.2830188679245283,0.011241072182903093,0.02934626827110227,0.14935988620199145,0.1882929809065469
4291,0.5714285714285715,0.463768115942029,0.18749999999999997,0.14925373134328357,0.32653061224489793,0.3188405797101449,0.07591595505477239,0.08728442790415326,0.52479216152019,0.32289002557544755
4292,0.4528301886792452,0.4772727272727273,0.21153846153846156,0.2790697674418604,0.33962264150943394,0.4318181818181818,0.11621596010282971,0.1593803611627686,0.37306697647553033,0.33502427184466027
4293,0.2876712328767123,0.4067796610169491,0.09722222222222222,0.1724137931034483,0.2328767123287671,0.3050847457627119,0.08338236015909709,0.06215109759603132,0.17084001480202296,0.19818438160503382
4294,0.34615384615384615,0.3614457831325302,0.11764705882352941,0.14814814814814814,0.2692307692307692,0.2891566265060241,0.015337392625044346,0.016237010192032816,0.19021842355175692,0.1536413555937656
4295,0.4230769230769231,0.5168539325842697,0.2352941176470588,0.3448275862068966,0.3461538461538462,0.42696629213483145,0.14941910307947615,0.19951954383156142,0.2788048076588741,0.3718480603448276
4296,0.452054794520548,0.4076433121019108,0.19444444444444448,0.15483870967741936,0.3013698630136986,0.24203821656050956,0.059797474170462314,0.050213695213133645,0.2084322221496433,0.22277371415302452
4297,0.4925373134328358,0.46874999999999994,0.25757575757575757,0.2698412698412698,0.28358208955223885,0.34375,0.08661396485521189,0.16015708419337774,0.2969240426867546,0.3114134081620204
4298,0.5423728813559322,0.5116279069767442,0.2413793103448276,0.28571428571428564,0.2711864406779661,0.3488372093023256,0.12522680635074002,0.10860938552514901,0.4606675883168748,0.33698730468750004
4299,0.3776223776223776,0.35761589403973504,0.11347517730496454,0.12080536912751677,0.2657342657342658,0.2119205298013245,0.052217936928960686,0.019624033658909985,0.16017125215203282,0.1769188161132516
4300,0.3137254901960784,0.35714285714285715,0.05999999999999999,0.17073170731707318,0.1568627450980392,0.2619047619047619,0.013858898706140918,0.10410688679331881,0.19358442644032922,0.3114566639957265
4301,0.4087591240875912,0.48148148148148145,0.1333333333333333,0.15094339622641512,0.2043795620437956,0.25925925925925924,0.02615069672563758,0.058582674717395256,0.27661160323024914,0.2231682769726248
4302,0.5,0.5777777777777778,0.31343283582089554,0.4318181818181818,0.3676470588235294,0.5111111111111111,0.16877653929806954,0.2688190470327315,0.3385134138191413,0.3672434582298528
4303,0.5510204081632654,0.37837837837837834,0.20833333333333334,0.11111111111111112,0.326530612244898,0.24324324324324326,0.09527411106913533,0.07960458954111183,0.4474333628269645,0.20884099908620163
4304,0.39795918367346944,0.44943820224719105,0.13402061855670103,0.14772727272727273,0.16326530612244897,0.1797752808988764,0.012460022052826931,0.023553423346121257,0.26247632575757573,0.26090585923747006
4305,0.3333333333333333,0.4,0.11864406779661019,0.19354838709677422,0.21666666666666665,0.21052631578947367,0.06153702372819376,0.06410598319700968,0.21108360836083606,0.21866096866096862
4306,0.5389221556886229,0.4782608695652174,0.21818181818181817,0.16176470588235295,0.20359281437125748,0.2753623188405797,0.1308324095163408,0.06914401587003445,0.3354716844683547,0.25547358666465697
4307,0.5039370078740157,0.7291666666666665,0.35200000000000004,0.574468085106383,0.4409448818897638,0.6875,0.22608344112598516,0.41259034868399364,0.46244033147533203,0.5820340035581216
4308,0.3816793893129771,0.4587155963302752,0.2015503875968992,0.2803738317757009,0.2748091603053435,0.3486238532110092,0.06228358989015053,0.09770371317307038,0.2271756614343558,0.27361904562971934
4309,0.4424778761061947,0.4,0.21621621621621623,0.19354838709677422,0.2831858407079646,0.3368421052631579,0.10910714759395845,0.06817082918270607,0.2909769162297242,0.137221269296741
4310,0.3684210526315789,0.3826086956521739,0.14285714285714285,0.17699115044247787,0.1754385964912281,0.24347826086956523,0.020648580331109008,0.024020798048013124,0.18646744412050534,0.22092217999098107
4311,0.39316239316239315,0.3023255813953488,0.1217391304347826,0.11904761904761904,0.23931623931623933,0.18604651162790697,0.03450187101103128,0.07183721082652908,0.29768974447798613,0.16710961789188641
4312,0.23853211009174313,0.3488372093023256,0.018691588785046728,0.07142857142857144,0.12844036697247707,0.23255813953488372,0.008851870661018247,0.0351085367965604,0.15384615384615385,0.2849440733885894
4313,0.20338983050847456,0.20338983050847456,0.0,0.0,0.10169491525423728,0.16949152542372883,0.0070567815578135955,0.008401002752367033,0.0625,0.1076923076923077
4314,0.6050420168067226,0.425531914893617,0.2393162393162393,0.13043478260869565,0.38655462184873945,0.23404255319148937,0.12315625735762666,0.014715665184449712,0.47252548474999556,0.25241675617615467
4315,0.460431654676259,0.3636363636363636,0.13138686131386862,0.05042016806722688,0.2302158273381295,0.16528925619834708,0.10044348358791994,0.00862367465663889,0.27561290241186914,0.14800051047601892
4316,0.6071428571428572,0.6019417475728156,0.4181818181818182,0.27722772277227725,0.5535714285714285,0.38834951456310685,0.27181188228252545,0.17303353843686656,0.4867600884363852,0.4446545578599409
4317,0.43589743589743596,0.3875,0.18181818181818182,0.16455696202531644,0.23076923076923078,0.23749999999999996,0.06146282963657896,0.03081709586079117,0.2778545363248639,0.3047523427041499
4318,0.5755395683453237,0.39999999999999997,0.2627737226277372,0.11111111111111112,0.27338129496402874,0.3090909090909091,0.10045294396616535,0.015431473076564887,0.4103811208211958,0.16656341107871725
4319,0.4600000000000001,0.34782608695652173,0.2040816326530612,0.17777777777777776,0.28,0.17391304347826086,0.041992510438478056,0.032298084680889586,0.31143953068592056,0.22234992898258202
4320,0.5785123966942148,0.625,0.3361344537815126,0.3272727272727272,0.2479338842975207,0.41071428571428575,0.16034470428928307,0.1743297603901753,0.4907213155646231,0.47617171717171713
4321,0.2295081967213115,0.2352941176470588,0.05,0.07228915662650602,0.18032786885245902,0.2117647058823529,0.010057666874514393,0.011687379318688965,0.17368182846797917,0.11208576998050682
4322,0.38167938931297707,0.47328244274809156,0.12403100775193798,0.13953488372093023,0.25954198473282447,0.29007633587786263,0.08061622342347315,0.07113269407747702,0.2505641679748823,0.28223906933665477
4323,0.3695652173913043,0.375,0.11111111111111112,0.1282051282051282,0.23913043478260868,0.35,0.012653299443953998,0.01573366652450736,0.2914073016704762,0.27345345345345345
4324,0.42794759825327516,0.42990654205607476,0.19383259911894274,0.19811320754716982,0.296943231441048,0.28037383177570097,0.04940541769538476,0.05825391167307288,0.19041920186113098,0.20333363921956057
4325,0.32967032967032966,0.42666666666666664,0.0898876404494382,0.10958904109589042,0.17582417582417584,0.21333333333333332,0.015652411276701517,0.018407957168346777,0.21899170627154976,0.23975776724591893
4326,0.5106382978723405,0.48,0.3695652173913043,0.3013698630136986,0.4893617021276596,0.39999999999999997,0.19404166128693517,0.2284423966901767,0.4794121409383573,0.3834532257541881
4327,0.3434343434343434,0.36363636363636365,0.14432989690721648,0.20618556701030927,0.24242424242424243,0.3232323232323232,0.03413021475209325,0.13984677889629893,0.29008707555420354,0.3059035070488509
4328,0.462962962962963,0.3272727272727273,0.22641509433962265,0.1111111111111111,0.3148148148148148,0.2727272727272727,0.09312025149323676,0.0236225011664674,0.40596531791907514,0.21461538461538468
4329,0.336283185840708,0.35555555555555557,0.09009009009009009,0.11363636363636365,0.2300884955752212,0.24444444444444444,0.035405163495399156,0.03448611020184733,0.17179023508137434,0.21911843050054433
4330,0.546875,0.47540983606557374,0.3015873015873016,0.2833333333333333,0.37500000000000006,0.34426229508196726,0.1378145470646178,0.14244988690533536,0.36568515342100244,0.3758473229210464
4331,0.49612403100775193,0.40350877192982465,0.2047244094488189,0.07142857142857142,0.3875968992248062,0.2456140350877193,0.11664505026282908,0.026814112621506108,0.4579848665870171,0.27226834768347685
4332,0.5853658536585366,0.45045045045045046,0.2644628099173554,0.12844036697247707,0.40650406504065045,0.28828828828828823,0.11937739359683013,0.03232377478686395,0.4333219319491436,0.2823421065387039
4333,0.29508196721311475,0.27272727272727276,0.1,0.1111111111111111,0.16393442622950818,0.14545454545454542,0.012511000953037837,0.053680686619482706,0.21847514340344176,0.13698630136986303
4334,0.23762376237623764,0.35616438356164387,0.0,0.028169014084507043,0.11881188118811882,0.2465753424657534,0.004315621605804481,0.008428682606415532,0.14102564102564105,0.18005540166204984
4335,0.6323529411764706,0.44067796610169496,0.2835820895522388,0.18965517241379312,0.4117647058823529,0.3050847457627119,0.11729478555235871,0.031155851540557545,0.5053287014692511,0.24702912621359224
4336,0.43200000000000005,0.38,0.11382113821138212,0.10204081632653061,0.28800000000000003,0.28,0.0231650230457027,0.038221534415073,0.2559689153439153,0.2970059880239521
4337,0.4512195121951219,0.33576642335766427,0.22222222222222224,0.11851851851851851,0.3292682926829268,0.24817518248175183,0.07361165317921944,0.0070962364311553195,0.2693810064849508,0.14225349994736924
4338,0.3619047619047619,0.26666666666666666,0.11650485436893204,0.045454545454545456,0.28571428571428575,0.2222222222222222,0.05348964847156943,0.012409587310910991,0.2657706601158982,0.15873015873015875
4339,0.5957446808510638,0.42105263157894735,0.3043478260869565,0.2162162162162162,0.4042553191489362,0.34210526315789475,0.12431318337552062,0.03369509690971006,0.48215818077803196,0.23965203146403802
4340,0.16052060737527116,0.13636363636363638,0.03050108932461874,0.027397260273972605,0.10412147505422993,0.08181818181818182,0.0017694203112724695,7.980834129336024e-05,0.05957151717005833,0.043743473374629756
4341,0.5149700598802396,0.39766081871345027,0.3515151515151515,0.15384615384615385,0.2754491017964072,0.23391812865497078,0.25659135687112067,0.10202979768711123,0.44034536891679754,0.3002303685897436
4342,0.4393939393939394,0.42105263157894735,0.1076923076923077,0.15053763440860216,0.2727272727272727,0.3157894736842105,0.05307625518084029,0.10638234019803702,0.3422607947839288,0.2405382812371945
4343,0.48,0.40909090909090917,0.3469387755102041,0.32558139534883723,0.38,0.40909090909090917,0.1854140938752948,0.20467626910977452,0.5385117493472584,0.48491387356175936
4344,0.6883720930232557,0.6079295154185022,0.5258215962441315,0.39111111111111113,0.5860465116279069,0.47577092511013214,0.43882917672182076,0.2993262721154696,0.5560198856664212,0.45749312870455194
4345,0.546583850931677,0.4774193548387097,0.2767295597484276,0.19607843137254902,0.3602484472049689,0.2580645161290323,0.17792086623065417,0.1327112087437663,0.5133492836586072,0.3902612986862778
4346,0.3140495867768595,0.5806451612903225,0.13445378151260506,0.3516483516483516,0.1487603305785124,0.4516129032258065,0.023916050389803805,0.22725466488195692,0.23099949264332825,0.4674460794194719
4347,0.38834951456310673,0.2790697674418604,0.15841584158415842,0.11904761904761905,0.19417475728155337,0.18604651162790697,0.028664222117602656,0.01456788398645016,0.2802327375311308,0.13997797356828193
4348,0.46060606060606063,0.4567901234567901,0.2085889570552147,0.23750000000000002,0.29090909090909095,0.28395061728395066,0.12548330398539553,0.11041716019709491,0.34467733673664286,0.2994981471937962
4349,0.41428571428571426,0.38202247191011235,0.18840579710144928,0.13793103448275865,0.2285714285714286,0.2921348314606742,0.11177594001930806,0.06123200840042966,0.4006968641114983,0.24139579349904397
4350,0.5112781954887219,0.4672897196261683,0.2595419847328244,0.30476190476190473,0.37593984962406024,0.4112149532710281,0.09611942430725538,0.08893021451283502,0.33419707961293793,0.26096234738894014
4351,0.34693877551020413,0.2637362637362637,0.125,0.08988764044943819,0.22448979591836735,0.21978021978021978,0.03968204300514035,0.025140491419932857,0.2653542698019802,0.16636546184738954
4352,0.42857142857142855,0.4545454545454545,0.19512195121951217,0.15625,0.35714285714285715,0.3333333333333333,0.13481992111033636,0.11375288188289383,0.3592551150895141,0.29070228595903996
4353,0.5362318840579711,0.4786324786324786,0.22058823529411764,0.15652173913043477,0.3333333333333333,0.2905982905982906,0.09372807459072618,0.09345014757470269,0.2935316940905198,0.3011234567901234
4354,0.5576923076923077,0.41975308641975306,0.411764705882353,0.3037974683544304,0.4423076923076923,0.2716049382716049,0.22602451989010156,0.20163687301470912,0.5716484869809993,0.3706285483925152
4355,0.5581395348837209,0.5631067961165048,0.2677165354330709,0.3564356435643565,0.37209302325581395,0.4077669902912621,0.1522610570969243,0.2527040387966949,0.506050605060506,0.5189944511281888
4356,0.5504587155963302,0.54,0.3177570093457944,0.3469387755102041,0.40366972477064217,0.41999999999999993,0.1659790929546053,0.09745382348513071,0.3662959381044487,0.3643517774563894
4357,0.3356643356643357,0.3389830508474576,0.12765957446808512,0.10344827586206896,0.22377622377622378,0.22033898305084745,0.08036884334791453,0.06930722393107502,0.2985553772070626,0.23213986599664993
4358,0.5106382978723405,0.4274809160305344,0.21582733812949642,0.15503875968992245,0.2978723404255319,0.24427480916030533,0.10993227514943872,0.0245204736431622,0.30365787250828613,0.17875397580245392
4359,0.44919786096256686,0.32222222222222224,0.15135135135135133,0.11235955056179775,0.20320855614973263,0.23333333333333336,0.01097732335075323,0.01565885609471212,0.17624536367114083,0.13935032495877386
4360,0.2802547770700637,0.3565891472868217,0.06451612903225808,0.06299212598425197,0.14012738853503184,0.13953488372093023,0.008167500515596778,0.05348964847156943,0.18691176470588233,0.2611876807895185
4361,0.419047619047619,0.3333333333333333,0.15533980582524268,0.11363636363636363,0.2095238095238095,0.2888888888888889,0.08514956558627551,0.012681344546312338,0.29117712611838126,0.16853315766359245
4362,0.49411764705882355,0.5079365079365079,0.3373493975903615,0.360655737704918,0.47058823529411764,0.4761904761904762,0.24144192374066673,0.2521873352382117,0.37199999999999994,0.3545076884920635
4363,0.31578947368421056,0.32967032967032966,0.03571428571428571,0.08988764044943821,0.14035087719298248,0.15384615384615385,0.01308712524609261,0.022719364830809833,0.19862265894011924,0.17875932469572045
4364,0.4222222222222222,0.39999999999999997,0.1590909090909091,0.15384615384615383,0.3111111111111111,0.29999999999999993,0.11011491906091668,0.033077111860364806,0.35070710016037326,0.2606477373558119
4365,0.5263157894736842,0.32758620689655166,0.28,0.14035087719298245,0.2894736842105263,0.1896551724137931,0.13510579728449984,0.020032696047054595,0.2551736115749957,0.16369517931175517
4366,0.45045045045045046,0.490566037735849,0.27522935779816515,0.2692307692307692,0.3783783783783784,0.3962264150943397,0.16546503294467457,0.15087876776656803,0.46611809184921604,0.40608465608465605
4367,0.425531914893617,0.43902439024390244,0.17391304347826086,0.17500000000000002,0.3191489361702127,0.31707317073170727,0.10624793541906813,0.0954678270056577,0.2428069094735762,0.2512657591201717
4368,0.3779527559055118,0.36666666666666664,0.176,0.20338983050847456,0.22047244094488191,0.18333333333333332,0.10077748078242948,0.09894229088540547,0.23528508878225324,0.16464337175792507
4369,0.43243243243243246,0.4680851063829788,0.14678899082568808,0.2608695652173913,0.27027027027027023,0.3617021276595745,0.015725095638408466,0.054245388969256486,0.245836995653378,0.24999088788453128
4370,0.4883720930232559,0.34210526315789475,0.30952380952380953,0.16216216216216214,0.41860465116279066,0.2631578947368421,0.15752472077738655,0.11912074202372534,0.40132455098441494,0.28434684684684686
4371,0.5777777777777777,0.46376811594202894,0.38636363636363635,0.26865671641791045,0.4666666666666667,0.43478260869565216,0.183728346993725,0.13527956433795724,0.5132129249635151,0.35007610350076107
4372,0.36065573770491804,0.39622641509433965,0.15,0.1923076923076923,0.2950819672131147,0.28301886792452824,0.058742488242113346,0.043649815071730276,0.33462514202113586,0.25676419435087955
4373,0.18000000000000002,0.2380952380952381,0.061224489795918366,0.07317073170731708,0.12,0.11904761904761905,0.009806985693721234,0.012780140290701365,0.14301915322580647,0.1927931666493758
4374,0.28571428571428575,0.29411764705882354,0.0970873786407767,0.14,0.19047619047619047,0.23529411764705882,0.011072581435845821,0.06190867264354498,0.20576980792316923,0.27555555555555555
4375,0.3333333333333333,0.32941176470588235,0.11864406779661017,0.1686746987951807,0.21666666666666665,0.30588235294117644,0.013788630393730497,0.013575128150261623,0.19788829173722053,0.18166357452071735
4376,0.5254237288135593,0.5263157894736842,0.2931034482758621,0.2580645161290323,0.4067796610169491,0.29473684210526313,0.1878673375125944,0.12362280766928746,0.36398577899379225,0.2589280589990817
4377,0.6355140186915889,0.40384615384615385,0.4571428571428571,0.17647058823529413,0.31775700934579443,0.30769230769230765,0.3175112421743982,0.09298843528322444,0.5302453051705733,0.33411419042325097
4378,0.5,0.6138613861386139,0.20338983050847456,0.3636363636363636,0.3,0.5346534653465347,0.03762956061195323,0.1313799103436971,0.3986510912789153,0.5346958174904943
4379,0.40425531914893614,0.46511627906976744,0.30434782608695654,0.30952380952380953,0.3829787234042554,0.41860465116279066,0.17855495883318584,0.17306234579696222,0.3529365577889448,0.37782086976632484
4380,0.5128205128205129,0.37681159420289856,0.34210526315789475,0.11940298507462688,0.41025641025641024,0.2318840579710145,0.2692065609201848,0.03648180145314243,0.4088714783159228,0.24658203125000006
4381,0.5142857142857143,0.4523809523809524,0.3106796116504854,0.21951219512195122,0.32380952380952377,0.3333333333333333,0.18210342283273856,0.07412469239522994,0.4954268292682927,0.29746031046363847
4382,0.553191489361702,0.4130434782608695,0.28260869565217395,0.17777777777777776,0.44680851063829785,0.3043478260869565,0.12972376796445162,0.042299081080364904,0.4542263029975696,0.277099609375
4383,0.4655172413793103,0.48979591836734687,0.19298245614035084,0.20833333333333331,0.3275862068965517,0.3469387755102041,0.04238404913929047,0.036535772243394694,0.24742949756888166,0.28254735854523383
4384,0.41726618705035967,0.43243243243243246,0.1751824817518248,0.1834862385321101,0.3165467625899281,0.23423423423423426,0.09923457699711677,0.049051578522248174,0.27426061888169906,0.231655164551391
4385,0.5714285714285714,0.4999999999999999,0.30434782608695654,0.30612244897959184,0.24285714285714285,0.33999999999999997,0.20728670048605133,0.1388753825061418,0.4874760964293551,0.3420382079732517
4386,0.4210526315789474,0.26530612244897955,0.23655913978494625,0.041666666666666664,0.3157894736842105,0.16326530612244897,0.12287579518346706,0.0105133490705884,0.26076868350418786,0.13856812933025406
4387,0.32380952380952377,0.27450980392156865,0.11650485436893204,0.06,0.19047619047619044,0.11764705882352941,0.02500533240124399,0.012333861371485691,0.17074778811252267,0.16215341024084193
4388,0.5571428571428572,0.6666666666666666,0.4927536231884058,0.576271186440678,0.5428571428571429,0.6333333333333333,0.2751268622558898,0.36131334654262703,0.5663095527960392,0.6864161849710981
4389,0.5629629629629629,0.6239999999999999,0.2556390977443609,0.40650406504065045,0.4,0.5119999999999999,0.18499149440902857,0.2447595202389147,0.41821744524447235,0.4369072364395493
4390,0.368,0.32558139534883723,0.11382113821138211,0.11904761904761905,0.224,0.2558139534883721,0.02225695401031433,0.023112053348378445,0.2362453531598513,0.17055555555555554
4391,0.562962962962963,0.53125,0.31578947368421056,0.20634920634920634,0.4148148148148148,0.296875,0.14632875295225364,0.08270121169116476,0.41542015935546933,0.38181818181818183
4392,0.4823529411764706,0.3937007874015748,0.16666666666666669,0.128,0.2823529411764706,0.26771653543307083,0.10949929577497812,0.020629256110753936,0.2862206536750039,0.21847901101209233
4393,0.5655172413793104,0.4927536231884058,0.26573426573426573,0.2794117647058823,0.3724137931034483,0.37681159420289856,0.15306016989062812,0.18658931800077022,0.45260421748333907,0.38366430768882204
4394,0.5352112676056339,0.6,0.34285714285714286,0.4067796610169492,0.47887323943661975,0.5666666666666667,0.18210701884892153,0.24327764344476832,0.43346344623041905,0.43015332197614997
4395,0.2992125984251969,0.3294117647058823,0.08,0.0963855421686747,0.1889763779527559,0.25882352941176473,0.01871532084066883,0.028542270679022663,0.2524904939694775,0.22736579275905117
4396,0.5657894736842105,0.3620689655172414,0.4,0.03508771929824562,0.43421052631578944,0.15517241379310345,0.2864755940668991,0.01026619029834729,0.515490253210148,0.1877154932710488
4397,0.26143790849673204,0.22413793103448276,0.052980132450331126,0.052631578947368425,0.18300653594771243,0.17241379310344826,0.017728123569857736,0.007109645244603392,0.1320039255617654,0.06993006993006994
4398,0.35,0.6229508196721312,0.20512820512820512,0.5084745762711864,0.325,0.39344262295081966,0.12434332373577706,0.2926394666583954,0.43069500855617177,0.6567534076827757
4399,0.40322580645161293,0.3373493975903615,0.11475409836065574,0.024691358024691357,0.22580645161290322,0.14457831325301201,0.011807985614062265,0.009137805205009253,0.2620720419315267,0.14524551618547685
4400,0.4054054054054054,0.3140495867768595,0.1917808219178082,0.20168067226890757,0.24324324324324323,0.2644628099173554,0.09982412097960419,0.061634288508572596,0.27120291616038883,0.17336816245296513
4401,0.5205479452054794,0.4888888888888889,0.3472222222222222,0.3157894736842105,0.3287671232876712,0.4444444444444445,0.106974601264561,0.10525066416312738,0.5253847183719759,0.4132271653639175
4402,0.46956521739130436,0.49056603773584906,0.17699115044247787,0.24999999999999994,0.3826086956521739,0.3962264150943396,0.07833560495977583,0.14686656694373038,0.37375417444290876,0.4039917982225675
4403,0.4375,0.5833333333333333,0.23404255319148937,0.34285714285714286,0.33333333333333337,0.5,0.10934213504624032,0.1596841168239053,0.38676925878710616,0.35757401552170165
4404,0.736,0.7419354838709677,0.6178861788617886,0.6065573770491802,0.704,0.7096774193548387,0.4077763095538558,0.402221817868268,0.7488383988607069,0.7450724528071864
4405,0.46540880503144655,0.47058823529411764,0.178343949044586,0.22388059701492535,0.2641509433962264,0.29411764705882354,0.09949315465620098,0.10637268201628149,0.3765752336010346,0.3302236011246313
4406,0.5641025641025641,0.4324324324324324,0.2608695652173913,0.23853211009174313,0.3247863247863248,0.2522522522522523,0.1590769038893464,0.12524973021013644,0.43136620633830464,0.3017120571520577
4407,0.47540983606557385,0.3488372093023256,0.3333333333333333,0.16666666666666666,0.459016393442623,0.2558139534883721,0.17622535704737066,0.13549417140176467,0.5262876503493513,0.261281813645113
4408,0.4,0.3653846153846154,0.2037037037037037,0.17647058823529413,0.2909090909090909,0.2884615384615385,0.11297107703185229,0.0731214927375959,0.3379340717003054,0.26704940848990955
4409,0.5714285714285714,0.7916666666666666,0.41818181818181815,0.6595744680851063,0.46428571428571425,0.6875,0.2699670386989545,0.5045234726118345,0.45870003305050294,0.6933371949453531
4410,0.4897959183673469,0.5454545454545454,0.3541666666666667,0.3488372093023256,0.3877551020408163,0.5227272727272727,0.20832608671739253,0.1589098613401811,0.33015167364016734,0.4068550497121926
4411,0.48437499999999994,0.41379310344827586,0.3015873015873016,0.2352941176470588,0.40624999999999994,0.3218390804597701,0.18870216779842447,0.11179587815009892,0.4172720848056537,0.26755952380952386
4412,0.5360824742268041,0.46376811594202894,0.35789473684210527,0.20895522388059704,0.3505154639175258,0.2608695652173913,0.16348391959091657,0.13135037875606173,0.45373355736191223,0.31985826744165746
4413,0.3516483516483516,0.42857142857142855,0.1348314606741573,0.14705882352941174,0.1978021978021978,0.28571428571428575,0.07107887461531795,0.041749927266508044,0.3755672982322511,0.3173166497289973
4414,0.5897435897435898,0.46774193548387105,0.4545454545454546,0.31147540983606553,0.5128205128205129,0.33870967741935487,0.2965947991119363,0.24712442545253582,0.5710241766013522,0.4128090260494442
4415,0.4444444444444445,0.37333333333333335,0.2268041237113402,0.1095890410958904,0.26262626262626265,0.21333333333333335,0.09559011577577113,0.021135962512427636,0.350920856147337,0.24594155844155843
4416,0.5200000000000001,0.4772727272727273,0.28571428571428575,0.16279069767441862,0.36,0.29545454545454547,0.16738874940117093,0.016474575791240956,0.4463763670695588,0.25891800507185125
4417,0.4601769911504425,0.5689655172413793,0.2522522522522523,0.3157894736842105,0.3539823008849558,0.36206896551724144,0.1943403698434142,0.11337214709405519,0.30907228300611217,0.40205236205023237
4418,0.3970588235294118,0.34234234234234234,0.1044776119402985,0.11009174311926605,0.2058823529411765,0.25225225225225223,0.014186181305703895,0.011873215622848068,0.15873015873015875,0.14126431118618618
4419,0.2982456140350877,0.35294117647058826,0.10714285714285714,0.14,0.17543859649122806,0.25490196078431376,0.015901540326580973,0.014154129696938477,0.1959565829811915,0.20049630779109587
4420,0.47457627118644075,0.49006622516556286,0.21714285714285714,0.25503355704697983,0.29378531073446335,0.423841059602649,0.13110314675320225,0.09091335251507636,0.3474103437878404,0.31424014513851994
4421,0.4339622641509434,0.5365853658536586,0.23076923076923075,0.375,0.3584905660377358,0.4878048780487805,0.03178743908080704,0.11511966934612633,0.26212431693989074,0.34366352703277997
4422,0.46601941747572817,0.2962962962962963,0.19801980198019803,0.10126582278481011,0.27184466019417475,0.14814814814814814,0.10588613616356635,0.028469102498727923,0.3269005342249894,0.17829471664698937
4423,0.21153846153846154,0.2666666666666666,0.0392156862745098,0.13698630136986303,0.1346153846153846,0.24,0.009796205216074627,0.07022183955845689,0.19893048128342247,0.19949901592413674
4424,0.3488372093023256,0.4411764705882353,0.12941176470588237,0.23880597014925373,0.23255813953488375,0.27941176470588236,0.04714894753552036,0.10403561654630275,0.21468772694262891,0.3025648591637115
4425,0.48000000000000004,0.48148148148148145,0.2601626016260163,0.24528301886792453,0.28800000000000003,0.3148148148148148,0.1320637014059228,0.133311941022054,0.4363458859666877,0.3808367780749712
4426,0.5303867403314917,0.5149700598802395,0.2346368715083799,0.23030303030303031,0.35359116022099446,0.3592814371257485,0.16774367621431405,0.1869177912233455,0.3118169623174267,0.39376002365442087
4427,0.25599999999999995,0.3661971830985915,0.06504065040650407,0.08695652173913045,0.17600000000000002,0.22535211267605634,0.0068976417173307126,0.02025632763886133,0.1288056206088993,0.2268026004728132
4428,0.36734693877551017,0.40322580645161293,0.0625,0.11475409836065574,0.20408163265306123,0.2903225806451613,0.014435323317567443,0.02227618786984324,0.1590187978927203,0.2820785266140458
4429,0.48979591836734687,0.41758241758241754,0.20833333333333331,0.15730337078651688,0.3469387755102041,0.3076923076923077,0.11485010691308513,0.10002151445242775,0.320144421073552,0.25999322493224936
4430,0.5289256198347108,0.39175257731958757,0.28571428571428575,0.23157894736842105,0.4132231404958677,0.3711340206185567,0.13555818081390175,0.10095502958148886,0.4024478416108313,0.23820754716981132
4431,0.33783783783783783,0.34545454545454546,0.136986301369863,0.12962962962962965,0.2567567567567568,0.14545454545454548,0.10498565533040609,0.006617136993505842,0.2062110840391383,0.1537314001925515
4432,0.2222222222222222,0.23655913978494622,0.052173913043478265,0.06593406593406594,0.15384615384615385,0.15053763440860216,0.009166476032503491,0.00839505216978596,0.11389334320134865,0.10956896551724134
4433,0.6037735849056605,0.3185840707964602,0.5,0.09009009009009009,0.5471698113207547,0.1592920353982301,0.33077989421818227,0.0131038251693957,0.548859582747811,0.2725331248690017
4434,0.5714285714285714,0.5494505494505494,0.2916666666666667,0.31460674157303375,0.42857142857142855,0.41758241758241765,0.18180045640854536,0.17106720343607565,0.41668852459016387,0.35870582120582123
4435,0.4475524475524476,0.3489932885906041,0.2695035460992907,0.09523809523809525,0.39160839160839156,0.24161073825503357,0.23260215973891638,0.08701629748234806,0.3696592592592593,0.22500732922896508
4436,0.32941176470588235,0.1818181818181818,0.12048192771084339,0.0625,0.25882352941176473,0.1212121212121212,0.02489637360879045,0.012069505116436091,0.25383707201889016,0.0767434100767434
4437,0.45783132530120485,0.3466666666666667,0.17283950617283952,0.24657534246575347,0.21686746987951808,0.21333333333333335,0.03897964806937795,0.1711319828158902,0.2972241620111732,0.33235552362707543
4438,0.3676470588235294,0.47706422018348627,0.08955223880597014,0.205607476635514,0.16176470588235292,0.27522935779816515,0.01198858376141071,0.0843751981933179,0.19653550602009065,0.2556701030927835
4439,0.35789473684210527,0.4761904761904762,0.15053763440860213,0.27184466019417475,0.27368421052631575,0.4380952380952381,0.03616371960453495,0.122348631788334,0.3293241695303551,0.4685840580958122
4440,0.5555555555555556,0.6,0.28301886792452835,0.358974358974359,0.4074074074074074,0.47500000000000003,0.19662384677803604,0.23835955396407119,0.4146704209082378,0.43506539520570137
4441,0.42553191489361697,0.5161290322580645,0.17391304347826086,0.23333333333333334,0.25531914893617025,0.22580645161290322,0.032304477553855765,0.035521214758079935,0.3769864411721825,0.2720905172413793
4442,0.5799999999999998,0.6753246753246753,0.38775510204081626,0.5333333333333333,0.4,0.6233766233766235,0.182387864566916,0.15582464856481865,0.43176869877049173,0.4190845824411135
4443,0.4,0.5396825396825397,0.21359223300970873,0.32786885245901637,0.2857142857142857,0.47619047619047616,0.12152834896783077,0.1971465029118037,0.4882003378514259,0.4670253508979085
4444,0.396551724137931,0.25316455696202533,0.10526315789473685,0.05194805194805195,0.27586206896551724,0.1518987341772152,0.06522609756072442,0.011997697078648534,0.2853156699693324,0.10392609699769055
4445,0.6041666666666667,0.5365853658536586,0.23404255319148937,0.15,0.4791666666666667,0.2682926829268293,0.05144201220913522,0.04189873774496759,0.34846019477878015,0.26511501866795134
4446,0.3937007874015748,0.44897959183673475,0.16000000000000003,0.20833333333333331,0.2204724409448819,0.28571428571428575,0.11144056599515122,0.10284560023261682,0.32043147208121825,0.30503498024431797
4447,0.5360824742268041,0.5526315789473684,0.27368421052631575,0.3243243243243243,0.26804123711340205,0.42105263157894735,0.0880400789584396,0.11138574233791042,0.42174940898345153,0.3895731268628593
4448,0.2941176470588235,0.23157894736842105,0.12000000000000001,0.08602150537634408,0.23529411764705882,0.12631578947368421,0.02877554157960106,0.021126480857843462,0.26875538947973554,0.09478672985781991
4449,0.5178571428571429,0.3,0.2909090909090909,0.1020408163265306,0.32142857142857145,0.23999999999999996,0.11194687226448642,0.023799953864887244,0.35289671413033724,0.1447484166080225
4450,0.4615384615384615,0.5303867403314917,0.23300970873786406,0.2681564245810056,0.3173076923076923,0.3314917127071823,0.14117538839644822,0.1536094003640928,0.259577635768112,0.3093606769986463
4451,0.630952380952381,0.5333333333333332,0.38554216867469876,0.33082706766917297,0.46428571428571425,0.48888888888888893,0.2392513705715262,0.20959383750582875,0.511283783645156,0.40025641025641034
4452,0.537037037037037,0.5294117647058824,0.22641509433962262,0.18,0.25925925925925924,0.25490196078431376,0.06424026704600908,0.050630886795765405,0.265662859120803,0.2785046244721366
4453,0.29906542056074764,0.3333333333333333,0.07619047619047618,0.10526315789473684,0.22429906542056077,0.25641025641025644,0.008661396485521191,0.01387195318363841,0.1403061224489796,0.1232876712328767
4454,0.2686567164179105,0.21568627450980393,0.030303030303030304,0.02,0.14925373134328357,0.13725490196078433,0.007404080578874811,0.0055147757862113,0.12750455373406192,0.07707129094412332
4455,0.4255319148936171,0.48192771084337344,0.1956521739130435,0.14814814814814817,0.3404255319148936,0.26506024096385544,0.1235463341630649,0.03514738338278828,0.34539098943531077,0.30522022391941095
4456,0.47692307692307695,0.5438596491228069,0.28125,0.25,0.4,0.3157894736842105,0.1182219289815548,0.08747607576436785,0.3453453453453454,0.3309697161549014
4457,0.3404255319148936,0.24691358024691357,0.10869565217391304,0.07594936708860758,0.23404255319148937,0.09876543209876543,0.02667506438502291,0.025603152270914874,0.24039691064395688,0.1783087059425574
4458,0.41935483870967744,0.4444444444444444,0.13114754098360654,0.1320754716981132,0.20967741935483872,0.24074074074074073,0.028768327828017807,0.03305843020216023,0.2807459439004777,0.2792061580352935
4459,0.27868852459016397,0.28787878787878785,0.06666666666666667,0.061538461538461535,0.11475409836065575,0.13636363636363635,0.01912181300451574,0.015762778561451873,0.21629650492207825,0.20765090633327368
4460,0.416,0.5744680851063829,0.22764227642276422,0.34782608695652173,0.272,0.44680851063829785,0.06827605827686686,0.20730530239173248,0.4255617977528089,0.52726213592233
4461,0.28571428571428575,0.3103448275862069,0.048780487804878044,0.0,0.23809523809523808,0.24137931034482762,0.0064334678730746785,0.006804246636701145,0.15151515151515152,0.10385756676557864
4462,0.3888888888888889,0.47619047619047616,0.22857142857142856,0.2622950819672131,0.36111111111111116,0.34920634920634924,0.022178843825083915,0.048924951545318195,0.3782026829423357,0.28860287189537565
4463,0.27499999999999997,0.5588235294117648,0.07692307692307691,0.303030303030303,0.2,0.38235294117647056,0.01620384468018578,0.21009527351631335,0.2113636363636364,0.464270039093201
4464,0.4999999999999999,0.5970149253731343,0.29230769230769227,0.30303030303030304,0.22727272727272724,0.4626865671641791,0.16677375064273106,0.13899562239033666,0.3993732393981496,0.46616944894795914
4465,0.5599999999999999,0.5263157894736843,0.20408163265306123,0.30107526881720426,0.44000000000000006,0.42105263157894735,0.12387307334568119,0.14262404920069202,0.3988481292529526,0.36970062286517974
4466,0.46153846153846156,0.4642857142857143,0.0851063829787234,0.10909090909090909,0.27972027972027974,0.2857142857142857,0.02155688165875848,0.03186761921877247,0.3146039603960396,0.3048734835355286
4467,0.4380952380952381,0.4946236559139785,0.17475728155339804,0.24175824175824176,0.2857142857142857,0.34408602150537637,0.018963614854986616,0.1249601463312623,0.32863275294872824,0.2531872509960159
4468,0.3919597989949749,0.26455026455026454,0.1116751269035533,0.053475935828877004,0.20100502512562815,0.16931216931216933,0.012450761517615191,0.009121092158115771,0.26456493736369713,0.1838506945221897
4469,0.6557377049180328,0.6481481481481481,0.5666666666666667,0.4716981132075472,0.639344262295082,0.5740740740740741,0.36837352155125164,0.35791398720306106,0.7346491554985763,0.6130821100487133
4470,0.3098591549295775,0.36065573770491804,0.02857142857142857,0.08333333333333333,0.18309859154929578,0.22950819672131148,0.007901107171057957,0.030718494090139572,0.1244167962674961,0.2202469135802469
4471,0.47407407407407404,0.4558823529411765,0.2706766917293233,0.2686567164179104,0.35555555555555557,0.38235294117647056,0.1411547329765262,0.12763182470019663,0.40940459235006543,0.3900174730507499
4472,0.4761904761904762,0.45569620253164556,0.34146341463414637,0.33766233766233766,0.45238095238095233,0.4303797468354431,0.17543797852017112,0.18512564665120743,0.4307116104868914,0.35968660968660976
4473,0.5964912280701754,0.6190476190476191,0.33928571428571425,0.39024390243902435,0.38596491228070173,0.45238095238095244,0.17351935285525652,0.1028898236896957,0.4803007392473118,0.4094328703703704
4474,0.36496350364963503,0.47619047619047616,0.13333333333333333,0.11650485436893204,0.2335766423357664,0.2285714285714286,0.02977716474355482,0.032247685500296296,0.2515666152029789,0.30136142998866217
4475,0.36986301369863017,0.46540880503144655,0.1111111111111111,0.12738853503184713,0.273972602739726,0.31446540880503143,0.020361581967907407,0.02384293633698082,0.17444704324330101,0.2485523385300668
4476,0.4000000000000001,0.37037037037037035,0.13636363636363635,0.17721518987341772,0.2222222222222222,0.2716049382716049,0.030661771012157113,0.0868863080179189,0.351037851037851,0.3758426966292135
4477,0.37254901960784315,0.44230769230769235,0.08,0.1176470588235294,0.1764705882352941,0.15384615384615383,0.012440374734028009,0.05437978131291836,0.20335999999999999,0.24622908017595113
4478,0.4,0.5274725274725274,0.21875,0.35955056179775274,0.2923076923076923,0.43956043956043955,0.13242098117210138,0.2380883471169175,0.26303025780696193,0.3331611570247934
4479,0.5,0.5116279069767441,0.3428571428571428,0.2857142857142857,0.4444444444444444,0.41860465116279066,0.18731107713279088,0.17134131896599,0.4457544915902141,0.5600240096038416
4480,0.29166666666666663,0.4731182795698925,0.06382978723404255,0.21978021978021978,0.1875,0.27956989247311825,0.011530675090782485,0.10911764495023195,0.17857142857142858,0.45748342147234117
4481,0.5370370370370371,0.45312499999999994,0.24528301886792453,0.2698412698412698,0.4074074074074074,0.28125,0.1257260278645628,0.2152370561413908,0.31758361078224245,0.3559054054054054
4482,0.48333333333333334,0.4397163120567376,0.15254237288135594,0.1294964028776978,0.24999999999999994,0.24113475177304966,0.03222558012141157,0.054411767808498906,0.2630097648489519,0.2878859083134346
4483,0.5857142857142856,0.5,0.3043478260869565,0.20895522388059704,0.44285714285714284,0.35294117647058826,0.2129837322885091,0.11874625272175625,0.5263765925416043,0.3928629075186395
4484,0.12371134020618556,0.208955223880597,0.0,0.0,0.10309278350515463,0.14925373134328357,0.0036682265072714064,0.006808256983563219,0.12068965517241381,0.1346153846153846
4485,0.2857142857142857,0.3247863247863248,0.08275862068965517,0.1391304347826087,0.2040816326530612,0.2393162393162393,0.00925538562319334,0.09196799738419303,0.15079365079365079,0.21283971159179146
4486,0.47619047619047616,0.4444444444444445,0.12413793103448276,0.16129032258064516,0.3129251700680272,0.31746031746031744,0.028153328683901132,0.03503377822381574,0.3499455548140082,0.3425655976676385
4487,0.548148148148148,0.6732673267326732,0.3458646616541353,0.46464646464646464,0.45925925925925926,0.5544554455445544,0.1580790241674968,0.20478128851255953,0.45723462417917443,0.441875
4488,0.4360902255639098,0.43902439024390244,0.24427480916030536,0.1983471074380165,0.34586466165413526,0.2764227642276423,0.14385833387433236,0.12987293870549732,0.4720097827261918,0.3907419628082894
4489,0.27142857142857146,0.49523809523809526,0.04347826086956522,0.27184466019417475,0.1714285714285714,0.3428571428571428,0.014784849640173637,0.1619239608229896,0.17454922309833024,0.34424631231115016
4490,0.6093749999999999,0.3716814159292035,0.39682539682539686,0.10810810810810811,0.5312499999999999,0.2831858407079646,0.26191763024067966,0.013055490751384798,0.5833407275953859,0.22710038843064734
4491,0.23255813953488372,0.29411764705882354,0.07874015748031496,0.10447761194029852,0.17054263565891475,0.1911764705882353,0.019120268691442916,0.02142628588132652,0.19375,0.24529939665313247
4492,0.42857142857142855,0.5581395348837209,0.2,0.2619047619047619,0.3214285714285714,0.4418604651162791,0.08763975787075534,0.17642222361640933,0.33293776371308015,0.4512249114521842
4493,0.5103448275862069,0.4492753623188406,0.40559440559440557,0.16176470588235295,0.48275862068965514,0.30434782608695654,0.26607458347909685,0.07875418272656003,0.45109011850445546,0.3855381998220177
4494,0.12048192771084337,0.14814814814814814,0.0,0.0,0.07228915662650602,0.09876543209876544,0.0052608684749981885,0.0056414392419841305,0.06756756756756757,0.09536784741144416
4495,0.5454545454545454,0.5567010309278351,0.35185185185185186,0.4,0.43636363636363634,0.49484536082474223,0.24496627792567963,0.30045909368783297,0.4979423868312757,0.45762497160728943
4496,0.5405405405405405,0.46875,0.3287671232876712,0.30158730158730157,0.33783783783783783,0.4375,0.2554745771309508,0.21033533790118664,0.4624915610976531,0.34327984198268496
4497,0.4195804195804196,0.37499999999999994,0.14184397163120568,0.1111111111111111,0.23776223776223776,0.18749999999999997,0.031226340586712618,0.020819213856085535,0.24500221544556522,0.19394351363260218
4498,0.43636363636363634,0.4918032786885245,0.16666666666666666,0.25,0.3090909090909091,0.3442622950819672,0.03528779328470337,0.08806624130540115,0.27519720725547486,0.3701428215265164
4499,0.379746835443038,0.3768115942028986,0.07692307692307693,0.11764705882352942,0.2151898734177215,0.2463768115942029,0.01185551076276636,0.05826555670926751,0.24014749042093533,0.2504274584340192
4500,0.7311827956989247,0.8529411764705882,0.6593406593406593,0.7575757575757576,0.6666666666666667,0.8529411764705882,0.3853950138085727,0.48282589237359796,0.6721410446571952,0.6596265687174777
4501,0.449438202247191,0.617283950617284,0.3448275862068966,0.5063291139240507,0.4044943820224719,0.5679012345679012,0.19464521962073492,0.3494204725218045,0.42895332558901494,0.602503244313913
4502,0.6407766990291263,0.7297297297297298,0.4554455445544554,0.6944444444444445,0.5825242718446602,0.7297297297297298,0.3527899651760298,0.3499921922594495,0.5643575661705731,0.4887399102275136
4503,0.45360824742268047,0.48,0.18947368421052632,0.2191780821917808,0.24742268041237114,0.24,0.12398707474003075,0.05079237321423019,0.44130405004337697,0.44648819280033986
4504,0.3969465648854961,0.5046728971962616,0.20155038759689922,0.26666666666666666,0.29007633587786263,0.3364485981308411,0.08846132779906143,0.14220157003157224,0.26803061331653016,0.2511855855855856
4505,0.464,0.49411764705882355,0.3414634146341463,0.3614457831325302,0.384,0.44705882352941173,0.2159176345603379,0.2213967338162686,0.40477321369301733,0.32145352900069885
4506,0.5343511450381678,0.5048543689320388,0.248062015503876,0.25742574257425743,0.32061068702290074,0.2912621359223301,0.06442437175114492,0.09330389162945692,0.3390051979438392,0.36579190305898385
4507,0.3762376237623762,0.43589743589743585,0.1212121212121212,0.13157894736842105,0.23762376237623764,0.20512820512820512,0.015365412345018764,0.02001442597611853,0.2876520529376092,0.329923896499239
4508,0.3803680981595092,0.39520958083832336,0.09937888198757765,0.10909090909090909,0.22085889570552147,0.2155688622754491,0.019627711480902952,0.05676262421513593,0.2598114156483045,0.3349714109102149
4509,0.5,0.4805194805194805,0.2153846153846154,0.23684210526315794,0.30303030303030304,0.2857142857142857,0.09727562403534257,0.07791617133506168,0.4128737541528239,0.3914567142399152
4510,0.588235294117647,0.4901960784313726,0.44,0.28,0.4117647058823529,0.2549019607843137,0.22860900154959457,0.12464121498183794,0.331400003905716,0.27882350538483536
4511,0.43661971830985913,0.5660377358490566,0.2714285714285714,0.3269230769230769,0.3661971830985915,0.43396226415094336,0.1637380051376371,0.22727634830301674,0.43121013687382975,0.42263035019455253
4512,0.37606837606837606,0.3010752688172043,0.17391304347826086,0.06593406593406594,0.17094017094017092,0.15053763440860216,0.1002370755691112,0.025752340710705337,0.42720073103868417,0.3177367340955732
4513,0.39603960396039606,0.31325301204819284,0.22222222222222224,0.1728395061728395,0.35643564356435636,0.26506024096385544,0.13451524769695222,0.040918065342970766,0.40712530712530715,0.258134193273604
4514,0.5343511450381679,0.547008547008547,0.31007751937984496,0.2956521739130435,0.41221374045801523,0.2905982905982906,0.24589591236112632,0.1712227996524581,0.3492957746478873,0.34365865095956216
4515,0.3,0.3818181818181818,0.10144927536231885,0.1111111111111111,0.1714285714285714,0.2,0.02514205883916097,0.035995605159860604,0.3041807225140733,0.31140753628791906
4516,0.45945945945945943,0.3725490196078432,0.1643835616438356,0.13999999999999999,0.3243243243243243,0.2549019607843137,0.024496947589760364,0.017336455392703846,0.32163804928811307,0.20706678393282446
4517,0.3184713375796178,0.41428571428571426,0.14193548387096774,0.2173913043478261,0.19108280254777069,0.3142857142857143,0.07132828739904541,0.11692225001036562,0.28125320479950766,0.39296301461464467
4518,0.42028985507246375,0.39062500000000006,0.16176470588235295,0.07936507936507936,0.3043478260869565,0.23437500000000003,0.06139716658527684,0.02063743693301196,0.3681653269746035,0.24686503412747662
4519,0.406015037593985,0.4117647058823529,0.21374045801526717,0.2,0.2706766917293233,0.3137254901960784,0.09698534505897968,0.05862986778011683,0.48235496749032714,0.3203574472618794
4520,0.2619047619047619,0.2777777777777778,0.04878048780487805,0.05714285714285715,0.1904761904761905,0.19444444444444445,0.029335609328344198,0.025470867664733294,0.18146341463414634,0.14347092220346785
4521,0.4533333333333333,0.3098591549295775,0.273972602739726,0.11594202898550725,0.3466666666666667,0.22535211267605634,0.22158183491694505,0.07628670307350822,0.4835243553008597,0.24084302325581397
4522,0.5538461538461538,0.5567010309278351,0.18652849740932642,0.18749999999999997,0.28717948717948716,0.288659793814433,0.14074579070747553,0.15524341088244356,0.3398395721925134,0.358487140920104
4523,0.2975206611570248,0.3294117647058824,0.050420168067226885,0.024096385542168676,0.1652892561983471,0.21176470588235294,0.01737451613027055,0.006555569265878262,0.2393617021276596,0.2058823529411765
4524,0.253968253968254,0.2820512820512821,0.06451612903225806,0.15789473684210525,0.14285714285714285,0.20512820512820512,0.00725539902336999,0.011385137103351576,0.13735537190082645,0.1390418502202643
4525,0.4081632653061224,0.3835616438356164,0.18750000000000003,0.11267605633802817,0.2857142857142857,0.273972602739726,0.12068409730926198,0.01903140654124742,0.3695843091334895,0.23671874999999998
4526,0.62,0.30769230769230765,0.32653061224489793,0.09523809523809523,0.4600000000000001,0.18461538461538463,0.11936722048622876,0.019436309349939396,0.5412573470926689,0.1339285714285714
4527,0.6774193548387097,0.5578231292517007,0.358695652173913,0.30344827586206896,0.47311827956989244,0.40816326530612246,0.1879595965891928,0.11218630430772589,0.5603400241697449,0.3655485182578779
4528,0.41379310344827586,0.4554455445544555,0.16783216783216784,0.14141414141414144,0.2206896551724138,0.2376237623762376,0.05921757542841726,0.07746741482791356,0.33152714210684275,0.3264672469120715
4529,0.37037037037037035,0.5522388059701493,0.16541353383458648,0.36363636363636365,0.1925925925925926,0.4925373134328358,0.01985724808574557,0.16227362856866862,0.34964443244216403,0.5577697090667945
4530,0.4044943820224719,0.28571428571428575,0.1839080459770115,0.05333333333333334,0.2696629213483146,0.12987012987012989,0.13834368456410945,0.01737720878556081,0.3708012157673748,0.16679790026246713
4531,0.5436893203883495,0.45045045045045046,0.2376237623762376,0.11009174311926606,0.27184466019417475,0.2522522522522523,0.05442224302308177,0.01672791125526205,0.39718663979019003,0.2620720419315267
4532,0.6301369863013699,0.608695652173913,0.4507042253521127,0.5373134328358209,0.6027397260273972,0.5217391304347826,0.3427631067197088,0.39733233786947325,0.5584219898634766,0.4983240223463687
4533,0.3841059602649007,0.5166666666666667,0.13422818791946312,0.22033898305084745,0.22516556291390732,0.3333333333333333,0.05945571131692351,0.12255111808245783,0.27339944417667383,0.3607480767974595
4534,0.3728813559322034,0.3578947368421052,0.10344827586206898,0.06451612903225806,0.13559322033898305,0.12631578947368421,0.019001560507076104,0.011363330168181546,0.24848962437614927,0.1878167374332283
4535,0.6046511627906976,0.588235294117647,0.4724409448818897,0.49253731343283574,0.5891472868217055,0.5588235294117647,0.2514114513542249,0.23782373422616723,0.5410951074531322,0.604040404040404
4536,0.4035087719298246,0.4,0.10714285714285714,0.14814814814814814,0.26315789473684215,0.23636363636363636,0.026983854465553136,0.08631243211608956,0.3031352885842908,0.3227249488752556
4537,0.3833333333333333,0.19354838709677416,0.10169491525423728,0.04395604395604395,0.23333333333333334,0.12903225806451613,0.014888819932271646,0.009512399052031204,0.258602400787808,0.10280820726830119
4538,0.4148148148148148,0.5142857142857142,0.22556390977443613,0.2912621359223301,0.35555555555555557,0.4380952380952381,0.14935045714287737,0.22967445324188535,0.40132571428571423,0.39869177890011226
4539,0.28888888888888886,0.3823529411764706,0.06818181818181818,0.0909090909090909,0.19999999999999998,0.2647058823529411,0.054540430824947056,0.0862682094685476,0.20756773590781688,0.22032329509768267
4540,0.54014598540146,0.5785123966942148,0.3703703703703704,0.4033613445378151,0.3357664233576642,0.33057851239669417,0.22572837091319553,0.17565392468905758,0.3480411046885035,0.3575937002194103
4541,0.5625,0.45,0.3191489361702128,0.2820512820512821,0.29166666666666663,0.225,0.045079757580111735,0.03827156275898326,0.3737017262742707,0.2772150022236497
4542,0.3934426229508196,0.4418604651162791,0.26666666666666666,0.2619047619047619,0.3114754098360656,0.34883720930232553,0.15602136006573053,0.15916586668694233,0.44142279438156545,0.38265306122448983
4543,0.4523809523809524,0.5359477124183006,0.2048192771084337,0.25165562913907286,0.261904761904762,0.27450980392156865,0.08154371730237789,0.1435241631463286,0.24041614123581337,0.34616331770192027
4544,0.5196850393700787,0.4835164835164835,0.24000000000000005,0.22471910112359547,0.3307086614173228,0.3956043956043956,0.1157809873000633,0.12526642265030288,0.4663443286274341,0.36188584605544427
4545,0.46153846153846156,0.4814814814814815,0.11235955056179775,0.22641509433962265,0.15384615384615385,0.2222222222222222,0.01919283019272332,0.03467706974524873,0.32192590091990886,0.34847775175644025
4546,0.3333333333333333,0.2162162162162162,0.14,0.05555555555555555,0.23529411764705882,0.2162162162162162,0.07064775665734777,0.007210315734081601,0.32012632787826584,0.12437810945273632
4547,0.46296296296296297,0.5576923076923077,0.16981132075471697,0.2549019607843137,0.2777777777777778,0.4230769230769231,0.06960598121220125,0.11897228842205748,0.3248358992719895,0.3652153223887699
4548,0.4296296296296296,0.48598130841121495,0.2105263157894737,0.24761904761904763,0.26666666666666666,0.24299065420560748,0.0960264954463703,0.14130844488483973,0.3705321076879407,0.28903597283618426
4549,0.2836879432624113,0.39175257731958757,0.07194244604316545,0.1263157894736842,0.15602836879432624,0.26804123711340205,0.010261683555180498,0.01753618617007004,0.2393596986817326,0.21305132671867508
4550,0.34883720930232553,0.28205128205128205,0.14285714285714282,0.026315789473684213,0.2558139534883721,0.17948717948717952,0.07910178336476144,0.014179043380612983,0.30207512477016024,0.19006202324089255
4551,0.41739130434782606,0.5,0.1592920353982301,0.2195121951219512,0.24347826086956526,0.30952380952380953,0.014226908750320264,0.03518798222801442,0.2681434599156118,0.23965371621621617
4552,0.5476190476190477,0.4931506849315068,0.22891566265060245,0.18055555555555558,0.3214285714285714,0.28767123287671237,0.15613385994241394,0.07510703901737209,0.3848943421550039,0.32261508475318645
4553,0.4628099173553719,0.5567010309278351,0.08403361344537814,0.18947368421052632,0.23140495867768596,0.26804123711340205,0.005687296077209305,0.06547221442436832,0.20295202952029523,0.2978707570544305
4554,0.52,0.4716981132075472,0.28571428571428575,0.21153846153846154,0.42000000000000004,0.22641509433962265,0.17500076746899018,0.08092223395419573,0.464848,0.4163952569169961
4555,0.43137254901960786,0.47311827956989244,0.28,0.3296703296703296,0.21568627450980393,0.40860215053763443,0.16782240192459974,0.1861820990433846,0.4138185394639783,0.4780246913580247
4556,0.43010752688172044,0.4418604651162791,0.2637362637362637,0.28571428571428564,0.3655913978494624,0.37209302325581395,0.1723243846523902,0.1605459569752503,0.4699248120300752,0.40706795183447336
4557,0.3563218390804597,0.39784946236559143,0.1627906976744186,0.19565217391304346,0.19540229885057472,0.26881720430107525,0.05627537413709684,0.09372622202680218,0.20937002639160304,0.27897123761785414
4558,0.411764705882353,0.3714285714285715,0.1,0.11764705882352941,0.2745098039215686,0.2857142857142857,0.012219662673429317,0.07391590266736926,0.31431296712486284,0.25681381376836815
4559,0.2972972972972973,0.28346456692913385,0.0684931506849315,0.08,0.17567567567567566,0.1889763779527559,0.020138924800037913,0.01753522618497632,0.18856821889961745,0.17286036036036034
4560,0.3684210526315789,0.2898550724637681,0.08928571428571427,0.059701492537313446,0.1929824561403509,0.17391304347826086,0.010988568788654035,0.010366275931087701,0.25620358946902866,0.14710648148148148
4561,0.5052631578947367,0.4155844155844156,0.25806451612903225,0.23999999999999996,0.23157894736842105,0.3116883116883117,0.034709247204129004,0.16330657473945515,0.3484919518674792,0.30224229212083464
4562,0.27083333333333337,0.18518518518518517,0.0851063829787234,0.07547169811320754,0.22916666666666666,0.18518518518518517,0.06290281840089479,0.03590865304709055,0.29242132305716123,0.1785112359550562
4563,0.4357541899441341,0.5599999999999999,0.22598870056497172,0.27272727272727276,0.35754189944134074,0.31999999999999995,0.07440592894888307,0.14098535149924524,0.2372078363883775,0.3727219327882256
4564,0.6235294117647059,0.732919254658385,0.511904761904762,0.5534591194968554,0.5647058823529412,0.6211180124223603,0.43085759301734244,0.4050590522204233,0.5766801594575329,0.5978617977069434
4565,0.5619834710743802,0.32727272727272727,0.3025210084033613,0.14814814814814814,0.36363636363636365,0.2545454545454546,0.1861876611349693,0.05779853785606918,0.38337039863130135,0.21288648286639136
4566,0.4592592592592593,0.3516483516483516,0.2556390977443609,0.08988764044943819,0.2962962962962963,0.1758241758241758,0.08363184993299258,0.012362883593468847,0.4865544332210999,0.18573911865631204
4567,0.5467625899280576,0.5563909774436091,0.32116788321167883,0.33587786259541985,0.4172661870503597,0.42105263157894735,0.17896351079859876,0.18419920340702509,0.37324827421859386,0.3263157894736842
4568,0.4137931034482759,0.6493506493506493,0.26315789473684204,0.42666666666666675,0.3103448275862069,0.49350649350649356,0.15718877363021205,0.2156707999487906,0.41339214791529355,0.46902650831007253
4569,0.25600000000000006,0.26804123711340205,0.11382113821138211,0.10526315789473685,0.208,0.20618556701030927,0.0627543365937056,0.01870074187809635,0.1647846543612016,0.10881849315068491
4570,0.47191011235955055,0.4761904761904763,0.20689655172413793,0.24390243902439024,0.22471910112359553,0.30952380952380953,0.03521506030995263,0.09930193778554111,0.422704081632653,0.3794692961359628
4571,0.5040650406504065,0.42424242424242425,0.23140495867768598,0.2268041237113402,0.22764227642276422,0.2222222222222222,0.03390073241316091,0.018534694589332087,0.41603926735445323,0.22684508925255625
4572,0.37362637362637363,0.288659793814433,0.06741573033707866,0.021052631578947368,0.1758241758241758,0.16494845360824742,0.012074204932422039,0.012399956157006274,0.19438436208677684,0.1431492842535787
4573,0.5233644859813084,0.45977011494252873,0.22857142857142856,0.11764705882352941,0.2429906542056075,0.2528735632183908,0.04338903451045763,0.031622244025380435,0.3512453557176276,0.24587279957108388
4574,0.5454545454545455,0.5208333333333334,0.32989690721649484,0.276595744680851,0.3434343434343435,0.41666666666666663,0.19192330264647506,0.11780158167715962,0.5027465806738575,0.35510133805588356
4575,0.5681818181818181,0.4044943820224719,0.3255813953488372,0.22988505747126434,0.4772727272727273,0.3146067415730337,0.11716376197090912,0.07744617268988857,0.41802832244008714,0.23059321384803924
4576,0.5522388059701493,0.5043478260869565,0.25757575757575757,0.3008849557522124,0.3731343283582089,0.4173913043478261,0.11294458063344995,0.06412572414914858,0.29879518072289163,0.2703457952815829
4577,0.3132530120481928,0.296875,0.07317073170731707,0.06349206349206349,0.16867469879518074,0.171875,0.010045900873058268,0.00906358451299482,0.17206617228624269,0.13984174330930482
4578,0.5217391304347826,0.4554455445544555,0.26548672566371684,0.22222222222222224,0.41739130434782606,0.27722772277227725,0.17666199896307336,0.09874370542273754,0.3810586734693877,0.33357881242669724
4579,0.4655172413793103,0.4235294117647059,0.2631578947368421,0.14457831325301204,0.27586206896551724,0.21176470588235294,0.09665643555796025,0.016508791086203053,0.4168617432724016,0.2551020408163266
4580,0.4132231404958677,0.4925373134328358,0.1848739495798319,0.2424242424242424,0.38016528925619836,0.26865671641791045,0.09762204847461803,0.08798050308929113,0.24837613883479967,0.32187568484595847
4581,0.5769230769230769,0.5094339622641509,0.27450980392156865,0.1923076923076923,0.28846153846153844,0.33962264150943394,0.08513528604725003,0.020151519514970902,0.3868165461724398,0.3220573234881478
4582,0.4,0.5578231292517006,0.2097902097902098,0.3448275862068965,0.26206896551724135,0.3945578231292517,0.11745941021785429,0.240326621520694,0.29291510381287106,0.4672213203463204
4583,0.40366972477064217,0.3736263736263737,0.1495327102803738,0.1348314606741573,0.2752293577981651,0.21978021978021978,0.038683015370512074,0.016634288121611246,0.2949766355140187,0.1953238953238953
4584,0.42500000000000004,0.39999999999999997,0.17948717948717952,0.14705882352941174,0.35,0.2571428571428571,0.04278733647922614,0.07423373568327937,0.320863309352518,0.2605550819836534
4585,0.23931623931623933,0.33644859813084116,0.05217391304347826,0.11428571428571428,0.13675213675213677,0.16822429906542058,0.013308561809919003,0.04048990469859965,0.1974141929499072,0.28624192059095105
4586,0.4716981132075472,0.5473684210526316,0.21153846153846154,0.3010752688172043,0.2830188679245283,0.4421052631578947,0.09091307460861568,0.13533737686860145,0.32587228439763,0.3337282398452612
4587,0.38961038961038963,0.4225352112676056,0.10666666666666667,0.20289855072463767,0.25974025974025977,0.14084507042253522,0.00797874140552923,0.039508432988538636,0.21386876006441227,0.3024326101249178
4588,0.6308724832214765,0.6792452830188679,0.489795918367347,0.6242038216560509,0.5369127516778524,0.628930817610063,0.3528325634100774,0.4846609207641045,0.5737827000023654,0.6760392694202195
4589,0.7142857142857143,0.5660377358490566,0.4838709677419355,0.44230769230769235,0.5238095238095238,0.4716981132075472,0.40669458316441365,0.27862192732208557,0.5940972332770862,0.2825567502986859
4590,0.46511627906976744,0.6301369863013699,0.19047619047619044,0.4507042253521127,0.32558139534883723,0.547945205479452,0.1035333482068235,0.3760423120938688,0.274242912371134,0.5445200302343159
4591,0.2891566265060241,0.325,0.07407407407407407,0.10256410256410256,0.21686746987951805,0.175,0.010592898115816707,0.011136317349785237,0.2631328963617365,0.3670058139534883
4592,0.547008547008547,0.4807692307692307,0.34782608695652173,0.25490196078431376,0.3418803418803419,0.3269230769230769,0.2770095785104829,0.1760378793554152,0.38648526291606417,0.23587238197774135
4593,0.49275362318840576,0.5102040816326531,0.22058823529411767,0.25,0.30434782608695654,0.326530612244898,0.07924436619820248,0.0901347437150226,0.30125963526978755,0.2306715063520871
4594,0.6212121212121212,0.4444444444444445,0.2769230769230769,0.16494845360824742,0.42424242424242425,0.3636363636363636,0.04094246998042414,0.02920336095058564,0.49545684680819824,0.2595271535580524
4595,0.4258064516129032,0.29687499999999994,0.15686274509803919,0.09523809523809522,0.23225806451612901,0.15625,0.07214557523613964,0.018196445152797457,0.20037982499514145,0.14960433645554752
4596,0.41739130434782606,0.5306122448979591,0.1415929203539823,0.24999999999999994,0.2782608695652174,0.3469387755102041,0.05471597152656129,0.15471648147325373,0.17335766423357665,0.2808711148464615
4597,0.5405405405405405,0.7478260869565218,0.3013698630136986,0.44247787610619466,0.47297297297297297,0.6434782608695652,0.15260094735084537,0.2690009500407619,0.5424529246794871,0.5648519795729926
4598,0.38383838383838387,0.4583333333333333,0.16494845360824742,0.2127659574468085,0.2626262626262626,0.31250000000000006,0.11354579041038154,0.12723833992962524,0.27270582515942693,0.2749783737024222
4599,0.3883495145631068,0.4883720930232558,0.17821782178217824,0.3333333333333333,0.2718446601941748,0.4186046511627907,0.0827206695437261,0.20792339374889604,0.2697231488609472,0.37754186602870815
4600,0.42990654205607476,0.32098765432098764,0.1904761904761905,0.10126582278481014,0.28037383177570097,0.17283950617283952,0.10351976784352601,0.027196623664786743,0.3869655501089324,0.20746735781700815
4601,0.48854961832061067,0.4485981308411215,0.0930232558139535,0.09523809523809525,0.22900763358778628,0.22429906542056074,0.014259457481008849,0.014617989896292488,0.28060471513263663,0.25444
4602,0.35294117647058826,0.4631578947368421,0.12,0.17204301075268819,0.2745098039215686,0.3157894736842105,0.012646071698454286,0.01450799808557797,0.30421686746987947,0.24297781396295542
4603,0.40625000000000006,0.4915254237288135,0.19047619047619047,0.22413793103448276,0.296875,0.3728813559322034,0.1069726542857551,0.09657216738269706,0.288624547920434,0.3520247781065089
4604,0.29508196721311475,0.3043478260869565,0.08333333333333333,0.1111111111111111,0.16393442622950818,0.2391304347826087,0.010360947369368885,0.01486812084158869,0.30867970660146704,0.249835092348285
4605,0.4631578947368421,0.49350649350649345,0.34408602150537637,0.4266666666666667,0.4631578947368421,0.49350649350649345,0.26169024367454585,0.38219410441893203,0.44834307992202727,0.41852985969346423
4606,0.5052631578947369,0.5925925925925927,0.21505376344086022,0.25316455696202533,0.35789473684210527,0.4197530864197531,0.0675077004601003,0.09709355995288857,0.33394578313253015,0.38478067868876564
4607,0.7839999999999999,0.8411214953271028,0.7154471544715446,0.8380952380952381,0.768,0.8411214953271028,0.6305347047962225,0.5817061995095355,0.6994032627954798,0.6648745519713262
4608,0.5365853658536586,0.5454545454545454,0.25000000000000006,0.26666666666666666,0.43902439024390244,0.38961038961038963,0.11385988964970627,0.13712749735021051,0.40655737704918027,0.39903857282849403
4609,0.34862385321100914,0.39215686274509803,0.22429906542056074,0.18000000000000002,0.3119266055045871,0.37254901960784315,0.11668630882963635,0.02620481544050726,0.21780746991717456,0.23808
4610,0.3092783505154639,0.5714285714285714,0.10526315789473685,0.32,0.2268041237113402,0.41558441558441556,0.016641516502585333,0.19379183590010474,0.22564989029984708,0.35595892232738874
4611,0.659217877094972,0.6153846153846153,0.46327683615819204,0.4311377245508982,0.42458100558659223,0.4142011834319526,0.28964221222324427,0.23502605305824123,0.4474196132280582,0.3701790633608815
4612,0.6569343065693432,0.706896551724138,0.4888888888888889,0.5789473684210527,0.39416058394160586,0.48275862068965514,0.34857511523700957,0.3446375537332612,0.5035085484396322,0.47281374707582224
4613,0.4827586206896552,0.5633802816901409,0.2588235294117647,0.40579710144927533,0.41379310344827586,0.4225352112676056,0.1141708367196601,0.1862178807401515,0.42780331667322674,0.46875
4614,0.75,0.4666666666666666,0.6181818181818182,0.3409090909090909,0.5892857142857143,0.4444444444444445,0.4937247781565983,0.21393468890058967,0.6746243827532217,0.3005096744239427
4615,0.43697478991596644,0.37837837837837834,0.17094017094017094,0.18348623853211013,0.2689075630252101,0.3063063063063063,0.07964662206989197,0.1306136700962756,0.310073187554284,0.2737060670996802
4616,0.35051546391752575,0.2637362637362637,0.18947368421052632,0.15730337078651685,0.3092783505154639,0.24175824175824176,0.1116712350116966,0.055497361599831575,0.2979385337150127,0.19065819695664657
4617,0.5,0.4266666666666667,0.30232558139534876,0.1917808219178082,0.3636363636363636,0.2933333333333334,0.19319522417917576,0.04376625362016777,0.5136986301369862,0.3253599745210118
4618,0.5323741007194244,0.6086956521739131,0.3795620437956205,0.46017699115044247,0.4892086330935252,0.591304347826087,0.2283502724119399,0.30042769767341226,0.675046707997467,0.6698068138959897
4619,0.20740740740740743,0.22727272727272727,0.030075187969924814,0.046511627906976744,0.11851851851851851,0.13636363636363635,0.0031848938480197775,0.004645088567368142,0.09786476868327403,0.0679611650485437
4620,0.1030195381882771,0.11071428571428571,0.053475935828877,0.04301075268817204,0.08880994671403197,0.08214285714285714,6.734720174614954e-07,8.284330814958807e-08,0.03462553867090043,0.02821800099788793
4621,0.544,0.4881889763779527,0.26016260162601623,0.24000000000000002,0.33599999999999997,0.4094488188976378,0.12811186159704202,0.13330587404497543,0.4312869752515955,0.3532361897638637
4622,0.4225352112676056,0.3703703703703703,0.15714285714285714,0.18867924528301885,0.2676056338028169,0.2777777777777778,0.09354155013491329,0.09738589745978686,0.31380164358887763,0.24353901425473085
4623,0.36538461538461536,0.46913580246913583,0.1372549019607843,0.17721518987341772,0.23076923076923075,0.37037037037037035,0.06846374658642289,0.0975642068941072,0.3601640262940198,0.41190910524063695
4624,0.5352112676056338,0.6486486486486486,0.2857142857142857,0.3669724770642202,0.39436619718309857,0.36036036036036034,0.09662702943140093,0.23278901073641414,0.4655718496548946,0.5264253017062005
4625,0.6111111111111109,0.5957446808510638,0.2641509433962264,0.3478260869565218,0.42592592592592593,0.48936170212765956,0.10444799704281578,0.19177124267887447,0.45795918367346933,0.4451475409836065
4626,0.391304347826087,0.3384615384615384,0.14705882352941174,0.09375000000000001,0.2898550724637681,0.26153846153846155,0.07843414801675108,0.014872453171324209,0.29843704535062565,0.2508590348204722
4627,0.7419354838709676,0.35526315789473684,0.6847826086956521,0.13333333333333333,0.7419354838709676,0.25,0.5031525792621231,0.09188555847103239,0.7070470267913693,0.1865606124455682
4628,0.3434343434343434,0.3393939393939394,0.11224489795918366,0.06134969325153374,0.1313131313131313,0.12121212121212122,0.046580763581344775,0.006374872915424527,0.16493873704052783,0.1530082243355391
4629,0.6,0.6222222222222222,0.4090909090909091,0.3636363636363636,0.5333333333333333,0.2888888888888889,0.18272042781062428,0.13425080082399377,0.37125748502994016,0.4706302341653793
4630,0.28260869565217395,0.30952380952380953,0.11111111111111112,0.0975609756097561,0.15217391304347824,0.23809523809523814,0.012988310144953831,0.029477809437248103,0.17386755936813472,0.19065819695664657
4631,0.47058823529411764,0.4827586206896552,0.27350427350427353,0.2823529411764706,0.20168067226890757,0.2528735632183908,0.11309487206811891,0.09791991516497373,0.3069411057692307,0.23993820440573774
4632,0.4970414201183433,0.46715328467153283,0.17964071856287425,0.14814814814814814,0.24852071005917165,0.21897810218978103,0.036362249060856146,0.02247472954379897,0.33708352789298757,0.21574114981188
4633,0.42857142857142855,0.39436619718309857,0.21951219512195125,0.2318840579710145,0.30952380952380953,0.3098591549295775,0.15426255594664048,0.1675531806666822,0.2883953398961044,0.35959838480846884
4634,0.45378151260504207,0.4087591240875912,0.15384615384615383,0.10370370370370371,0.2857142857142857,0.218978102189781,0.036101136830404175,0.031078272781690206,0.33655796008776945,0.3607004026100236
4635,0.3529411764705883,0.49090909090909096,0.08547008547008546,0.33333333333333337,0.15126050420168066,0.38181818181818183,0.021625389878060827,0.1941764704211752,0.23338542036602986,0.39145351289467345
4636,0.3716814159292035,0.30769230769230765,0.1081081081081081,0.09803921568627451,0.24778761061946902,0.1923076923076923,0.027069516362976175,0.014253989855995007,0.1756865071929715,0.20944607103776655
4637,0.41860465116279066,0.5567010309278351,0.2519685039370079,0.35789473684210527,0.31007751937984496,0.41237113402061853,0.11196337670594872,0.2105729720484581,0.4127692866281683,0.4774584455381186
4638,0.4945054945054945,0.5476190476190478,0.25555555555555554,0.26506024096385544,0.32967032967032966,0.34523809523809523,0.20805719335133294,0.22388501345635606,0.38394077771367147,0.37895478197843374
4639,0.532258064516129,0.6226415094339622,0.2459016393442623,0.30769230769230765,0.2903225806451613,0.30188679245283023,0.08635976416497544,0.0952943226770983,0.43262292254767587,0.43101682344215403
4640,0.43636363636363634,0.43478260869565216,0.18518518518518517,0.22222222222222224,0.3090909090909091,0.30434782608695654,0.032961549112648605,0.13749681484941934,0.28797975102019735,0.3602309804652057
4641,0.7142857142857144,0.6956521739130435,0.5645161290322581,0.5486725663716814,0.6507936507936507,0.6434782608695652,0.3698989795818603,0.35869408653648294,0.6661748204667863,0.5707495429616088
4642,0.5283018867924528,0.46296296296296297,0.2884615384615385,0.22641509433962265,0.41509433962264153,0.33333333333333337,0.2676414702579686,0.15185214464752442,0.4294334758919679,0.40091212615269195
4643,0.4747474747474747,0.5130890052356021,0.2142857142857143,0.2645502645502646,0.3333333333333333,0.33507853403141363,0.07604288130496532,0.14692447224413197,0.32795993769229786,0.4276424815983175
4644,0.49586776859504134,0.3762376237623763,0.23529411764705882,0.12121212121212122,0.2644628099173554,0.25742574257425743,0.03405991907143492,0.029269365594032926,0.26921040069218605,0.1846088418936421
4645,0.6799999999999999,0.6904761904761905,0.44897959183673464,0.43902439024390244,0.46,0.5238095238095238,0.2227263469957047,0.17242869929691285,0.6690566229283521,0.5645569620253165
4646,0.372093023255814,0.4339622641509434,0.12941176470588237,0.1346153846153846,0.1744186046511628,0.2075471698113208,0.022092114645531274,0.02015543528284464,0.2940613026819924,0.20808933933933935
4647,0.3636363636363636,0.33986928104575165,0.11494252873563217,0.09271523178807947,0.19318181818181818,0.16993464052287582,0.028306158814457083,0.025389798057444967,0.2992270743422817,0.23538249655690502
4648,0.31249999999999994,0.3835616438356164,0.1276595744680851,0.16901408450704225,0.18750000000000003,0.24657534246575344,0.01617856688186128,0.022766508310981523,0.23003158196956652,0.23427960927960928
4649,0.3064516129032258,0.4390243902439024,0.11475409836065573,0.19834710743801656,0.22580645161290322,0.2601626016260163,0.05594080064153324,0.09360924783451641,0.1573570604712473,0.30591290621396294
4650,0.32499999999999996,0.34146341463414637,0.10256410256410256,0.075,0.17500000000000002,0.17073170731707318,0.03172414419318193,0.026636207669526582,0.19820355597481695,0.210562414266118
4651,0.29530201342281875,0.23776223776223776,0.09523809523809525,0.05673758865248227,0.1610738255033557,0.11188811188811187,0.01929505945894277,0.01005047044468472,0.20532901251237737,0.15912511733047482
4652,0.3037974683544304,0.5205479452054794,0.12987012987012986,0.28169014084507044,0.22784810126582278,0.24657534246575344,0.03330561328164072,0.12496315176496607,0.2581803469377434,0.45752192805986963
4653,0.40740740740740744,0.44705882352941173,0.1509433962264151,0.12048192771084336,0.25925925925925924,0.2823529411764706,0.024286614328787853,0.03394516832204829,0.29124719066531213,0.3331134564643799
4654,0.3023255813953488,0.23404255319148934,0.07142857142857142,0.043478260869565216,0.20930232558139536,0.14893617021276595,0.012740800388556581,0.01170925172080782,0.2517258382642998,0.2155074853687716
4655,0.5046728971962617,0.7012987012987012,0.24761904761904763,0.39999999999999997,0.3364485981308411,0.33766233766233766,0.15741099336816375,0.18868142692507028,0.4728138802212877,0.5270829887763606
4656,0.5428571428571428,0.44067796610169496,0.32352941176470584,0.2105263157894737,0.3428571428571428,0.2711864406779661,0.10222689827880095,0.024804188095684146,0.6689752082706012,0.4349881796690307
4657,0.2857142857142857,0.3409090909090909,0.07766990291262134,0.13953488372093023,0.17142857142857143,0.25,0.01141829987635435,0.010088886992538324,0.168884068308153,0.16476713003502627
4658,0.4657534246575343,0.5714285714285714,0.2222222222222222,0.33333333333333326,0.32876712328767116,0.3714285714285715,0.1587951463724897,0.22258568789048472,0.3796708342162888,0.5045572916666666
4659,0.3181818181818182,0.39999999999999997,0.1076923076923077,0.20454545454545456,0.15151515151515152,0.26666666666666666,0.024332137704404334,0.032939865521931976,0.21238772455089816,0.15118790496760257
4660,0.4806201550387596,0.6538461538461539,0.2204724409448819,0.4901960784313725,0.3255813953488372,0.4807692307692307,0.14600209391488597,0.3661470508606399,0.49629507924047606,0.5852635500571678
4661,0.4383561643835616,0.3148148148148148,0.1388888888888889,0.09433962264150945,0.23287671232876714,0.25925925925925924,0.02745236290460423,0.02225367345412781,0.3140856672158155,0.14010507880910683
4662,0.2882882882882883,0.32653061224489793,0.05504587155963303,0.14583333333333334,0.19819819819819817,0.2653061224489796,0.021135177516252365,0.10106959096989436,0.19900076213057835,0.27123669980812837
4663,0.5154639175257733,0.34,0.25263157894736843,0.12244897959183673,0.3711340206185567,0.22,0.02915632638586118,0.01431799136974642,0.2553883506264458,0.1772982760571881
4664,0.3970588235294118,0.5376344086021505,0.13432835820895522,0.2857142857142857,0.3235294117647059,0.45161290322580644,0.09212369498742569,0.2245404581284888,0.36383078517025097,0.45884737837031137
4665,0.41830065359477125,0.5166666666666667,0.15894039735099338,0.3050847457627119,0.23529411764705882,0.4333333333333333,0.03706262318013196,0.20221327905295722,0.32598538905878355,0.4000339731612026
4666,0.5238095238095237,0.2773722627737226,0.33870967741935487,0.13333333333333333,0.365079365079365,0.17518248175182483,0.206624144432366,0.044062340600908655,0.5657065625314353,0.2704369274136716
4667,0.28346456692913385,0.3206106870229008,0.11199999999999997,0.15503875968992248,0.14173228346456693,0.18320610687022898,0.01864802936204142,0.050079022178549086,0.17558623712469867,0.19438225117036437
4668,0.47154471544715454,0.39534883720930236,0.2809917355371901,0.14285714285714282,0.22764227642276422,0.20930232558139536,0.15178067403425388,0.01681976149543397,0.38973614137012835,0.15294117647058822
4669,0.27972027972027974,0.36231884057971014,0.014184397163120567,0.14705882352941174,0.13986013986013987,0.24637681159420283,0.0037431933106233774,0.04982695409955137,0.17374517374517373,0.3408910850956418
4670,0.3893805309734513,0.5476190476190477,0.14414414414414414,0.3902439024390244,0.21238938053097345,0.4047619047619047,0.08158446869302963,0.09370541420050167,0.3042896497441952,0.3422920892494929
4671,0.36923076923076925,0.33333333333333337,0.109375,0.07999999999999999,0.2153846153846154,0.21568627450980393,0.061467356917185856,0.01594510639947131,0.25436179981634527,0.19799956512285277
4672,0.5222929936305731,0.4331210191082802,0.3225806451612903,0.21935483870967742,0.40764331210191085,0.33121019108280253,0.2130033477690093,0.09968285158712767,0.3967001392221334,0.2888032438502598
4673,0.46551724137931033,0.39344262295081966,0.2631578947368421,0.11666666666666667,0.25862068965517243,0.21311475409836067,0.19367418532199712,0.06860712694566222,0.3777947826086956,0.2669499172217907
4674,0.3,0.3076923076923077,0.10256410256410255,0.15873015873015872,0.2,0.27692307692307694,0.028814963358243115,0.12876689524369925,0.27605685131195334,0.2607557052001496
4675,0.5510204081632653,0.5517241379310344,0.27083333333333326,0.3058823529411765,0.3061224489795918,0.4367816091954023,0.09844216025434945,0.10836983856973581,0.4241974069291581,0.3888095195037706
4676,0.20930232558139536,0.27397260273972607,0.02380952380952381,0.028169014084507043,0.11627906976744186,0.1643835616438356,0.010982561874431657,0.009017402498879107,0.1124801797040169,0.11616402838427947
4677,0.613138686131387,0.5390070921985816,0.3111111111111111,0.27338129496402874,0.39416058394160586,0.3971631205673759,0.16954033926411352,0.16674866016983111,0.4018518518518519,0.44008356427878786
4678,0.37762237762237766,0.3307086614173228,0.11347517730496454,0.144,0.22377622377622378,0.25196850393700787,0.06151404094786293,0.026917475857236677,0.24625353743246725,0.16961461555946813
4679,0.3300970873786408,0.5591397849462365,0.07920792079207921,0.3516483516483517,0.1941747572815534,0.4301075268817204,0.010116654846786704,0.14517575345310493,0.11926605504587157,0.3337479270315091
4680,0.6829268292682927,0.5048543689320388,0.2809917355371901,0.25742574257425743,0.2764227642276423,0.2524271844660194,0.08761992313872355,0.07130192354349238,0.5239831541914874,0.3246622302883646
4681,0.4406779661016949,0.5042016806722689,0.13793103448275862,0.27350427350427353,0.1864406779661017,0.35294117647058826,0.0610321060499905,0.12827935769861784,0.26733595008051525,0.35413430127041745
4682,0.4,0.3283582089552239,0.21686746987951808,0.0923076923076923,0.30588235294117644,0.20895522388059704,0.0756083295989952,0.035987802158739604,0.31281365005018397,0.12893982808022922
4683,0.41071428571428575,0.43859649122807015,0.1272727272727273,0.25,0.26785714285714285,0.3508771929824561,0.029922547500456725,0.18455489521015897,0.2740331491712707,0.35098246648514597
4684,0.28571428571428575,0.5979381443298969,0.04494382022471911,0.35789473684210527,0.15384615384615385,0.5154639175257731,0.011877413503212092,0.271407187126711,0.13729977116704803,0.5597547661039723
4685,0.5192307692307692,0.47916666666666663,0.3137254901960785,0.2978723404255319,0.40384615384615385,0.3333333333333333,0.15985163147671613,0.15353422855895182,0.3374170643696892,0.35170003388282434
4686,0.40322580645161293,0.3508771929824561,0.18032786885245902,0.14285714285714285,0.24193548387096772,0.2105263157894737,0.066617729803006,0.05007988580128801,0.25751587016409144,0.2142165381412693
4687,0.380952380952381,0.17647058823529413,0.1517241379310345,0.04,0.25850340136054417,0.11764705882352942,0.12044433900881439,0.006156924893096028,0.3014154160982265,0.07971014492753623
4688,0.4074074074074074,0.45,0.12500000000000003,0.16949152542372883,0.23456790123456792,0.26666666666666666,0.01042092231707298,0.011513259043579737,0.23546395858223815,0.20265564539766112
4689,0.4528301886792453,0.3695652173913044,0.1730769230769231,0.13333333333333333,0.18867924528301888,0.2173913043478261,0.10897309880576804,0.03248429723773907,0.4217687074829932,0.2497799295774648
4690,0.45962732919254656,0.4626865671641791,0.26415094339622636,0.25757575757575757,0.34782608695652173,0.34328358208955223,0.07356914595179247,0.19717911201296434,0.35613540197461213,0.35548031424675974
4691,0.31818181818181823,0.2616822429906542,0.1076923076923077,0.07619047619047618,0.21212121212121213,0.16822429906542058,0.0647987984655492,0.009225080833166718,0.20746631736526944,0.10061919504643962
4692,0.39743589743589747,0.38888888888888895,0.18181818181818182,0.14084507042253522,0.28205128205128205,0.2361111111111111,0.05501446243398232,0.0558479199219574,0.3981185985891229,0.34539989203872673
4693,0.5360824742268041,0.5714285714285715,0.46315789473684205,0.45333333333333337,0.5154639175257733,0.5454545454545454,0.286377779196534,0.3255612416171093,0.584505100634133,0.5345419144970379
4694,0.49438202247191015,0.34782608695652173,0.20689655172413796,0.11940298507462689,0.3370786516853933,0.2318840579710145,0.14879983094406998,0.023683157715750972,0.4036199095022624,0.13837692352700254
4695,0.2833333333333333,0.358974358974359,0.0,0.10434782608695653,0.18333333333333332,0.27350427350427353,0.004977772677930571,0.09578888807229988,0.13321492007104796,0.2755304502753483
4696,0.3739837398373983,0.3565891472868217,0.1652892561983471,0.15748031496062992,0.2926829268292683,0.27906976744186046,0.08371062585607297,0.07749370908741021,0.34807256235827666,0.33367703500028645
4697,0.42748091603053434,0.45999999999999996,0.07751937984496124,0.12244897959183672,0.1984732824427481,0.3,0.010830775226162936,0.02801479169449256,0.22527011940494537,0.23883279222391007
4698,0.48920863309352514,0.5263157894736842,0.3211678832116788,0.39285714285714285,0.4028776978417266,0.49122807017543857,0.24444217443748598,0.34984335485871015,0.42310522442972776,0.39220486403976157
4699,0.4743589743589743,0.41134751773049644,0.18181818181818182,0.15827338129496404,0.358974358974359,0.2695035460992908,0.06838050497792511,0.07079528865217818,0.4252174214337686,0.292014196983141
4700,0.5301204819277109,0.5753424657534246,0.32098765432098764,0.3098591549295775,0.3614457831325301,0.3561643835616438,0.16152077988563526,0.16485467741598187,0.4948022036166704,0.4756297723542426
4701,0.4107142857142857,0.3157894736842105,0.21818181818181817,0.06451612903225806,0.30357142857142855,0.1473684210526316,0.12942996039208535,0.00711070376828321,0.37241590130351265,0.15592515592515593
4702,0.512396694214876,0.5319148936170213,0.3025210084033614,0.2826086956521739,0.4297520661157025,0.3617021276595745,0.15069534640211216,0.1977895596407207,0.46608885618477036,0.3619260204081633
4703,0.40540540540540543,0.35820895522388063,0.20547945205479454,0.12121212121212123,0.2837837837837838,0.19402985074626866,0.024458925627953803,0.011782514795178504,0.3787354227405248,0.22133014262660186
4704,0.49162011173184356,0.47567567567567565,0.3050847457627119,0.28415300546448086,0.4245810055865922,0.4216216216216216,0.24421142238759047,0.1746925784743004,0.4309364697248523,0.35634423130299087
4705,0.7722772277227722,0.6590909090909091,0.5252525252525253,0.32558139534883723,0.6534653465346534,0.43181818181818177,0.3287503414140742,0.093838486628684,0.611822128588731,0.33632013919095255
4706,0.3582089552238806,0.41739130434782606,0.16666666666666666,0.23008849557522124,0.2835820895522388,0.31304347826086953,0.03449065722250091,0.07860263587184375,0.3851212121212121,0.4000869754294412
4707,0.8363636363636363,0.4732824427480916,0.8220858895705521,0.32558139534883723,0.8363636363636363,0.39694656488549623,0.62258272944979,0.2913991443589203,0.84647917206912,0.3516713091922006
4708,0.4225352112676056,0.37288135593220334,0.17142857142857143,0.08620689655172413,0.2535211267605634,0.2033898305084746,0.09850409334593568,0.02004847065955791,0.2256816584977694,0.14053254437869822
4709,0.39285714285714285,0.3917525773195877,0.2545454545454545,0.2526315789473684,0.2857142857142857,0.30927835051546393,0.16734255692839878,0.14068937321159958,0.2971576227390181,0.28338990101443656
4710,0.5645161290322579,0.4339622641509434,0.26229508196721313,0.1730769230769231,0.3548387096774193,0.22641509433962262,0.09825902483697209,0.08379696369564338,0.3412403972269065,0.24060329861111113
4711,0.5283018867924529,0.5098039215686274,0.17307692307692307,0.18,0.24528301886792453,0.2549019607843137,0.036099537347144224,0.03847470793894501,0.39860524091293326,0.3924077628492216
4712,0.3829787234042553,0.45333333333333337,0.1739130434782609,0.16438356164383564,0.19148936170212766,0.24,0.07930219617625987,0.02091870728238529,0.28469387755102044,0.3756134215237901
4713,0.6917293233082706,0.6,0.47328244274809156,0.3148148148148148,0.6015037593984963,0.4,0.34727167141155,0.21614935735980076,0.6093736882102744,0.47968543344822
4714,0.2884615384615385,0.3214285714285714,0.11764705882352941,0.09090909090909091,0.1923076923076923,0.1964285714285714,0.028129260869766637,0.025873585474851017,0.16114027184770258,0.1965699976706266
4715,0.42201834862385323,0.4042553191489362,0.14953271028037382,0.17391304347826086,0.1834862385321101,0.23404255319148937,0.06086377655598481,0.07453103281717939,0.3940176188743329,0.3562358916478555
4716,0.2580645161290323,0.22535211267605634,0.06593406593406592,0.0,0.12903225806451615,0.14084507042253522,0.012990806323574158,0.007067235008265541,0.18084490740740744,0.10389610389610389
4717,0.5034965034965035,0.3333333333333333,0.15602836879432624,0.07142857142857142,0.2517482517482518,0.19298245614035087,0.07271230713475747,0.006977682505392724,0.2722789839648077,0.18355960264900664
4718,0.4791666666666667,0.5294117647058824,0.1914893617021277,0.26,0.3541666666666667,0.35294117647058826,0.08812912093291596,0.03583225814950467,0.30943627450980393,0.27816475270957153
4719,0.5686274509803922,0.5833333333333334,0.22000000000000003,0.23404255319148937,0.23529411764705882,0.27083333333333337,0.08514956558627551,0.09327301870623858,0.4014706064778634,0.3905602702811407
4720,0.7058823529411764,0.6153846153846154,0.5714285714285715,0.425531914893617,0.611764705882353,0.4755244755244755,0.42629673008019514,0.3290461871312339,0.6893345715055593,0.5530270649057614
4721,0.21124361158432708,0.13669064748201437,0.12991452991452992,0.08303249097472924,0.1635434412265758,0.1079136690647482,0.0016026201996776495,9.336052467968304e-06,0.07996912038508697,0.05810681020346142
4722,0.7107438016528925,0.4672897196261682,0.43697478991596644,0.24761904761904763,0.6446280991735538,0.35514018691588783,0.2651019884303842,0.1467180420185934,0.6097216827842538,0.3032015065913371
4723,0.46808510638297873,0.5405405405405407,0.21505376344086022,0.3060109289617486,0.26595744680851063,0.38918918918918916,0.12513146090997673,0.14109067307860915,0.2562665893230678,0.329592731779153
4724,0.5874125874125875,0.6551724137931034,0.43971631205673756,0.5087719298245614,0.5454545454545454,0.6206896551724138,0.24715553019096925,0.3581138787515278,0.6204317565176359,0.605338941078732
4725,0.30769230769230765,0.29885057471264365,0.06741573033707865,0.07058823529411763,0.1758241758241758,0.1379310344827586,0.015387660309188709,0.015403749313764143,0.1821129753419806,0.18619602134885976
4726,0.3725490196078432,0.37209302325581395,0.08,0.14285714285714288,0.23529411764705882,0.2558139534883721,0.012804032109072836,0.028436749913589243,0.17948028673835126,0.16432445759368836
4727,0.4216216216216216,0.4084507042253521,0.14207650273224043,0.18571428571428572,0.3027027027027028,0.30985915492957744,0.06605812617383879,0.06147546301090855,0.2408834653536002,0.16959610705596112
4728,0.4273504273504274,0.3950617283950617,0.1391304347826087,0.1518987341772152,0.32478632478632474,0.19753086419753085,0.06276532507963006,0.02616708482890377,0.2796043956043956,0.22448979591836732
4729,0.2434782608695652,0.16666666666666666,0.017699115044247787,0.02127659574468085,0.1565217391304348,0.14583333333333334,0.010323924528871493,0.007633216714200595,0.09838998211091234,0.055350553505535055
4730,0.35294117647058826,0.31250000000000006,0.09523809523809523,0.06349206349206349,0.21176470588235297,0.20312500000000003,0.02068956931337958,0.02038035575288909,0.25208668248117944,0.20448428247724684
4731,0.4134078212290503,0.4311377245508982,0.192090395480226,0.18181818181818182,0.2458100558659218,0.29940119760479045,0.07816400819547836,0.08484848568334635,0.3229011863681015,0.2852917187657195
4732,0.5103448275862069,0.38181818181818183,0.23776223776223773,0.14814814814814817,0.23448275862068965,0.21818181818181817,0.1596276223964175,0.012394783478011791,0.29856981005969085,0.14193746425808187
4733,0.49438202247191015,0.3846153846153846,0.20689655172413796,0.15789473684210528,0.20224719101123598,0.2820512820512821,0.049145865663136806,0.13141015086774266,0.3438180827886711,0.2852556753038294
4734,0.49689440993788825,0.3970588235294118,0.22641509433962265,0.19402985074626863,0.26086956521739135,0.27941176470588236,0.1298590288321777,0.07938990571033565,0.29929250580220107,0.23251972386587771
4735,0.46296296296296297,0.48,0.20754716981132076,0.22448979591836735,0.22222222222222224,0.3,0.08156879226760762,0.12651152137850136,0.3915722828483245,0.362123256860099
4736,0.5060240963855421,0.48,0.2469135802469136,0.1917808219178082,0.3132530120481928,0.2666666666666666,0.1614619457164275,0.1342816454725345,0.38406125374109745,0.335367572443342
4737,0.4864864864864865,0.42000000000000004,0.23853211009174313,0.14285714285714288,0.32432432432432434,0.26,0.12760789644907836,0.06920912125192795,0.3277443102175332,0.26496786559927843
4738,0.2830188679245283,0.2653061224489796,0.07692307692307693,0.08333333333333333,0.18867924528301885,0.22448979591836732,0.02082197718775801,0.02250110187024035,0.23860290384810642,0.2574498162284422
4739,0.5,0.45312500000000006,0.28,0.23809523809523808,0.3157894736842105,0.390625,0.17270898540126886,0.15339433876869044,0.31304347826086953,0.2962962962962963
4740,0.5,0.6111111111111112,0.28888888888888886,0.4,0.3913043478260869,0.5277777777777778,0.10692920301978268,0.26731727535652733,0.39032032524535837,0.4802898550724638
4741,0.5573770491803278,0.5081967213114753,0.3,0.23333333333333334,0.36065573770491804,0.34426229508196726,0.15367671466206767,0.10480788178074313,0.3988481292529527,0.3228266000795071
4742,0.45454545454545453,0.42857142857142855,0.20370370370370372,0.19512195121951217,0.3090909090909091,0.3333333333333333,0.04660239553662596,0.037955836470012036,0.3230218855218855,0.2742117947961242
4743,0.4385964912280702,0.38461538461538464,0.26785714285714285,0.19607843137254902,0.38596491228070173,0.23076923076923075,0.15624982017823377,0.05180558261775391,0.39455323289909755,0.30429051415962804
4744,0.6056338028169014,0.5354330708661418,0.3571428571428571,0.336,0.5070422535211268,0.5039370078740157,0.28459855663194145,0.23588045128099155,0.43791188943225673,0.3833209472732523
4745,0.3382352941176471,0.3546099290780142,0.11940298507462688,0.15827338129496404,0.25,0.2127659574468085,0.056725098616787865,0.06595950012683811,0.16906880260917528,0.19318144131595533
4746,0.44680851063829785,0.49350649350649345,0.2173913043478261,0.21333333333333335,0.2978723404255319,0.3116883116883117,0.016742068145579655,0.05674493753456016,0.33317174515235465,0.4166335172822809
4747,0.5740740740740741,0.5054945054945055,0.22641509433962265,0.15730337078651685,0.3333333333333333,0.3956043956043956,0.03988537921200565,0.027217184572464415,0.36610191752035726,0.2710382513661202
4748,0.44585987261146504,0.48101265822784817,0.11612903225806452,0.23076923076923078,0.20382165605095542,0.2911392405063291,0.02392024802934933,0.14093927269417372,0.25598217585149424,0.3321273107580983
4749,0.3333333333333333,0.20967741935483872,0.13750000000000004,0.03278688524590164,0.16049382716049385,0.12903225806451613,0.11196094900822766,0.0028995770935247626,0.24855469843268957,0.09152547938008929
4750,0.5984251968503936,0.5000000000000001,0.32,0.37254901960784315,0.4409448818897637,0.4423076923076923,0.2592475459062113,0.19999274693118319,0.44402720621856423,0.26862845876200353
4751,0.4107142857142857,0.26262626262626265,0.2545454545454545,0.10309278350515463,0.3392857142857143,0.24242424242424243,0.1426672508465608,0.021487774150613374,0.35196245733788395,0.12006588452869443
4752,0.3119266055045871,0.3225806451612903,0.07476635514018692,0.06593406593406592,0.18348623853211007,0.23655913978494622,0.012436923988150203,0.013427070784459889,0.19814944134078213,0.1841043519135101
4753,0.22695035460992907,0.3421052631578947,0.05755395683453238,0.12,0.18439716312056736,0.19736842105263158,0.010317175336777163,0.008739807594436507,0.11822986921588177,0.13089005235602094
4754,0.532258064516129,0.4912280701754387,0.32786885245901637,0.3392857142857143,0.4032258064516129,0.4035087719298245,0.1584509833137687,0.11495710501225057,0.34186815693430656,0.3126053412462908
4755,0.2827225130890052,0.39534883720930236,0.08465608465608465,0.24705882352941178,0.17801047120418848,0.25581395348837205,0.013052322815229812,0.07063343543435466,0.14945794392523365,0.22996456050028877
4756,0.5042016806722689,0.36697247706422015,0.2905982905982906,0.07476635514018692,0.43697478991596644,0.22018348623853212,0.19041883781054436,0.022873229143252887,0.4034902597402598,0.2202788397701518
4757,0.4028776978417266,0.40336134453781514,0.11678832116788322,0.2222222222222222,0.17266187050359713,0.2521008403361344,0.012382522302675551,0.11129624766712895,0.19345827028285414,0.1904612112224569
4758,0.4406779661016949,0.34615384615384615,0.1724137931034483,0.058823529411764705,0.3559322033898305,0.21153846153846154,0.040483632613249165,0.005800343126195747,0.2915479582146249,0.11383537653239931
4759,0.5777777777777778,0.4074074074074074,0.22556390977443608,0.20754716981132076,0.3851851851851852,0.3703703703703704,0.09170797627983408,0.1380512233347308,0.44049382716049384,0.29663764676664967
4760,0.28,0.35714285714285715,0.16326530612244897,0.1951219512195122,0.21999999999999997,0.28571428571428564,0.09801203604201883,0.13856873780611303,0.2888071669523862,0.30002297926121674
4761,0.5,0.4084507042253521,0.24675324675324678,0.2142857142857143,0.3333333333333333,0.2535211267605634,0.09007113136982249,0.08262744646490713,0.31883097187919757,0.2313229198932106
4762,0.26666666666666666,0.22916666666666669,0.07766990291262135,0.0425531914893617,0.1904761904761905,0.16666666666666666,0.013625128735693244,0.021431504804105744,0.2165200165845119,0.1460919540229885
4763,0.4375,0.47154471544715443,0.20253164556962028,0.2644628099173554,0.3,0.3739837398373984,0.14472444521554925,0.14142868560141614,0.3822278911564625,0.33108831908831904
4764,0.3804347826086956,0.34146341463414637,0.15384615384615385,0.08641975308641975,0.26086956521739124,0.23170731707317074,0.08259961205195072,0.017361144447027133,0.28809959881388447,0.2087450867180387
4765,0.2586206896551724,0.3469387755102041,0.08771929824561404,0.10416666666666667,0.08620689655172414,0.16326530612244897,0.018339665069646387,0.012342434672334951,0.23731203007518795,0.22382618839311752
4766,0.38297872340425526,0.34285714285714286,0.13043478260869565,0.08823529411764706,0.2765957446808511,0.20000000000000004,0.01503271571208613,0.01890631949125328,0.2785503926701571,0.20552847415660785
4767,0.4225352112676056,0.25316455696202533,0.2318840579710145,0.10389610389610389,0.3098591549295775,0.20253164556962025,0.13191601177632875,0.01657659042265068,0.32536443148688043,0.14245014245014245
4768,0.2782608695652174,0.3516483516483516,0.08849557522123894,0.11235955056179774,0.1739130434782609,0.2857142857142857,0.05279309681005639,0.06217201460482005,0.21975008813506208,0.18233662329003605
4769,0.3561643835616438,0.28125,0.08333333333333333,0.1111111111111111,0.1917808219178082,0.17187500000000003,0.020546821388888095,0.0351217650364044,0.18892392729334226,0.14945209385693334
4770,0.38709677419354843,0.435483870967742,0.22950819672131145,0.22950819672131145,0.27419354838709675,0.3548387096774193,0.14956774077376134,0.1610337099278316,0.22326730835848962,0.2705548267532901
4771,0.31724137931034485,0.27419354838709675,0.0839160839160839,0.06557377049180328,0.08275862068965517,0.12903225806451613,0.046713035129698696,0.023307951771477466,0.23427258462871225,0.192348432585704
4772,0.3603603603603604,0.4222222222222223,0.11009174311926605,0.15909090909090912,0.2162162162162162,0.31111111111111117,0.03423237987076793,0.03922498780069688,0.2548062150138275,0.2690841490963855
4773,0.3857142857142857,0.34408602150537637,0.13043478260869565,0.13186813186813184,0.15714285714285714,0.17204301075268819,0.07576133299080537,0.020509502230179284,0.31523101777059775,0.18410749716553287
4774,0.46956521739130436,0.3689320388349514,0.17699115044247787,0.15841584158415842,0.22608695652173913,0.19417475728155342,0.03314316231648125,0.10377734372248323,0.3051083283641423,0.23427960927960928
4775,0.4383561643835617,0.37931034482758624,0.2535211267605634,0.14285714285714285,0.24657534246575347,0.27586206896551724,0.04339480317833892,0.04180647946097227,0.5037740836466165,0.2987951807228915
4776,0.5454545454545454,0.6588235294117647,0.3092783505154639,0.43373493975903615,0.40404040404040403,0.6352941176470588,0.11968148485368438,0.1695406386860448,0.32142793530920494,0.46719096452328157
4777,0.21428571428571427,0.48571428571428577,0.05454545454545455,0.17647058823529413,0.16071428571428573,0.20000000000000004,0.00725539902336999,0.02463180237194035,0.18363017633800327,0.30521033794356217
4778,0.5161290322580646,0.47619047619047616,0.35294117647058826,0.33103448275862063,0.42580645161290326,0.3673469387755102,0.16477932235985945,0.14036584683199171,0.3980891719745223,0.32697850521994914
4779,0.5119047619047619,0.5125000000000001,0.21686746987951808,0.20253164556962025,0.3333333333333333,0.3,0.10144445990614073,0.07839209464776462,0.30403360030383253,0.3227141448295295
4780,0.419047619047619,0.449438202247191,0.17475728155339806,0.22988505747126434,0.2857142857142857,0.35955056179775274,0.0954802481232394,0.0896333350359233,0.2905777842706478,0.17526948148779342
4781,0.38,0.3488372093023256,0.08163265306122448,0.11904761904761907,0.26,0.23255813953488372,0.03198633772144225,0.027893323674463583,0.18375241779497095,0.22231075697211156
4782,0.4699453551912568,0.4585987261146497,0.2099447513812155,0.14193548387096774,0.24043715846994537,0.21656050955414013,0.13524308409144425,0.02125826319976635,0.3233912871181719,0.23129533678756475
4783,0.4444444444444444,0.608,0.1830985915492958,0.34146341463414637,0.3194444444444444,0.48000000000000004,0.11131728624127066,0.12848612583714714,0.3113747180612286,0.35066479127411687
4784,0.5310734463276836,0.5454545454545454,0.32,0.27586206896551724,0.4067796610169492,0.39772727272727276,0.21069716047558976,0.07737327852586992,0.3877326746849943,0.3381585286231356
4785,0.32758620689655177,0.3711340206185567,0.03508771929824562,0.06315789473684211,0.17241379310344826,0.18556701030927836,0.013286741997299352,0.01195949812377683,0.17687962438952817,0.14010507880910683
4786,0.21666666666666665,0.16793893129770993,0.10169491525423728,0.046511627906976744,0.18333333333333335,0.12213740458015268,0.01011833797543341,0.0071191715277867905,0.1942752208004197,0.19154923994688547
4787,0.36904761904761907,0.3128491620111732,0.13253012048192772,0.03389830508474576,0.21428571428571427,0.1564245810055866,0.05943888387981946,0.007963429505202284,0.22275449101796405,0.16175570851087073
4788,0.5,0.5915492957746479,0.27450980392156865,0.34782608695652173,0.38461538461538464,0.4507042253521127,0.15911783110981517,0.2812930878683063,0.4366197183098592,0.48449914316871784
4789,0.4090909090909091,0.34782608695652173,0.11627906976744186,0.14925373134328357,0.29545454545454547,0.31884057971014496,0.01142135757051001,0.033591335903431406,0.25989511395027626,0.18581871345029238
4790,0.3541666666666667,0.3055555555555555,0.13684210526315788,0.08411214953271029,0.19791666666666669,0.14814814814814817,0.008591897707086937,0.006887648909667994,0.1432473751142003,0.11389521640091115
4791,0.39548022598870053,0.3181818181818182,0.18285714285714286,0.14942528735632182,0.23728813559322032,0.20454545454545453,0.06420053351818544,0.04576654646213374,0.17349909419101536,0.1551614404726848
4792,0.4549763033175355,0.33816425120772947,0.18181818181818185,0.1073170731707317,0.21800947867298576,0.20289855072463767,0.014527508858488122,0.016489036759802317,0.2097715318869165,0.21312206918170593
4793,0.4966442953020134,0.3661971830985915,0.2585034013605442,0.09999999999999999,0.33557046979865773,0.2112676056338028,0.11253169348226137,0.013095321489261758,0.35517316827797146,0.1967579973396716
4794,0.4554455445544554,0.30769230769230765,0.26262626262626265,0.07894736842105264,0.2772277227722772,0.23076923076923078,0.15108516632652316,0.013730116724173855,0.3503171247357294,0.17555172100626643
4795,0.41904761904761906,0.4883720930232558,0.19417475728155342,0.16666666666666666,0.26666666666666666,0.3488372093023256,0.08514956558627551,0.03183416422768931,0.28624192059095105,0.24775828460038987
4796,0.338235294117647,0.35714285714285715,0.1343283582089552,0.16363636363636364,0.16176470588235295,0.21428571428571427,0.027882402916066796,0.013124988124852858,0.2376694277108434,0.19955798231929275
4797,0.391304347826087,0.3488372093023256,0.15555555555555553,0.11904761904761904,0.28260869565217395,0.23255813953488372,0.03277784632939131,0.018172740191599458,0.3109795724799326,0.26144128624748775
4798,0.23762376237623764,0.3013698630136986,0.08080808080808081,0.056338028169014086,0.21782178217821782,0.2465753424657534,0.024881126352492972,0.01834454792492641,0.1957214383249886,0.14511873350923485
4799,0.4339622641509434,0.3466666666666667,0.1730769230769231,0.1095890410958904,0.24528301886792453,0.21333333333333335,0.09106249919639195,0.03811459482227801,0.365565368685818,0.2826908541194255
4800,0.3404255319148936,0.35555555555555557,0.10869565217391304,0.1590909090909091,0.21276595744680848,0.24444444444444444,0.033984283835209204,0.035759734857344336,0.28818044354838707,0.21947457218606892
4801,0.42038216560509556,0.3898305084745763,0.21935483870967742,0.08620689655172413,0.3184713375796179,0.25423728813559326,0.08949011164711404,0.022317255582146714,0.3267723064329466,0.19370450299555494
4802,0.4328358208955224,0.3773584905660377,0.19696969696969696,0.1346153846153846,0.29850746268656714,0.24528301886792453,0.08784782528204489,0.03973275014163891,0.4113390353741604,0.28882025734965594
4803,0.4210526315789474,0.41379310344827586,0.17204301075268816,0.21176470588235294,0.3157894736842105,0.2298850574712644,0.032650240335556815,0.0848007939406595,0.39256840796019904,0.4047204988406342
4804,0.2790697674418605,0.23255813953488372,0.07874015748031496,0.0,0.23255813953488372,0.13953488372093026,0.060390915247775616,0.0052658338605157794,0.2642984014209592,0.10576923076923075
4805,0.605263157894737,0.5490196078431373,0.46666666666666673,0.35761589403973515,0.5263157894736842,0.32679738562091504,0.3396899949604605,0.2700789515235794,0.5295927267847558,0.4075152991997342
4806,0.42222222222222217,0.3373493975903615,0.2954545454545454,0.19753086419753085,0.3555555555555556,0.2891566265060241,0.21864860577611417,0.14405702648195615,0.40711102715790737,0.2535712151096766
4807,0.3230769230769231,0.33027522935779813,0.04687500000000001,0.056074766355140186,0.19999999999999998,0.2385321100917431,0.011664371820813133,0.014760969060411699,0.23569302721088434,0.18374267859864565
4808,0.38095238095238093,0.32758620689655166,0.07766990291262137,0.15789473684210528,0.19047619047619047,0.2413793103448276,0.06284139331855898,0.13085351568959355,0.17231141254578755,0.28679833910649255
4809,0.32,0.3636363636363636,0.163265306122449,0.21875000000000003,0.28,0.3333333333333333,0.1259323668397466,0.18905832408093412,0.3616916098014889,0.30323450134770885
4810,0.40707964601769914,0.37837837837837834,0.1981981981981982,0.1111111111111111,0.23008849557522124,0.24324324324324323,0.02465448790945244,0.017796237395371298,0.31695760598503736,0.24895962026139537
4811,0.49572649572649574,0.5060240963855421,0.24347826086956526,0.24691358024691357,0.34188034188034183,0.3132530120481928,0.13167391565379852,0.10277749216978814,0.42809263157894745,0.28563348416289597
4812,0.19834710743801653,0.2988505747126437,0.0,0.07058823529411765,0.11570247933884298,0.2298850574712644,0.004183305296447415,0.013181566532546962,0.1147227533460803,0.17403628117913827
4813,0.41509433962264153,0.4415584415584415,0.17307692307692307,0.21333333333333332,0.20754716981132076,0.3116883116883117,0.07875108343744398,0.10266394015932796,0.32173615593845006,0.3498796507832898
4814,0.3,0.26086956521739135,0.061224489795918366,0.06666666666666667,0.22,0.15217391304347824,0.01222782557846504,0.014481605402011412,0.23281157123043394,0.23322044334975373
4815,0.47191011235955055,0.5542168674698795,0.1839080459770115,0.32098765432098764,0.33707865168539325,0.3132530120481928,0.017919456177426827,0.045050939964101526,0.28446038658871253,0.32489082969432315
4816,0.46,0.5681818181818181,0.22448979591836735,0.32558139534883723,0.25999999999999995,0.4318181818181818,0.07407781485516111,0.03662292238827343,0.30121563665367934,0.3346251420211358
4817,0.46153846153846156,0.3703703703703704,0.2247191011235955,0.20253164556962025,0.2857142857142857,0.2962962962962963,0.12174733963728165,0.1152610448397633,0.2862612612612613,0.2774705581157194
4818,0.30434782608695654,0.5142857142857143,0.1111111111111111,0.23529411764705885,0.28260869565217395,0.39999999999999997,0.02489637360879045,0.13819046796851733,0.17792146619278038,0.37978691019786914
4819,0.3893805309734514,0.32075471698113206,0.16216216216216214,0.07692307692307693,0.3008849557522124,0.18867924528301885,0.09175663647957763,0.013888268459606312,0.2869475275490313,0.15812117623840538
4820,0.4482758620689656,0.29411764705882354,0.052631578947368425,0.019999999999999997,0.20689655172413793,0.15686274509803924,0.012679611007327772,0.011893260654533212,0.28665375998904585,0.14492753623188406
4821,0.3088235294117647,0.49557522123893805,0.13432835820895522,0.30630630630630634,0.19117647058823528,0.4247787610619469,0.10101579583217131,0.17334943028482075,0.19440222897669704,0.3223764173960825
4822,0.33103448275862074,0.2641509433962264,0.055944055944055944,0.038461538461538464,0.20689655172413796,0.18867924528301885,0.011050570744443643,0.02223260487361744,0.23280571508614653,0.11754068716094034
4823,0.3,0.4536082474226804,0.16326530612244897,0.23157894736842108,0.22,0.37113402061855666,0.07899380722609924,0.1343177897763511,0.1533985908985909,0.3966836734693877
4824,0.6262626262626263,0.4545454545454546,0.43298969072164945,0.2558139534883721,0.4848484848484848,0.3409090909090909,0.2145323455116667,0.08989667895588815,0.43034854939288025,0.26708533640282567
4825,0.23762376237623767,0.17500000000000002,0.04040404040404041,0.05128205128205128,0.1386138613861386,0.15,0.008857142003056269,0.024635236830568785,0.1853887493020659,0.09283819628647215
4826,0.367816091954023,0.3529411764705882,0.14117647058823532,0.0606060606060606,0.20689655172413793,0.14705882352941174,0.08990845492237175,0.01835715308900808,0.423572744014733,0.31612814187382476
4827,0.38888888888888895,0.41860465116279066,0.1509433962264151,0.23809523809523808,0.27777777777777773,0.20930232558139533,0.12769146707214207,0.09600317777113618,0.3133791012578891,0.25660037770764416
4828,0.6041666666666666,0.3764705882352941,0.5319148936170213,0.09638554216867469,0.5625,0.23529411764705882,0.38015566318814714,0.007622713577103436,0.5794644409667884,0.20327864802095172
4829,0.49122807017543857,0.2985074626865672,0.19642857142857142,0.10606060606060606,0.2631578947368421,0.20895522388059704,0.030952228707327164,0.023814239543199472,0.2786855482933914,0.1774387862317844
4830,0.6542056074766356,0.5555555555555556,0.4190476190476191,0.33962264150943394,0.3551401869158879,0.35185185185185186,0.2743252372661102,0.22829575016502246,0.5008993771477662,0.4234165554920272
4831,0.5000000000000001,0.6,0.29824561403508776,0.3469387755102041,0.43103448275862066,0.54,0.17721694357091006,0.2322365386782331,0.43459700466020795,0.5340408374093439
4832,0.489795918367347,0.47692307692307695,0.2206896551724138,0.171875,0.34013605442176875,0.24615384615384614,0.13175493209569836,0.04370979571802228,0.4386760387587828,0.3689256198347107
4833,0.4948453608247423,0.5977011494252873,0.23157894736842108,0.32941176470588235,0.28865979381443296,0.5287356321839081,0.1210930592856287,0.16293125439919423,0.42892112827883583,0.4988913525498892
4834,0.49681528662420377,0.40287769784172656,0.18064516129032257,0.16058394160583941,0.24203821656050958,0.21582733812949642,0.10222220648192291,0.09404324591741321,0.3614041287510674,0.24267075771950725
4835,0.4675324675324675,0.5373134328358209,0.26666666666666666,0.3076923076923077,0.2857142857142857,0.3283582089552239,0.05209718298539206,0.06477954385039818,0.38027108433734946,0.346583850931677
4836,0.4029850746268657,0.41304347826086957,0.1515151515151515,0.2,0.2537313432835821,0.2826086956521739,0.028545494115236703,0.022058902399790702,0.2719388754914076,0.14609011063664595
4837,0.42553191489361697,0.5087719298245615,0.2446043165467626,0.3571428571428571,0.3120567375886525,0.43859649122807015,0.12260137206496807,0.15859002232741365,0.4955647005029722,0.5235748792270531
4838,0.32786885245901637,0.4197530864197531,0.08333333333333334,0.25316455696202533,0.16393442622950818,0.4197530864197531,0.010849352086869957,0.11175663317537292,0.2628295443690897,0.26382978723404255
4839,0.43410852713178294,0.448,0.15748031496062995,0.1626016260162602,0.2945736434108527,0.304,0.03551274963140654,0.03771573339908798,0.3481992537093011,0.35053224703398655
4840,0.30344827586206896,0.3584905660377358,0.0979020979020979,0.11538461538461538,0.20689655172413796,0.2830188679245283,0.020297898472458654,0.03268950995701643,0.26985146303328117,0.2880336410092303
4841,0.4074074074074074,0.3829787234042553,0.11320754716981131,0.15217391304347827,0.2777777777777778,0.3191489361702127,0.01730270944128539,0.038541564852831424,0.33907665120388775,0.31553589397585896
4842,0.6222222222222222,0.5324675324675325,0.2247191011235955,0.18421052631578946,0.38888888888888884,0.19480519480519481,0.15686912213212229,0.08243432069455751,0.48010475378912965,0.297513858477454
4843,0.4067796610169492,0.4615384615384615,0.15517241379310345,0.13157894736842105,0.23728813559322035,0.3076923076923077,0.02282858323638731,0.0336409045974021,0.25459897408613286,0.24238325740318908
4844,0.4225352112676057,0.4601769911504424,0.17142857142857143,0.16216216216216214,0.2676056338028169,0.24778761061946905,0.02290342092713895,0.03326985073325854,0.3197967369897842,0.2745387453874538
4845,0.4761904761904762,0.647887323943662,0.24390243902439024,0.43478260869565216,0.2619047619047619,0.3661971830985915,0.11261915592012038,0.253103960337699,0.32328747112689565,0.43598534731998245
4846,0.3595505617977528,0.19999999999999998,0.0689655172413793,0.0,0.24719101123595508,0.13333333333333333,0.02780401244214607,0.007821860974919995,0.24190821256038647,0.08746355685131196
4847,0.7763157894736841,0.738095238095238,0.64,0.6385542168674699,0.7105263157894737,0.7023809523809523,0.49914145620866407,0.4839465654791228,0.6468415630877036,0.6787560729494175
4848,0.562962962962963,0.45454545454545453,0.22556390977443608,0.22222222222222224,0.3851851851851852,0.2363636363636364,0.07190266643531082,0.05980713273964472,0.32192455711352547,0.24563986613729333
4849,0.4375,0.4761904761904763,0.21276595744680854,0.21951219512195125,0.2916666666666667,0.23809523809523814,0.14721213772523606,0.1782340668600374,0.37107231920199496,0.3682643898340086
4850,0.3211678832116788,0.3883495145631068,0.044444444444444446,0.099009900990099,0.1605839416058394,0.21359223300970875,0.010096715885716511,0.012741972378307124,0.19399405772495762,0.20967706186138263
4851,0.5454545454545454,0.5841584158415841,0.27053140096618356,0.30999999999999994,0.41148325358851673,0.46534653465346537,0.1420063439946031,0.20127464134066841,0.32432432432432423,0.39692283925527466
4852,0.35416666666666663,0.2417582417582418,0.12765957446808512,0.11235955056179776,0.25,0.2417582417582418,0.03585061166337745,0.07279898126284079,0.2931242860217546,0.20548862115127176
4853,0.4938271604938272,0.5161290322580646,0.2278481012658228,0.19999999999999998,0.345679012345679,0.3548387096774193,0.04146106047834649,0.02489483436575663,0.4131433823529412,0.32044583768721696
4854,0.36363636363636365,0.5599999999999999,0.25925925925925924,0.4109589041095891,0.36363636363636365,0.5066666666666666,0.15442482393667784,0.27946415227589155,0.3728285913997981,0.452017706259831
4855,0.43636363636363634,0.4444444444444445,0.2641509433962264,0.2692307692307693,0.2545454545454545,0.25925925925925924,0.11227564716917941,0.11622111816655838,0.43557475582268973,0.4375636816483642
4856,0.4722222222222223,0.453781512605042,0.23943661971830987,0.20512820512820515,0.3472222222222222,0.2857142857142857,0.12758825993292433,0.02987323969020297,0.2894341223737212,0.23534395315597767
4857,0.5232558139534884,0.5764705882352942,0.3647058823529412,0.4404761904761905,0.4302325581395348,0.4470588235294118,0.19969847481676936,0.19495500377284106,0.3480395193260654,0.3555880658937511
4858,0.5309734513274336,0.6136363636363636,0.3243243243243243,0.4418604651162791,0.2654867256637168,0.3409090909090909,0.22345037752822275,0.2285097296781813,0.4463539801885667,0.4420870256759827
4859,0.3448275862068966,0.4000000000000001,0.12280701754385967,0.12048192771084339,0.29310344827586204,0.3058823529411765,0.012900208689981409,0.013652005430388739,0.1795458611641222,0.1414141414141414
4860,0.4772727272727273,0.5599999999999999,0.3023255813953488,0.3287671232876712,0.4318181818181819,0.48,0.13920358744486688,0.1802390250107222,0.4276761517615177,0.4024012574309813
4861,0.5,0.5897435897435898,0.3170731707317073,0.36842105263157887,0.26190476190476186,0.38461538461538464,0.1983211647113318,0.20767659805551386,0.2891474184782608,0.5258608815426998
4862,0.4883720930232558,0.4556962025316456,0.21428571428571427,0.15584415584415584,0.3023255813953489,0.25316455696202533,0.0407505119805112,0.02418175607651573,0.40673324742268036,0.36035162562213174
4863,0.29411764705882354,0.3529411764705882,0.04,0.07228915662650602,0.17647058823529413,0.18823529411764706,0.023740202623542844,0.02771687113566703,0.185932868083004,0.16359918200409
4864,0.48704663212435234,0.5,0.23036649214659685,0.25882352941176473,0.2901554404145078,0.2906976744186046,0.061817150841772826,0.06978532973718889,0.2659262919425976,0.2402946670896338
4865,0.4198895027624309,0.49673202614379086,0.0893854748603352,0.2251655629139073,0.19889502762430936,0.36601307189542487,0.01165552482184204,0.18406614231056864,0.3333683371958285,0.40415131413272537
4866,0.25242718446601947,0.23188405797101447,0.019801980198019802,0.05970149253731344,0.21359223300970873,0.23188405797101447,0.008987052822035917,0.030525709360624896,0.15,0.15683533687447582
4867,0.367816091954023,0.35714285714285715,0.09411764705882354,0.09756097560975609,0.25287356321839083,0.2619047619047619,0.01699960348373781,0.01737344452227641,0.25175424500508864,0.23426900584795324
4868,0.5753424657534246,0.7096774193548387,0.5070422535211268,0.6333333333333333,0.5753424657534246,0.7096774193548387,0.200466710073105,0.3329665809228258,0.5952380952380952,0.7060669456066946
4869,0.5360824742268041,0.5238095238095238,0.3789473684210526,0.24390243902439024,0.5154639175257733,0.2619047619047619,0.2761827050049924,0.14879983094406998,0.5320785984848485,0.42154662552306155
4870,0.5528455284552845,0.42553191489361697,0.24793388429752067,0.10869565217391304,0.3739837398373984,0.3191489361702128,0.11762509457379691,0.008917141633411606,0.38896713615023476,0.18296556809802028
4871,0.44660194174757284,0.4269662921348315,0.22549019607843138,0.2159090909090909,0.2815533980582524,0.26966292134831465,0.10008643037825858,0.11623267270129362,0.33583025479181494,0.28930344034510697
4872,0.6808510638297872,0.8032786885245902,0.5323741007194245,0.6666666666666666,0.5815602836879433,0.7704918032786885,0.3154081623240916,0.4520371482903723,0.729921929410009,0.7863278856132765
4873,0.4090909090909091,0.47058823529411764,0.18461538461538463,0.19277108433734938,0.15151515151515152,0.3294117647058823,0.018329862925870327,0.033819469181511776,0.29018264840182645,0.2600971151099686
4874,0.43243243243243246,0.4297520661157025,0.1834862385321101,0.1680672268907563,0.3063063063063063,0.31404958677685946,0.08075558429079975,0.07662542226783184,0.3287079549705812,0.25573440643863177
4875,0.41791044776119396,0.5274725274725275,0.22727272727272727,0.3595505617977528,0.3582089552238806,0.46153846153846156,0.12025102899122787,0.13733465907927722,0.39487980184779975,0.3671363764101329
4876,0.21428571428571427,0.30188679245283023,0.05454545454545454,0.07692307692307691,0.10714285714285714,0.15094339622641512,0.010768046681752604,0.013085607656744666,0.1636809554275965,0.2171206225680934
4877,0.49350649350649345,0.4275862068965517,0.25,0.2377622377622378,0.33766233766233766,0.3310344827586207,0.14030936439762698,0.15541421054053317,0.49778172138420584,0.4285488335310399
4878,0.4044943820224719,0.3218390804597701,0.13793103448275865,0.1411764705882353,0.3146067415730337,0.29885057471264365,0.035530364040573574,0.10500646136500091,0.2964299841772152,0.2581065759637188
4879,0.40268456375838924,0.594059405940594,0.24489795918367344,0.3434343434343434,0.3221476510067114,0.4752475247524753,0.1533178021024924,0.2943125313071202,0.3627317862628923,0.45098039215686275
4880,0.4444444444444445,0.4444444444444444,0.16494845360824742,0.1320754716981132,0.30303030303030304,0.3148148148148148,0.03685286206252275,0.06298574903914071,0.3247170781893004,0.34122150759797387
4881,0.5196078431372548,0.5700483091787439,0.198019801980198,0.2634146341463414,0.18627450980392157,0.2705314009661835,0.08244305810816722,0.14020985069215042,0.34702009181190585,0.39426656264309795
4882,0.47407407407407404,0.4031007751937985,0.2706766917293233,0.2047244094488189,0.3111111111111111,0.2945736434108527,0.1451834985676245,0.12392023881781755,0.44745526051329626,0.36209369024856597
4883,0.417910447761194,0.38983050847457634,0.12121212121212122,0.05172413793103449,0.2835820895522388,0.2033898305084746,0.09441588470364497,0.0125212693694455,0.3519940086126195,0.23547066741798145
4884,0.7411764705882353,0.5680473372781065,0.6190476190476191,0.407185628742515,0.45882352941176474,0.3905325443786982,0.4423997073362609,0.23486467895953875,0.685615310259778,0.45057876226707405
4885,0.5786163522012578,0.5573770491803279,0.22929936305732485,0.18333333333333335,0.31446540880503143,0.3442622950819672,0.08694517810251849,0.06701310551036413,0.38838505919508787,0.3215008431703204
4886,0.5590062111801242,0.4444444444444445,0.16352201257861637,0.11920529801324503,0.2360248447204969,0.27450980392156865,0.05955483688516716,0.081642857106709,0.34512447830020726,0.25805854561394964
4887,0.36170212765957444,0.368421052631579,0.10869565217391304,0.17857142857142858,0.17021276595744678,0.17543859649122806,0.009954893279291863,0.07757155640909567,0.2489596202613954,0.30571760770234985
4888,0.42990654205607476,0.42990654205607476,0.2095238095238095,0.19047619047619047,0.28037383177570097,0.28037383177570097,0.07258743254158241,0.06656381810604059,0.3425655976676385,0.3794585893484619
4889,0.5825242718446602,0.48695652173913045,0.33663366336633666,0.23008849557522124,0.4271844660194175,0.41739130434782606,0.2548014134936346,0.11137874990008317,0.4438868783345148,0.4344759396349286
4890,0.4516129032258065,0.3733333333333333,0.1978021978021978,0.1917808219178082,0.3225806451612903,0.32,0.1164323510910969,0.13594215314881186,0.3877457002457002,0.31858110168974557
4891,0.4912280701754386,0.6458333333333334,0.1607142857142857,0.2553191489361702,0.21052631578947367,0.37499999999999994,0.02875384775586596,0.08960255709350434,0.3230218855218855,0.35922373196112745
4892,0.352,0.30927835051546393,0.08130081300813008,0.06315789473684211,0.272,0.2061855670103093,0.012503745222449184,0.011592435227733275,0.22254180399134596,0.1338432122370937
4893,0.4782608695652174,0.36363636363636365,0.24444444444444444,0.18556701030927833,0.391304347826087,0.303030303030303,0.10154541060446357,0.07370426445958016,0.3905511811023622,0.32538659793814434
4894,0.3114754098360656,0.3697478991596639,0.06666666666666667,0.05128205128205129,0.21311475409836067,0.2016806722689076,0.023222677013962186,0.02260124130550866,0.1765799256505576,0.1958955223880597
4895,0.7256637168141593,0.7857142857142857,0.5225225225225225,0.6341463414634146,0.5840707964601769,0.7380952380952381,0.3804538819449071,0.4008586779721634,0.672260802469136,0.5976380931791158
4896,0.4675324675324676,0.4482758620689655,0.2236842105263158,0.19298245614035087,0.2207792207792208,0.3103448275862069,0.1045674648938386,0.1008688987431859,0.3687869094488188,0.3017726913786697
4897,0.28025477707006363,0.25,0.06451612903225806,0.07462686567164178,0.14012738853503182,0.1323529411764706,0.016967668670185083,0.006803272893627319,0.12925961743349346,0.1017625231910946
4898,0.6666666666666667,0.4931506849315069,0.4742268041237113,0.28169014084507044,0.6262626262626263,0.4657534246575342,0.2255256690598423,0.15044472301492223,0.5893352486625718,0.2876288659793815
4899,0.6732673267326733,0.6521739130434782,0.34343434343434337,0.28888888888888886,0.3564356435643565,0.3043478260869565,0.16158297928171114,0.13176595613224804,0.5405902940208258,0.36099348588165914
4900,0.5957446808510639,0.5121951219512196,0.2608695652173913,0.2,0.4255319148936171,0.46341463414634143,0.15061170385947736,0.12356985339697622,0.4518755555555556,0.34769463340891915
4901,0.3157894736842105,0.2631578947368421,0.08602150537634408,0.08108108108108109,0.21052631578947367,0.2105263157894737,0.011966751775324046,0.014397710577076568,0.1912568306010929,0.12857142857142856
4902,0.48128342245989303,0.6621621621621621,0.27027027027027023,0.5205479452054794,0.25668449197860965,0.5675675675675677,0.1907696906735511,0.366027917233906,0.38163265306122446,0.4806445978135375
4903,0.4705882352941177,0.49723756906077343,0.15135135135135133,0.1564245810055866,0.24598930481283424,0.29834254143646405,0.09941869184081138,0.09474821901013003,0.23805555224840164,0.2687026515151515
4904,0.5567010309278351,0.5531914893617021,0.34375,0.41935483870967744,0.4742268041237113,0.4787234042553192,0.2397746480196752,0.3136347237690702,0.398674237147734,0.4464609174185313
4905,0.3695652173913044,0.3829787234042553,0.13186813186813187,0.15053763440860216,0.2173913043478261,0.22340425531914895,0.08217203702960152,0.06872978456710281,0.2981740481740481,0.3152007832297878
4906,0.5517241379310345,0.2833333333333333,0.22377622377622378,0.06779661016949153,0.3448275862068966,0.19999999999999998,0.17039042564995605,0.016884286742369085,0.39615147799593414,0.1505621693121693
4907,0.6231884057971014,0.6846846846846847,0.5,0.6055045871559633,0.5507246376811593,0.6666666666666665,0.4153782294198038,0.34276345048493856,0.5518652783057573,0.4864945122128737
4908,0.35106382978723405,0.33879781420765026,0.08602150537634408,0.044198895027624314,0.18085106382978725,0.17486338797814208,0.04626146424784588,0.008598149504976525,0.26541973017786535,0.18566185488618525
4909,0.5299145299145299,0.42424242424242425,0.1217391304347826,0.08247422680412371,0.29059829059829057,0.303030303030303,0.07921037553114849,0.030765674498628107,0.36364535786960156,0.23593964334705078
4910,0.43103448275862066,0.4873949579831932,0.24561403508771928,0.30769230769230765,0.39655172413793105,0.40336134453781514,0.10265950541819766,0.16781745844822132,0.3760002085125238,0.531862700228833
4911,0.4457142857142857,0.40540540540540543,0.11560693641618497,0.136986301369863,0.2742857142857143,0.20270270270270271,0.06400489080924994,0.10131599626201501,0.26559269656808343,0.2399810488653162
4912,0.5550239234449761,0.4975609756097561,0.21256038647342998,0.22660098522167488,0.2679425837320574,0.2926829268292683,0.15078219567578677,0.14207502442815612,0.3538595693757711,0.28166722043426695
4913,0.3917525773195876,0.4318181818181818,0.10526315789473684,0.20930232558139536,0.2680412371134021,0.38636363636363635,0.0693167055723383,0.19373790608831817,0.2936046511627907,0.3818527689860443
4914,0.3802816901408451,0.30612244897959184,0.17142857142857143,0.14583333333333334,0.15492957746478875,0.1836734693877551,0.0830711437349762,0.11833343078048614,0.4243912041593812,0.28225806451612906
4915,0.2857142857142857,0.3333333333333333,0.11965811965811965,0.12195121951219512,0.2184873949579832,0.2619047619047619,0.05248346749224935,0.02673219555880807,0.27368686868686876,0.19673899767943656
4916,0.39378238341968913,0.45508982035928147,0.1675392670157068,0.1818181818181818,0.227979274611399,0.2155688622754491,0.031055611354389268,0.029354442076268566,0.2518266347308892,0.25940041708141415
4917,0.3950617283950617,0.42,0.175,0.24489795918367346,0.29629629629629634,0.37999999999999995,0.07329581932274754,0.08714210150323355,0.3030737460655986,0.23490498462057047
4918,0.5466666666666666,0.4460431654676259,0.24324324324324323,0.18978102189781018,0.4,0.34532374100719426,0.10231837862015342,0.10622825247933461,0.38004006927230133,0.3613148837047596
4919,0.5283018867924528,0.5321100917431193,0.3846153846153846,0.3738317757009346,0.49056603773584906,0.4954128440366972,0.3122113671844457,0.3154004721176519,0.41690676416819017,0.454827864443249
4920,0.44274809160305345,0.48214285714285715,0.31007751937984496,0.34545454545454546,0.44274809160305345,0.4285714285714286,0.1916661072585203,0.18966194006853945,0.34715071106584966,0.3555145988941702
4921,0.38571428571428573,0.5379310344827586,0.17391304347826086,0.26573426573426573,0.35714285714285715,0.42758620689655175,0.03464624892033587,0.12835212886048253,0.25604264517432546,0.35909192117017846
4922,0.6056338028169014,0.5094339622641509,0.2571428571428571,0.2692307692307693,0.3098591549295775,0.3962264150943396,0.15461892446322545,0.10042947265553034,0.4428616522366523,0.3740179573512907
4923,0.6373626373626373,0.2588235294117647,0.4044943820224719,0.12048192771084336,0.5494505494505494,0.23529411764705882,0.1841905603237335,0.05786688295409777,0.5790441647327627,0.1469699585635359
4924,0.29457364341085274,0.30588235294117644,0.047244094488188976,0.07228915662650601,0.124031007751938,0.21176470588235294,0.01990642256647946,0.008673734520869121,0.24228583916083918,0.14938587053971666
4925,0.27906976744186046,0.18390804597701146,0.07874015748031496,0.023529411764705882,0.12403100775193797,0.13793103448275862,0.009136636067123905,0.005987016463560547,0.21692548817699303,0.12758543165467626
4926,0.47826086956521735,0.46969696969696967,0.4117647058823529,0.4,0.46376811594202905,0.46969696969696967,0.23917543354965182,0.25459202995610514,0.4014388489208633,0.385621521335807
4927,0.40449438202247195,0.5,0.1839080459770115,0.2,0.29213483146067415,0.34782608695652173,0.11530675090782477,0.09196799738419303,0.3774757922535212,0.49968963376784603
4928,0.47945205479452047,0.4714285714285715,0.1527777777777778,0.14492753623188406,0.35616438356164387,0.3000000000000001,0.03158983433942544,0.02515281015596433,0.33531679148774013,0.30912813297087105
4929,0.5109489051094891,0.5894736842105264,0.2518518518518518,0.30107526881720426,0.39416058394160586,0.4842105263157895,0.13652468458220363,0.20376125642771528,0.5883661718046145,0.5039723365340649
4930,0.36220472440944884,0.4117647058823529,0.08000000000000002,0.13999999999999999,0.2362204724409449,0.3529411764705882,0.009511954052721186,0.06362569791594619,0.17761989342806395,0.19151121096586782
4931,0.453125,0.44827586206896547,0.12698412698412698,0.14035087719298248,0.265625,0.3275862068965517,0.05206817680089558,0.05971881979402256,0.40012954393745687,0.3940775193798449
4932,0.3407407407407408,0.532258064516129,0.1954887218045113,0.3442622950819672,0.2518518518518518,0.4193548387096774,0.11857332561106029,0.26413967694264684,0.35063313924367645,0.6127437945619765
4933,0.5030674846625767,0.513888888888889,0.14906832298136646,0.18309859154929575,0.245398773006135,0.2638888888888889,0.028986093813363988,0.03092943467675975,0.42453637660485016,0.40593191769360115
4934,0.5589519650655022,0.5213675213675213,0.27312775330396477,0.2672413793103448,0.36681222707423583,0.36752136752136755,0.15708609708671536,0.12064704259782229,0.35121951219512193,0.33020599219291275
4935,0.3666666666666667,0.4833333333333334,0.1016949152542373,0.1864406779661017,0.21666666666666667,0.23333333333333334,0.01248542466742903,0.058742488242113346,0.28505747126436787,0.3563218390804598
4936,0.5365853658536586,0.4900662251655629,0.308641975308642,0.24161073825503357,0.45121951219512196,0.35761589403973515,0.18151704417955447,0.10226958237053538,0.4617457616239836,0.3763200951955972
4937,0.25806451612903225,0.2807017543859649,0.06593406593406594,0.14545454545454545,0.19354838709677416,0.2807017543859649,0.011330065075897526,0.07714083835041011,0.18314121037463973,0.2040816326530612
4938,0.41904761904761906,0.6117647058823529,0.17475728155339806,0.3373493975903615,0.26666666666666666,0.4235294117647059,0.06789311587451442,0.23782678885662012,0.28181818181818186,0.41773164223251036
4939,0.39316239316239315,0.4444444444444444,0.13913043478260873,0.2641509433962264,0.2735042735042735,0.3888888888888889,0.08707487335130791,0.19558677038214364,0.17985611510791366,0.33496957487616075
4940,0.4000000000000001,0.390625,0.13559322033898305,0.12698412698412698,0.26666666666666666,0.29687499999999994,0.04608177475231874,0.060088210299864483,0.24142880083503962,0.34844285714285717
4941,0.6288659793814433,0.5599999999999999,0.3229166666666667,0.2658959537572254,0.43298969072164945,0.3314285714285714,0.27413859263531415,0.17980904661545835,0.4730354855309691,0.36121708290738386
4942,0.27450980392156865,0.2857142857142857,0.013245033112582781,0.06837606837606838,0.13071895424836602,0.2184873949579832,0.007365532088915644,0.00948427534682862,0.14326647564469913,0.09570783132530118
4943,0.4329896907216495,0.4788732394366197,0.1894736842105263,0.3188405797101449,0.28865979381443296,0.4507042253521127,0.11110314308674148,0.2512179553452341,0.4338463944375275,0.3161473087818697
4944,0.4161073825503356,0.4705882352941176,0.10884353741496598,0.11965811965811965,0.22818791946308728,0.2857142857142857,0.010294584759554117,0.0149612337259871,0.25380291005291006,0.24085122195057937
4945,0.3723404255319149,0.3435582822085889,0.18279569892473116,0.08695652173913043,0.2765957446808511,0.19631901840490795,0.09347240781291344,0.059996150828154245,0.2653674341267821,0.17764618228809212
4946,0.7839195979899498,0.5882352941176471,0.6192893401015229,0.4059405940594059,0.6834170854271358,0.4803921568627451,0.48762041805692874,0.3539415036236834,0.6491226268828354,0.4483612384477729
4947,0.41221374045801523,0.4918032786885246,0.15503875968992248,0.23333333333333334,0.16793893129770993,0.21311475409836064,0.025039910616810573,0.07774232092542353,0.17006802721088435,0.20533055448226342
4948,0.4545454545454546,0.3546099290780142,0.13157894736842105,0.11510791366906475,0.2337662337662338,0.24113475177304963,0.05449783750178934,0.024640007865329206,0.3877828211080697,0.2
4949,0.606060606060606,0.4320987654320988,0.41836734693877553,0.2125,0.4646464646464646,0.2592592592592593,0.30744375194889223,0.15899126115540413,0.5040282210317882,0.2532518851779055
4950,0.481203007518797,0.43200000000000005,0.04580152671755725,0.13008130081300814,0.2406015037593985,0.304,0.008294389387928083,0.11728640764297357,0.2297794117647059,0.3274852559064874
4951,0.4957264957264957,0.5191489361702128,0.20689655172413796,0.25751072961373395,0.30769230769230765,0.28936170212765955,0.1186765862823264,0.1398760019529443,0.31323946278155107,0.3025927947598253
4952,0.38554216867469876,0.5526315789473685,0.12345679012345678,0.18918918918918917,0.16867469879518074,0.39473684210526316,0.04129643869495519,0.021008777462813887,0.2443907675791734,0.23230131172839508
4953,0.512,0.5192307692307692,0.2926829268292683,0.2745098039215686,0.432,0.3461538461538462,0.09344976970692227,0.1631259968244816,0.47561291083860546,0.4026613861386139
4954,0.43243243243243246,0.5321100917431193,0.14678899082568805,0.14953271028037382,0.27027027027027023,0.2385321100917431,0.015258095452360523,0.0296607711453887,0.235864837738374,0.2706338259441708
4955,0.5314685314685316,0.5245901639344263,0.3120567375886525,0.30000000000000004,0.3636363636363637,0.4262295081967213,0.16267950610514947,0.19678534494026953,0.4126081836330945,0.4017227103646857
4956,0.5454545454545454,0.5681818181818182,0.33333333333333337,0.3488372093023256,0.4,0.38636363636363635,0.16933390100330278,0.12942437227713108,0.39115467566222417,0.35673638132295726
4957,0.34285714285714286,0.358974358974359,0.05825242718446602,0.06956521739130435,0.1523809523809524,0.2564102564102564,0.010320361584657317,0.01113063808439393,0.1720370525259284,0.1982698961937716
4958,0.36170212765957455,0.4473684210526316,0.10869565217391304,0.2162162162162162,0.2553191489361702,0.3684210526315789,0.0328177338848679,0.03237891189917587,0.23464898547094193,0.2619294605809129
4959,0.8082191780821918,0.7448275862068965,0.7638888888888888,0.6993006993006993,0.8082191780821918,0.7310344827586206,0.6211115179678997,0.5981083092794534,0.8590855572998428,0.7760836249522387
4960,0.4333333333333333,0.24299065420560748,0.2033898305084746,0.0,0.3333333333333333,0.1869158878504673,0.13737279171076758,0.005758644586465742,0.3315508021390374,0.11882998171846436
4961,0.3287671232876712,0.29629629629629634,0.09722222222222222,0.05,0.2328767123287671,0.16049382716049382,0.008797484608004343,0.0034572942820178627,0.22892561983471071,0.16286644951140064
4962,0.5128205128205129,0.4354838709677419,0.28571428571428575,0.14754098360655737,0.358974358974359,0.27419354838709675,0.21137034692563358,0.031641793318795575,0.40238137789294964,0.2215268817204301
4963,0.5394736842105263,0.5693430656934305,0.26666666666666666,0.2074074074074074,0.36842105263157887,0.24817518248175185,0.20073244907048995,0.116802002147598,0.42890204559587825,0.3283814966544844
4964,0.5517241379310345,0.5074626865671642,0.3157894736842105,0.2575757575757576,0.4655172413793103,0.32835820895522394,0.24669426816409507,0.18323294563164613,0.4399635711009277,0.4043478260869565
4965,0.453781512605042,0.3617021276595745,0.18803418803418803,0.06521739130434782,0.28571428571428575,0.23404255319148937,0.05817245919652003,0.01238396007360187,0.3311095539789593,0.1569506726457399
4966,0.4631578947368421,0.4772727272727273,0.34408602150537637,0.37209302325581395,0.4,0.40909090909090906,0.24088562704853508,0.2756699489053943,0.5015664243811958,0.5189013358838896
4967,0.4153846153846154,0.5054945054945055,0.17187500000000003,0.17977528089887643,0.2923076923076923,0.3516483516483517,0.10467757347424328,0.11148793872145202,0.3618677042801557,0.2996963339862539
4968,0.6356589147286822,0.5483870967741936,0.3464566929133858,0.2786885245901639,0.3100775193798449,0.20967741935483872,0.22371660581923114,0.20454177458247438,0.36992273653484775,0.33358929843304846
4969,0.42487046632124353,0.42953020134228187,0.10471204188481674,0.12244897959183672,0.19689119170984457,0.25503355704697983,0.05402798089512386,0.01383657642906856,0.2278414755732802,0.18286553777159206
4970,0.4776119402985074,0.42990654205607476,0.22727272727272724,0.1904761904761905,0.3880597014925373,0.3177570093457944,0.12915066115165527,0.14586647638533404,0.5179875056234919,0.375578947368421
4971,0.3142857142857143,0.25,0.05882352941176471,0.03703703703703704,0.2285714285714286,0.17857142857142855,0.013202927207088249,0.009152541620698935,0.2805190058479532,0.16537649542575653
4972,0.4235294117647059,0.45,0.11904761904761904,0.07594936708860758,0.2588235294117647,0.18749999999999997,0.02466025063642892,0.010377968957234038,0.2441747490071079,0.2061473127262601
4973,0.52,0.5581395348837208,0.22448979591836737,0.1904761904761905,0.28,0.3953488372093023,0.12242249071659388,0.045189820431652386,0.38562845849802374,0.37309619315474823
4974,0.47435897435897434,0.430379746835443,0.22077922077922077,0.10256410256410256,0.3461538461538462,0.20253164556962025,0.10453525549143113,0.052939518435554785,0.23633649560731915,0.16635799522673034
4975,0.5675675675675677,0.6470588235294117,0.3150684931506849,0.2686567164179104,0.44594594594594594,0.42647058823529416,0.10932472654312479,0.10572668155160911,0.39574435395609675,0.36460280267320677
4976,0.44025157232704404,0.42857142857142855,0.14012738853503184,0.125,0.2138364779874214,0.30612244897959184,0.06314291790331293,0.011231867663292934,0.3743502754520839,0.20374970738166867
4977,0.372093023255814,0.5,0.1889763779527559,0.26666666666666666,0.248062015503876,0.3695652173913044,0.0787997324854977,0.1651389163604012,0.2485680214259183,0.2661081035829891
4978,0.7521367521367521,0.42990654205607476,0.46956521739130436,0.1523809523809524,0.3418803418803419,0.24299065420560748,0.3286295673299097,0.06506490114040292,0.5689180403585531,0.27977594766322667
4979,0.5471698113207547,0.5063291139240506,0.38461538461538464,0.28571428571428575,0.490566037735849,0.3544303797468355,0.24007500772395804,0.10937393860037288,0.560344827586207,0.3467915995751824
4980,0.5257731958762886,0.46666666666666673,0.23958333333333334,0.25842696629213485,0.32989690721649484,0.36666666666666664,0.1079162697085359,0.14650905835566438,0.3308042059189757,0.32525569694369144
4981,0.40462427745664736,0.2537313432835821,0.11695906432748539,0.07575757575757576,0.19653179190751446,0.13432835820895522,0.011401815137418577,0.003299983811021615,0.19251292031305478,0.07660878447395301
4982,0.6363636363636364,0.46601941747572817,0.35185185185185186,0.27722772277227725,0.4,0.2912621359223301,0.23914783549192858,0.18711410600386805,0.4837686146209386,0.3496991667905019
4983,0.543046357615894,0.5874125874125875,0.21476510067114093,0.19858156028368795,0.35761589403973515,0.3916083916083916,0.03635437519515387,0.027551291941488747,0.45925495285995,0.4239658542353546
4984,0.3577235772357723,0.2962962962962963,0.09917355371900825,0.01886792452830189,0.1951219512195122,0.20370370370370372,0.023231912062100252,0.010121264145745596,0.17839400473532893,0.13986013986013987
4985,0.41958041958041964,0.36363636363636365,0.1843971631205674,0.12307692307692307,0.26573426573426573,0.18181818181818182,0.10578515651708931,0.030490516656030763,0.4756297723542426,0.3219686824861178
4986,0.30357142857142855,0.30588235294117644,0.0909090909090909,0.0,0.23214285714285718,0.1647058823529412,0.04680528823003359,0.006486155788333823,0.30275779376498807,0.15345268542199486
4987,0.6875000000000001,0.6419753086419753,0.2978723404255319,0.4050632911392405,0.4166666666666667,0.4938271604938272,0.12154924029520188,0.09984752180234747,0.4839245927755908,0.4184688090737241
4988,0.5211267605633803,0.5565217391304347,0.2571428571428571,0.23008849557522124,0.3098591549295775,0.3652173913043478,0.11732020011024599,0.15047457385595964,0.48719430001925673,0.45377206539550136
4989,0.5978260869565217,0.5029940119760479,0.34065934065934067,0.2909090909090909,0.5000000000000001,0.4191616766467066,0.15806791203084766,0.18763962139012996,0.4257100066023519,0.4006470075898968
4990,0.42592592592592593,0.4715447154471545,0.18867924528301888,0.18181818181818182,0.2037037037037037,0.2926829268292683,0.1291617806681973,0.13364043468654754,0.27755443886097153,0.30943627450980393
4991,0.36697247706422015,0.36697247706422015,0.09345794392523364,0.07476635514018692,0.23853211009174313,0.1651376146788991,0.010458164798418441,0.012436923988150203,0.26247632575757573,0.21640625000000005
4992,0.18348623853211007,0.18947368421052632,0.05607476635514019,0.06451612903225808,0.12844036697247707,0.14736842105263157,0.004223201453497891,0.005308470686586064,0.10922330097087378,0.11306532663316583
4993,0.5084745762711864,0.42553191489361697,0.3771428571428571,0.2589928057553957,0.42937853107344626,0.34042553191489355,0.32522315782083594,0.16748271124375452,0.46003942547583865,0.3089032196729623
4994,0.3728813559322034,0.3795620437956204,0.1896551724137931,0.11851851851851852,0.25423728813559326,0.21897810218978103,0.08991063999486332,0.05045398824602465,0.1945014015780731,0.2129364896790708
4995,0.6434782608695652,0.6666666666666666,0.3539823008849558,0.44680851063829785,0.4869565217391304,0.6041666666666666,0.207426599266124,0.21945184396846715,0.36224821312540606,0.42408688747731393
4996,0.5510204081632653,0.379746835443038,0.20833333333333334,0.1038961038961039,0.4081632653061225,0.27848101265822783,0.06423955370993306,0.02866600025576682,0.4181522337345362,0.24101410046581898
4997,0.39999999999999997,0.42857142857142855,0.17391304347826086,0.1090909090909091,0.22857142857142856,0.21428571428571427,0.07251907869492152,0.05261717601431964,0.38213914849428865,0.29119373776908025
4998,0.7999999999999999,0.525,0.6407766990291263,0.5128205128205129,0.7047619047619048,0.525,0.3592962608832201,0.11214174524939842,0.5691771478532003,0.3056816437515076
4999,0.5882352941176471,0.39097744360902253,0.31788079470198677,0.12213740458015267,0.3790849673202614,0.2105263157894737,0.24829971404490278,0.019574387494795287,0.4792226100966703,0.14864864864864866
5000,0.3428571428571429,0.3272727272727273,0.08695652173913042,0.037037037037037035,0.2285714285714286,0.14545454545454545,0.04249608173970585,0.006087473628081747,0.23846418732782368,0.19115981424849926
5001,0.5604395604395604,0.6013071895424835,0.3,0.34437086092715224,0.3846153846153846,0.41830065359477125,0.1612070755655007,0.23630779612862127,0.3851187151968402,0.3945961174980648
5002,0.5827814569536424,0.5882352941176471,0.3355704697986578,0.28358208955223885,0.4768211920529801,0.38235294117647056,0.11128196351641041,0.1368819628944538,0.38489334602180514,0.3730469403459466
5003,0.5000000000000001,0.39370078740157477,0.26153846153846155,0.04800000000000001,0.37878787878787873,0.2204724409448819,0.12509478389980996,0.010260683699278348,0.3922564665401044,0.28992032307356475
5004,0.5348837209302325,0.47368421052631576,0.42857142857142855,0.32432432432432434,0.4883720930232558,0.4473684210526316,0.3282323124273672,0.24522061043660445,0.5867672739593921,0.5363888189372954
5005,0.3756906077348066,0.4245810055865922,0.1340782122905028,0.1581920903954802,0.2430939226519337,0.2793296089385475,0.04854598049387409,0.07456060947130676,0.17822920428554234,0.23749577374057468
5006,0.2878787878787879,0.3333333333333333,0.07692307692307691,0.10638297872340426,0.18181818181818182,0.20833333333333331,0.016149667158045982,0.029593266148370437,0.23140285326086954,0.2246735558630232
5007,0.3448275862068965,0.43902439024390244,0.13986013986013987,0.21487603305785122,0.23448275862068965,0.3252032520325203,0.031300582725462,0.127055860828786,0.19503474939631704,0.27854829595164815
5008,0.4189189189189189,0.5045045045045046,0.3013698630136986,0.34862385321100914,0.36486486486486486,0.45045045045045046,0.15252095709962563,0.20001412836890847,0.5355892132886254,0.4688914939277783
5009,0.728476821192053,0.5540540540540541,0.41610738255033564,0.2328767123287671,0.3973509933774835,0.27027027027027023,0.23245678412154488,0.14335590674353174,0.514718486140788,0.4097592508555978
5010,0.2684563758389262,0.43636363636363634,0.12244897959183673,0.18404907975460122,0.18791946308724833,0.3151515151515151,0.050079022178549086,0.026147533408231227,0.22960870856279025,0.3482966557755141
5011,0.453125,0.47058823529411764,0.15873015873015875,0.23931623931623933,0.34375,0.3361344537815126,0.07162734790293106,0.11588305914541987,0.2393770033697707,0.27808370044052866
5012,0.34951456310679613,0.27586206896551724,0.07920792079207921,0.16470588235294117,0.13592233009708737,0.20689655172413796,0.006312871110271525,0.11034417547873338,0.138592750533049,0.16423841059602645
5013,0.5620915032679739,0.5935483870967742,0.3443708609271523,0.3398692810457517,0.457516339869281,0.45161290322580644,0.17945687258294,0.17858744731232254,0.4171993976942171,0.4528169299087942
5014,0.4964539007092199,0.5,0.2589928057553957,0.26582278481012656,0.4255319148936171,0.3625,0.10695960619226662,0.08104444588448771,0.36824537142303343,0.42722053360351225
5015,0.368,0.2807017543859649,0.09756097560975609,0.05357142857142857,0.20799999999999996,0.15789473684210525,0.05742215428136854,0.012429778425499926,0.2631829754789167,0.16633380553168758
5016,0.619047619047619,0.5619834710743802,0.3132530120481928,0.35294117647058826,0.4404761904761905,0.49586776859504145,0.17148712324870097,0.0907522153012714,0.5181579894916876,0.31458905133291665
5017,0.3669724770642202,0.44247787610619466,0.18691588785046728,0.25225225225225223,0.25688073394495414,0.4070796460176991,0.129400739077512,0.15811644989641052,0.29012843112566106,0.35693727754219245
5018,0.48314606741573024,0.5308641975308641,0.1818181818181818,0.16250000000000003,0.29213483146067415,0.3333333333333333,0.0778457993163556,0.07936236829434448,0.358724283042394,0.36051263578525594
5019,0.36231884057971014,0.4590163934426229,0.19117647058823528,0.31666666666666665,0.3188405797101449,0.4098360655737705,0.09286083841060064,0.19126990157556595,0.42269576674113535,0.49969102296450946
5020,0.4137931034482759,0.41666666666666663,0.15789473684210525,0.13559322033898305,0.2586206896551724,0.24999999999999994,0.03167031358867843,0.031201378925347543,0.33834276206322794,0.331947772507213
5021,0.5093167701863354,0.49253731343283585,0.17610062893081763,0.16666666666666666,0.2360248447204969,0.19402985074626866,0.0635744867265033,0.025081629115293522,0.28248454463208683,0.21816336884830034
5022,0.3673469387755102,0.2626262626262626,0.16666666666666666,0.061855670103092786,0.20408163265306123,0.1414141414141414,0.03518177591889117,0.00941475678741239,0.25728044026599406,0.16719101123595506
5023,0.5161290322580645,0.5238095238095238,0.2786885245901639,0.3170731707317073,0.3064516129032258,0.38095238095238093,0.16412407172031257,0.16408104923960382,0.38045927957649234,0.25894062078272606
5024,0.6073298429319371,0.5365853658536586,0.2857142857142857,0.1975308641975309,0.4397905759162304,0.32926829268292684,0.1707524851802889,0.02808546287786087,0.4656219803090813,0.24711835579991412
5025,0.24999999999999994,0.4528301886792453,0.10638297872340426,0.23076923076923078,0.14583333333333334,0.3773584905660377,0.05590776680605834,0.10313349331781271,0.10373443983402489,0.33816326530612245
5026,0.46774193548387105,0.4,0.09836065573770493,0.07079646017699115,0.22580645161290325,0.19130434782608693,0.059958178578022756,0.05060109521179296,0.28948758476103115,0.20315116404688596
5027,0.15555555555555556,0.18666666666666665,0.022727272727272728,0.0,0.08888888888888888,0.10666666666666667,0.003330819561259882,0.0047291810340735615,0.09505703422053233,0.08032128514056226
5028,0.45925925925925926,0.5981308411214952,0.2706766917293233,0.39999999999999997,0.3555555555555556,0.5046728971962617,0.14004327215895437,0.25148648713327565,0.3709632153299916,0.4524761904761905
5029,0.3913043478260869,0.34567901234567905,0.15555555555555556,0.0759493670886076,0.34782608695652173,0.19753086419753085,0.013183865476808339,0.01209685959137829,0.3216005503324925,0.21386876006441227
5030,0.3170731707317074,0.2926829268292683,0.05,0.1,0.17073170731707316,0.1951219512195122,0.016474575791240956,0.017419743019031778,0.19968541682270988,0.2425985981797259
5031,0.48618784530386744,0.3352601156069364,0.17877094972067042,0.08187134502923978,0.287292817679558,0.18497109826589597,0.08375491451750673,0.011067214991466543,0.3121284791336897,0.17297604531829497
5032,0.592,0.47058823529411764,0.2926829268292683,0.19277108433734938,0.44800000000000006,0.3294117647058824,0.10589088374917001,0.05983142412918344,0.5019841269841271,0.22517277644230765
5033,0.35294117647058826,0.380952380952381,0.16867469879518074,0.21951219512195122,0.23529411764705882,0.28571428571428575,0.0403678356885448,0.09447475604046493,0.2798045339507835,0.3177367340955732
5034,0.3076923076923077,0.28205128205128205,0.11235955056179775,0.026315789473684213,0.15384615384615385,0.15384615384615383,0.013513353086126568,0.00800355894129243,0.23516549476933624,0.14450867052023122
5035,0.36000000000000004,0.5934065934065934,0.14285714285714285,0.33707865168539325,0.28,0.43956043956043955,0.05757177103786432,0.19726472415983368,0.30792045324917294,0.47349016853932585
5036,0.3565891472868217,0.3191489361702128,0.11023622047244096,0.10869565217391304,0.23255813953488377,0.2765957446808511,0.010498773264616373,0.014739391641260329,0.198744769874477,0.18866085760146753
5037,0.7079646017699115,0.6106870229007634,0.6126126126126126,0.5426356589147288,0.672566371681416,0.5801526717557253,0.4297853877143706,0.3436395299678069,0.7805476804123712,0.7589960238568589
5038,0.5153374233128835,0.4838709677419355,0.1987577639751553,0.1475409836065574,0.36809815950920244,0.3064516129032258,0.05614096653584264,0.029103925050582298,0.3257744029478107,0.2825283279733102
5039,0.5032258064516129,0.6025641025641025,0.1437908496732026,0.2077922077922078,0.24516129032258066,0.2692307692307692,0.09368056036744081,0.11347649786133736,0.3309608223912772,0.420168899239662
5040,0.34920634920634924,0.39669421487603307,0.04838709677419355,0.10084033613445378,0.23809523809523808,0.2809917355371901,0.02193662655241014,0.026078225888157922,0.21112956810631225,0.22149675057069174
5041,0.3773584905660377,0.4935064935064935,0.15384615384615385,0.21333333333333332,0.2830188679245283,0.38961038961038963,0.07543938388328399,0.1240745211972404,0.3757440476190476,0.37269305870496344
5042,0.5314685314685315,0.5426356589147286,0.19858156028368795,0.22047244094488186,0.43356643356643354,0.40310077519379844,0.08186636252320094,0.09128372817609096,0.37417921585963826,0.37799401197604793
5043,0.291970802919708,0.33783783783783783,0.05925925925925926,0.13698630136986303,0.145985401459854,0.17567567567567569,0.020008789648758813,0.10316659672990343,0.21534792368125702,0.2951961862852952
5044,0.33999999999999997,0.3333333333333333,0.10204081632653061,0.0857142857142857,0.2,0.19444444444444445,0.01997028668887824,0.029335609328344198,0.26867890013148116,0.22613981762917937
5045,0.46258503401360546,0.43749999999999994,0.16551724137931037,0.13924050632911392,0.31292517006802717,0.21250000000000002,0.07791854641890371,0.059144513159087524,0.3235020821144647,0.26870073838659586
5046,0.4900662251655629,0.4615384615384615,0.21476510067114093,0.24347826086956523,0.2913907284768212,0.3076923076923077,0.09885652793119347,0.07900393317894237,0.34002464840994406,0.28705345663056586
5047,0.24836601307189543,0.27906976744186046,0.06622516556291391,0.11023622047244093,0.14379084967320263,0.12403100775193798,0.010090118040597864,0.012976001485389903,0.18756533346199,0.17965682046494638
5048,0.5436893203883495,0.4864864864864865,0.35643564356435636,0.25,0.4660194174757281,0.40540540540540543,0.1486599636902727,0.04965331640175486,0.4794121409383573,0.2777777777777778
5049,0.5192307692307693,0.6265060240963854,0.3725490196078432,0.5185185185185185,0.5192307692307693,0.6265060240963854,0.26436378069291677,0.3037343770416633,0.5170622220374911,0.5146951522050024
5050,0.35443037974683544,0.3389830508474576,0.1038961038961039,0.17543859649122806,0.25316455696202533,0.23728813559322037,0.006170031539043551,0.03459516500691775,0.21072796934865903,0.3074380165289256
5051,0.47133757961783446,0.4782608695652174,0.24516129032258063,0.26666666666666666,0.3184713375796178,0.3478260869565218,0.11837697574858423,0.1124650398471219,0.4652543743329343,0.2827302775588828
5052,0.453125,0.4782608695652174,0.14285714285714285,0.15555555555555559,0.265625,0.2391304347826087,0.012707109368530013,0.027398677293504346,0.34621578099838973,0.2259156050955414
5053,0.5112781954887219,0.689655172413793,0.3816793893129771,0.5263157894736841,0.40601503759398494,0.5172413793103448,0.20974526279070022,0.3408358921401384,0.5341017110266161,0.6681992007906158
5054,0.49253731343283585,0.6533333333333333,0.303030303030303,0.5405405405405405,0.41791044776119396,0.5733333333333333,0.24205443093887774,0.40291342613063574,0.33247756437585274,0.5421366255144032
5055,0.587719298245614,0.641025641025641,0.2743362831858407,0.31896551724137934,0.3596491228070175,0.41025641025641024,0.12321465641993122,0.15907395464288485,0.37211768361746844,0.4223016400430615
5056,0.35185185185185186,0.4197530864197531,0.056603773584905655,0.10126582278481013,0.16666666666666669,0.19753086419753083,0.011247006460229352,0.01843655990336036,0.25716358649721743,0.2305932138480392
5057,0.2830188679245283,0.2916666666666667,0.15384615384615385,0.1702127659574468,0.18867924528301888,0.22916666666666666,0.06758583657764057,0.07634009522677768,0.37710327605684046,0.38972011428922554
5058,0.4545454545454545,0.4752475247524752,0.1851851851851852,0.1818181818181818,0.23636363636363636,0.21782178217821785,0.07292639249248285,0.11178900289708596,0.25762553112939557,0.3111137275157998
5059,0.3779527559055118,0.34,0.096,0.10204081632653061,0.1889763779527559,0.22,0.022289279963575277,0.06724888422961112,0.1937984496124031,0.1816780045351474
5060,0.4251968503937008,0.41379310344827586,0.19199999999999998,0.21052631578947367,0.28346456692913385,0.27586206896551724,0.03576959449516199,0.039664540695028415,0.3258695813192582,0.30307994220808365
5061,0.7419354838709677,0.6424242424242425,0.5434782608695652,0.4171779141104294,0.6129032258064515,0.49696969696969695,0.47194980844945295,0.32983830529639957,0.6202164902720073,0.4690975654967869
5062,0.3565891472868217,0.48148148148148145,0.14173228346456693,0.3018867924528302,0.24806201550387597,0.3888888888888889,0.06467500079518394,0.23622991007285757,0.26725505016821544,0.36571043771043765
5063,0.3835616438356164,0.4210526315789474,0.11111111111111112,0.13333333333333333,0.20547945205479454,0.2105263157894737,0.027457647622111527,0.029997572798713942,0.28926186773987017,0.31669435215946845
5064,0.4473684210526315,0.38216560509554137,0.18666666666666668,0.14193548387096774,0.3026315789473684,0.21656050955414013,0.026584490520260632,0.02376140203768309,0.3738693467336683,0.31813720513080856
5065,0.6666666666666665,0.7238095238095238,0.46774193548387094,0.5631067961165047,0.5555555555555556,0.6666666666666666,0.33823255821886306,0.38421498111238145,0.5737758808376716,0.5601815598905097
5066,0.28205128205128205,0.24806201550387594,0.06493506493506494,0.015748031496062992,0.11538461538461539,0.13953488372093023,0.018555106747933956,0.0067040596686472505,0.13916333733141195,0.08997429305912596
5067,0.62015503875969,0.32692307692307687,0.4566929133858268,0.09803921568627451,0.5426356589147286,0.21153846153846154,0.3316268961188914,0.06640163821229601,0.5256669780961278,0.20028773805335756
5068,0.5985401459854015,0.5306122448979592,0.23703703703703702,0.23448275862068965,0.2627737226277372,0.31292517006802717,0.15357232418273378,0.11864182338504066,0.337216603337529,0.4080884888613008
5069,0.5441176470588235,0.4785276073619632,0.3880597014925373,0.28571428571428575,0.4558823529411765,0.40490797546012275,0.2240759721841761,0.24974515687259807,0.3192161820480404,0.37162459617064797
5070,0.464,0.42990654205607476,0.16260162601626016,0.20952380952380953,0.28800000000000003,0.37383177570093457,0.03490547028720251,0.04062556786936062,0.2923248626373626,0.22203445524104587
5071,0.3300970873786408,0.31250000000000006,0.13861386138613863,0.1702127659574468,0.23300970873786409,0.18749999999999997,0.026439673158567743,0.03218266266114156,0.16196250440445664,0.17803293899327297
5072,0.6013986013986014,0.6289308176100629,0.35460992907801425,0.3694267515923567,0.3356643356643356,0.389937106918239,0.2012441057120197,0.27774149548778315,0.4756611366622864,0.5269186712485682
5073,0.33333333333333337,0.37735849056603776,0.18421052631578946,0.1568627450980392,0.25641025641025644,0.26415094339622636,0.1050607902226549,0.12212865548711091,0.3937811811114979,0.35775630703166944
5074,0.44848484848484854,0.4489795918367347,0.11042944785276074,0.1517241379310345,0.2909090909090909,0.2993197278911565,0.02857516280373203,0.030161132828825103,0.3082270545899234,0.2210656163434903
5075,0.4466019417475728,0.3953488372093023,0.23762376237623764,0.23809523809523808,0.2524271844660194,0.23255813953488372,0.16881764916332667,0.1824782523875373,0.354026170352701,0.3013513513513513
5076,0.4632768361581921,0.43209876543209874,0.25142857142857145,0.1875,0.37288135593220334,0.32098765432098764,0.12302188295487118,0.10436987509406621,0.38360360611811994,0.28580422803877015
5077,0.3857142857142857,0.4528301886792453,0.14492753623188406,0.17307692307692307,0.2571428571428571,0.24528301886792453,0.06690342045960021,0.085947046726284,0.3872053872053872,0.33976100219254796
5078,0.5045045045045046,0.5473684210526317,0.3119266055045871,0.27956989247311825,0.3963963963963964,0.37894736842105264,0.11562260785481206,0.09411741103356924,0.47007978723404253,0.37278825499690543
5079,0.6486486486486486,0.6666666666666666,0.4403669724770642,0.4821428571428572,0.5945945945945946,0.5789473684210525,0.2507755633704768,0.299358171382701,0.5170563595008906,0.5987628865979383
5080,0.2992125984251969,0.4583333333333333,0.12799999999999997,0.19148936170212766,0.23622047244094488,0.2916666666666667,0.07478974963170175,0.08989316313500634,0.16183986371379896,0.21533763926750002
5081,0.5185185185185186,0.4333333333333333,0.2255639097744361,0.25423728813559326,0.37037037037037035,0.4,0.10906349474445479,0.1505139651863178,0.40837428862718145,0.40083219259935254
5082,0.336,0.2708333333333333,0.1951219512195122,0.1702127659574468,0.288,0.25,0.11235465135168293,0.06454923407549061,0.26833545918367346,0.1534369885433715
5083,0.45783132530120485,0.37681159420289856,0.29629629629629634,0.11940298507462688,0.43373493975903615,0.34782608695652173,0.18390631151148953,0.03234592329773524,0.4056379980736989,0.21357228090334554
5084,0.5888324873096447,0.5918367346938774,0.3384615384615385,0.3298969072164949,0.3756345177664974,0.4183673469387755,0.19633954224536876,0.227374728264716,0.40146890424481735,0.4225096610759316
5085,0.4375,0.4042553191489362,0.2553191489361702,0.26086956521739124,0.3333333333333333,0.3191489361702128,0.1825633208159447,0.19871238775648964,0.28367296563451355,0.3163886439349403
5086,0.3963963963963964,0.42666666666666664,0.14678899082568805,0.21917808219178084,0.25225225225225223,0.3466666666666667,0.05058738621051635,0.10424457442045358,0.22673031026252982,0.15625000000000003
5087,0.6222222222222222,0.5818181818181818,0.4210526315789474,0.3888888888888889,0.45925925925925926,0.4727272727272727,0.3168776229527275,0.196672875571483,0.5497785899369609,0.3602182240958212
5088,0.5289256198347108,0.47619047619047616,0.28571428571428575,0.2926829268292683,0.36363636363636365,0.33333333333333337,0.10473073125353068,0.08890771027310859,0.3724249084249084,0.2562905230624517
5089,0.3636363636363636,0.3999999999999999,0.14473684210526316,0.13043478260869565,0.2597402597402597,0.2714285714285714,0.054116597592615306,0.029733540585145973,0.2520629217682308,0.26944005616991396
5090,0.6097560975609756,0.5522388059701493,0.41975308641975306,0.22727272727272727,0.5121951219512194,0.26865671641791045,0.38168247922477627,0.09538538552541943,0.5438870102611941,0.2965204200062485
5091,0.5838509316770186,0.49645390070921985,0.3018867924528302,0.2014388489208633,0.43478260869565216,0.2836879432624113,0.20819837979667294,0.03668702683390814,0.4347973763463585,0.2662709497206704
5092,0.4925373134328358,0.3511450381679389,0.33333333333333337,0.062015503875969005,0.4477611940298508,0.16793893129770995,0.21025490964214358,0.009486712557352828,0.5935754189944135,0.21616541353383462
5093,0.4520547945205479,0.45098039215686275,0.18055555555555552,0.22,0.2328767123287671,0.3333333333333333,0.08038482560500913,0.17539186976893675,0.4118943286441099,0.3473438977873568
5094,0.34285714285714286,0.3571428571428571,0.11594202898550725,0.13043478260869562,0.18571428571428572,0.2285714285714286,0.04379824917937349,0.06005500834321576,0.3018255578093306,0.3650793650793651
5095,0.4864864864864865,0.4928909952606635,0.2181818181818182,0.19138755980861244,0.3063063063063063,0.31279620853080564,0.08754214068023913,0.07768325731885176,0.32800741037704073,0.34702769996887645
5096,0.42028985507246375,0.5194805194805195,0.16176470588235292,0.25,0.2028985507246377,0.4285714285714286,0.012289912223936054,0.09665822460235114,0.2894875847610312,0.40099268547544403
5097,0.35036496350364965,0.3971631205673759,0.13333333333333333,0.11510791366906475,0.21897810218978103,0.14184397163120568,0.029003070018145654,0.030443192014643912,0.3223223223223223,0.3631142857142858
5098,0.5339805825242718,0.5148514851485149,0.23529411764705882,0.21999999999999997,0.20388349514563106,0.2871287128712871,0.21616987190036538,0.19400781822389176,0.3706141885325559,0.33802444191030473
5099,0.5363128491620112,0.48,0.21468926553672316,0.1891891891891892,0.2346368715083799,0.26666666666666666,0.15371315094211452,0.09151758708494351,0.40796217149426667,0.30387267326193007
5100,0.33766233766233766,0.34108527131782945,0.07894736842105263,0.07874015748031496,0.22077922077922077,0.23255813953488372,0.017571222896692155,0.020418505578629672,0.24721228697664632,0.2177730510486743
5101,0.4720496894409938,0.4827586206896552,0.25157232704402516,0.26573426573426573,0.33540372670807456,0.3448275862068966,0.17740552204949467,0.1665562908107103,0.3534447433590479,0.36423760571226005
5102,0.5094339622641509,0.49230769230769234,0.1923076923076923,0.15873015873015875,0.339622641509434,0.3384615384615385,0.06627575713066103,0.045579763418418365,0.3935159946793433,0.2340526398960546
5103,0.5869565217391304,0.3711340206185567,0.31111111111111106,0.10526315789473685,0.5,0.20618556701030927,0.1478821884735168,0.015337392625044346,0.47132367149758453,0.29595640472727885
5104,0.35,0.30872483221476504,0.1265822784810127,0.12244897959183672,0.225,0.1879194630872483,0.06476745499054047,0.06684004663590268,0.2950716167795698,0.16303927819316447
5105,0.2677165354330709,0.39603960396039606,0.11199999999999999,0.20202020202020204,0.2047244094488189,0.25742574257425743,0.04945613279206438,0.03066332593587773,0.1747935815547593,0.2336602835279815
5106,0.396551724137931,0.5054945054945054,0.12280701754385966,0.2247191011235955,0.22413793103448273,0.30769230769230765,0.053706124072022354,0.040655607858153364,0.3262597907383051,0.33738910901504265
5107,0.4732824427480916,0.3137254901960784,0.17054263565891473,0.08,0.22900763358778628,0.19607843137254902,0.038779773379728225,0.01824566391434136,0.3263320777185723,0.182952880859375
5108,0.345679012345679,0.5294117647058824,0.25316455696202533,0.42424242424242425,0.3209876543209877,0.4999999999999999,0.15926857000303815,0.23219902368812667,0.4675420031961301,0.5563218390804597
5109,0.3055555555555556,0.5961538461538461,0.07042253521126761,0.35294117647058826,0.19444444444444448,0.40384615384615385,0.007722526750058057,0.09495017528261608,0.18918918918918917,0.3550547911646733
5110,0.3333333333333333,0.3809523809523809,0.1864406779661017,0.23300970873786409,0.26666666666666666,0.32380952380952377,0.11382809806126884,0.18524553665393648,0.18324389666707172,0.19308736217133163
5111,0.43200000000000005,0.3846153846153847,0.2439024390243903,0.10526315789473685,0.368,0.28205128205128205,0.09278864176093975,0.02001442597611853,0.4859776286353466,0.25231366029371016
5112,0.360655737704918,0.37999999999999995,0.11666666666666667,0.10204081632653061,0.19672131147540983,0.22000000000000003,0.02498549469763276,0.02624308202742789,0.25180446194225725,0.2715835789653553
5113,0.3597122302158273,0.30927835051546393,0.058394160583941604,0.042105263157894736,0.15827338129496402,0.16494845360824742,0.012850315003983944,0.004000363865291923,0.19368723098995697,0.09146341463414635
5114,0.4782608695652174,0.5454545454545455,0.19117647058823528,0.3230769230769231,0.3333333333333333,0.3333333333333333,0.1526069106755021,0.15916543460281232,0.29991972441656856,0.39498550192463533
5115,0.4892703862660944,0.4245283018867924,0.17316017316017315,0.14285714285714285,0.2317596566523605,0.27358490566037735,0.09290663997279963,0.05513788730652759,0.2654168731510264,0.21451017449946527
5116,0.34375000000000006,0.2857142857142857,0.15873015873015872,0.14583333333333331,0.26562499999999994,0.24489795918367346,0.0616910138207253,0.07596247666345637,0.3542864476386037,0.2507687139867186
5117,0.4220183486238532,0.39631336405529954,0.15740740740740738,0.17674418604651165,0.20183486238532108,0.2304147465437788,0.06011532187825025,0.11823364529809535,0.3032243010478978,0.2896625501374871
5118,0.6172839506172841,0.47826086956521735,0.3900414937759336,0.15789473684210525,0.4362139917695473,0.23478260869565218,0.21872450860461654,0.03658533351699329,0.41685691633787286,0.22216605520272303
5119,0.5388601036269429,0.6321243523316062,0.28272251308900526,0.39790575916230364,0.2901554404145078,0.40414507772020725,0.2090622612024384,0.28814271295748795,0.4081337246192893,0.5274844426945894
5120,0.4507042253521127,0.3801652892561983,0.12857142857142856,0.1176470588235294,0.295774647887324,0.2644628099173553,0.06845839527364064,0.08479007521106262,0.2723493345296845,0.2350637052341598
5121,0.23300970873786409,0.31884057971014496,0.07920792079207921,0.11940298507462688,0.1553398058252427,0.20289855072463767,0.008376567729140041,0.01890734271387443,0.11842105263157893,0.19721249425165374
5122,0.43410852713178294,0.37500000000000006,0.15748031496062992,0.1914893617021277,0.2635658914728682,0.27083333333333337,0.059997874473971834,0.11806038833646318,0.33223684210526316,0.28435560882256283
5123,0.4,0.4076433121019108,0.12162162162162161,0.14193548387096774,0.2,0.267515923566879,0.07166071356016457,0.0702704371095855,0.2853971375408954,0.3277533039647577
5124,0.30158730158730157,0.2142857142857143,0.11290322580645161,0.05797101449275362,0.2222222222222222,0.14285714285714288,0.06489426168056354,0.0077392176410568374,0.30279058276871645,0.11111111111111112
5125,0.40350877192982454,0.41758241758241754,0.19642857142857145,0.20224719101123595,0.2982456140350877,0.3516483516483516,0.0999907428834926,0.11363817415150838,0.304066985645933,0.23638701319095481
5126,0.3424657534246575,0.3622047244094488,0.125,0.08,0.1917808219178082,0.2047244094488189,0.027551291941488747,0.011827626672112835,0.21631651819865835,0.1970043103448276
5127,0.34782608695652173,0.33870967741935487,0.11764705882352941,0.11475409836065574,0.21739130434782605,0.20967741935483872,0.023712083191194326,0.026912992152558907,0.27377251286449406,0.23280556353997
5128,0.49599999999999994,0.34,0.2926829268292683,0.08163265306122448,0.24000000000000002,0.17999999999999997,0.1473765366956433,0.016610240404266407,0.4500776761837075,0.27773046092184367
5129,0.33613445378151263,0.40963855421686746,0.08547008547008546,0.12345679012345678,0.18487394957983194,0.21686746987951808,0.011820602349243547,0.017715562340919037,0.2888202573496559,0.28631153877909465
5130,0.5212765957446808,0.49350649350649356,0.22580645161290322,0.18421052631578946,0.2872340425531915,0.3116883116883117,0.1068134077793035,0.07675089943133775,0.33352891224691755,0.29560944989286136
5131,0.5306122448979592,0.5542168674698796,0.37500000000000006,0.37037037037037035,0.44897959183673464,0.5301204819277109,0.16475957353152607,0.16298445065846595,0.3975653975653975,0.3689185918295996
5132,0.510948905109489,0.5714285714285714,0.26666666666666666,0.2727272727272727,0.32116788321167883,0.4464285714285714,0.1201751186817552,0.17136853786953576,0.4080230966111043,0.3625755857898714
5133,0.2558139534883721,0.24761904761904766,0.02380952380952381,0.019417475728155338,0.16279069767441862,0.15238095238095237,0.011308221067292446,0.00876496357013749,0.1633676092544987,0.14778325123152708
5134,0.46445497630331756,0.5207100591715976,0.20095693779904306,0.34730538922155685,0.2654028436018957,0.378698224852071,0.18807902700199522,0.17941191669037534,0.3505046325033911,0.32067782067782064
5135,0.44961240310077516,0.3773584905660377,0.2677165354330709,0.21153846153846154,0.29457364341085274,0.30188679245283023,0.17256805169717568,0.15143507513230708,0.41169035989670405,0.26707153920028426
5136,0.5,0.4827586206896552,0.29268292682926833,0.3928571428571428,0.42857142857142855,0.44827586206896547,0.19319522417917576,0.23009545471284212,0.4639319854131152,0.346245006878491
5137,0.4666666666666667,0.48484848484848486,0.23728813559322037,0.26804123711340205,0.2833333333333333,0.3434343434343434,0.13472903989948093,0.12269212749014126,0.4139550589390963,0.2999911273354121
5138,0.3897435897435898,0.5572139303482587,0.10362694300518135,0.35175879396984927,0.20512820512820512,0.4676616915422886,0.020423191315589347,0.2946726409015014,0.17098445595854925,0.4980472915739888
5139,0.4485981308411215,0.3620689655172414,0.13333333333333333,0.12280701754385966,0.2803738317757009,0.2586206896551724,0.00968725425076221,0.01006279867010102,0.20990173595052944,0.20731971498662174
5140,0.48598130841121495,0.4795321637426901,0.22641509433962265,0.2366863905325444,0.31775700934579443,0.32748538011695905,0.16126532844839672,0.06812813996479648,0.29437076097930026,0.2850214568661972
5141,0.4,0.43956043956043955,0.140625,0.1797752808988764,0.23076923076923078,0.30769230769230765,0.11297491495461914,0.09367643512934522,0.32124352331606215,0.28095094239148805
5142,0.4333333333333333,0.3103448275862069,0.15254237288135594,0.07017543859649124,0.24999999999999994,0.20689655172413796,0.10475504855175968,0.07174219068822689,0.283742247554158,0.1842115511936753
5143,0.5166666666666667,0.5233644859813085,0.27118644067796605,0.3047619047619048,0.4333333333333333,0.4485981308411215,0.17834913954873755,0.1868544867001886,0.3292035398230088,0.3465316018739213
5144,0.49090909090909096,0.39669421487603307,0.2777777777777778,0.1680672268907563,0.45454545454545453,0.2975206611570248,0.18413841378537238,0.10051147382872337,0.4277544543982017,0.2810510968200274
5145,0.44036697247706424,0.36190476190476184,0.13084112149532712,0.09708737864077668,0.25688073394495414,0.26666666666666666,0.05764660568351086,0.01082140140332413,0.25660569105691056,0.12355848434925863
5146,0.4431818181818181,0.380952380952381,0.11494252873563218,0.08275862068965517,0.26136363636363635,0.17687074829931973,0.02260171149229151,0.020423031346024478,0.2589857020652573,0.16999427215448823
5147,0.5130890052356021,0.4631578947368421,0.2433862433862434,0.20212765957446807,0.2722513089005236,0.34736842105263155,0.12154427058373847,0.12329355856309988,0.31818398038524254,0.2825531109145511
5148,0.4217687074829932,0.31932773109243695,0.16551724137931034,0.10256410256410255,0.21768707482993196,0.23529411764705882,0.09021269041113064,0.08392634579267177,0.45769230026699925,0.25927762268665727
5149,0.3294117647058824,0.3010752688172043,0.048192771084337345,0.08791208791208792,0.21176470588235294,0.2150537634408602,0.008793669802561379,0.00939605286422114,0.2722772277227723,0.349690626645603
5150,0.45945945945945943,0.45161290322580644,0.16666666666666669,0.16666666666666666,0.35135135135135126,0.3548387096774193,0.033287135819172496,0.02289835185065093,0.2886028718953756,0.33736707004033745
5151,0.4276729559748428,0.4027777777777778,0.14012738853503187,0.09859154929577464,0.22641509433962265,0.25,0.023251371967196816,0.03265198980348664,0.2802708525700215,0.19746175637393773
5152,0.5692307692307692,0.37777777777777777,0.359375,0.22727272727272727,0.3538461538461539,0.24444444444444446,0.2185847390923181,0.141751711207621,0.5248128981712471,0.2958412467154044
5153,0.2978723404255319,0.3673469387755102,0.07194244604316546,0.0625,0.15602836879432624,0.20408163265306126,0.010450981111236513,0.014961258582613731,0.24928379655322405,0.24970530451866402
5154,0.41538461538461546,0.33684210526315794,0.1875,0.06451612903225808,0.2307692307692308,0.21052631578947367,0.06498884727528903,0.02534246942284521,0.5291453760538184,0.2855504240997314
5155,0.41025641025641024,0.5272727272727273,0.19130434782608693,0.29629629629629634,0.25641025641025644,0.3090909090909091,0.12858756065460256,0.20022731482704875,0.3044971998695085,0.3007667824074074
5156,0.5340909090909092,0.5967741935483871,0.3218390804597701,0.3442622950819672,0.38636363636363635,0.46774193548387094,0.19141156706944484,0.20381862918882732,0.42232464406628617,0.39949169287610053
5157,0.2807017543859649,0.38834951456310685,0.19642857142857145,0.2772277227722772,0.2807017543859649,0.36893203883495146,0.1215444014819075,0.15551425869600957,0.2904379455131335,0.39206544746710953
5158,0.65,0.5507246376811594,0.5316455696202531,0.4117647058823529,0.6374999999999998,0.44927536231884063,0.3544159277394309,0.31437246502898186,0.6442433383609855,0.4571456246939357
5159,0.5727272727272728,0.4732142857142857,0.22018348623853212,0.13513513513513514,0.2545454545454546,0.20535714285714288,0.108122289263125,0.03477385654191395,0.35358917095404735,0.2146127894426124
5160,0.48175182481751827,0.33333333333333337,0.26666666666666666,0.04411764705882353,0.39416058394160586,0.17391304347826086,0.13225329175521167,0.008256235788774866,0.33024919657819624,0.17965732694592984
5161,0.2972972972972973,0.33599999999999997,0.0684931506849315,0.13008130081300812,0.14864864864864866,0.256,0.010024776704861427,0.046777714885973154,0.16592232460851372,0.17104194752771054
5162,0.5685279187817259,0.5168539325842696,0.30769230769230776,0.2840909090909091,0.4263959390862944,0.38202247191011235,0.1581730484887659,0.14256111690936088,0.3682720755575785,0.36869929021414494
5163,0.43564356435643564,0.3820224719101123,0.2222222222222222,0.18390804597701152,0.297029702970297,0.2696629213483146,0.14527967848030207,0.11835581533042372,0.367550765624602,0.2908986175115207
5164,0.3658536585365854,0.5,0.125,0.3548387096774193,0.24390243902439024,0.40625000000000006,0.01524542715420686,0.16369893867773447,0.1720027247956403,0.28878394332939794
5165,0.4660194174757281,0.47500000000000003,0.17821782178217824,0.20512820512820512,0.34951456310679613,0.45,0.02766682171634661,0.047278189406204624,0.3442932459390139,0.34769463340891915
5166,0.6031746031746033,0.5873015873015873,0.25806451612903225,0.24193548387096775,0.3492063492063492,0.3333333333333333,0.1451327467204496,0.1405194460666324,0.4285037919107041,0.4182578650663757
5167,0.46268656716417905,0.5945945945945946,0.27272727272727276,0.44036697247706424,0.417910447761194,0.5945945945945946,0.17186415646418352,0.24718598800077798,0.36903329322101885,0.4199623352165725
5168,0.45762711864406785,0.6551724137931034,0.25862068965517243,0.5614035087719298,0.3220338983050848,0.5862068965517241,0.2109469480723408,0.4279527914000696,0.323647506339814,0.5923643425054043
5169,0.39639639639639646,0.43137254901960786,0.18348623853211007,0.18,0.3063063063063063,0.35294117647058826,0.07769736682989342,0.035289356801545615,0.3721992924528302,0.3576923076923077
5170,0.43697478991596633,0.5510204081632653,0.20512820512820512,0.3958333333333333,0.23529411764705882,0.4693877551020408,0.12955620407767265,0.23655150598089925,0.31975397716138465,0.3976026936026936
5171,0.4666666666666667,0.4915254237288136,0.20338983050847456,0.2758620689655172,0.26666666666666666,0.30508474576271183,0.08651354720642696,0.20727022076426313,0.36837382791213336,0.40663748287611085
5172,0.5192307692307693,0.4444444444444445,0.2156862745098039,0.2531645569620253,0.2884615384615385,0.4197530864197531,0.10894951780948808,0.12702138392516765,0.30625267039960424,0.240019347397403
5173,0.49760765550239233,0.4739884393063584,0.16425120772946858,0.14035087719298245,0.23923444976076555,0.24277456647398848,0.05149534835388787,0.01784432496403039,0.25201853029074145,0.24647679539931439
5174,0.5882352941176471,0.5308641975308642,0.30952380952380953,0.225,0.2823529411764706,0.24691358024691362,0.1983448964125369,0.0684064983252884,0.4029635346656663,0.3369063290492122
5175,0.3466666666666667,0.4800000000000001,0.13513513513513511,0.22448979591836732,0.25333333333333335,0.36,0.07091566940033725,0.08506692444462885,0.21063272814350398,0.31212597461694064
5176,0.30476190476190473,0.3206106870229008,0.07766990291262135,0.18604651162790697,0.20952380952380953,0.2900763358778626,0.011477080816761262,0.0783551530487179,0.27878534226190477,0.3538396860986546
5177,0.5045045045045046,0.30952380952380953,0.2752293577981651,0.09756097560975609,0.27027027027027023,0.23809523809523808,0.1064237135501698,0.021213618077937587,0.360183458211403,0.14103926330702288
5178,0.5172413793103448,0.5955056179775281,0.24418604651162787,0.2727272727272727,0.39080459770114945,0.32584269662921345,0.12481038846436915,0.1408791218499638,0.38401938970120786,0.4159356370619885
5179,0.4516129032258065,0.44961240310077516,0.16993464052287582,0.23622047244094488,0.2967741935483871,0.31007751937984496,0.06922528402175539,0.14694106251955755,0.3587246993616073,0.34728365148349
5180,0.4057971014492754,0.43749999999999994,0.1323529411764706,0.1702127659574468,0.2608695652173913,0.31250000000000006,0.07049359339163078,0.12683690830851335,0.3097936591610814,0.33206412825651305
5181,0.41025641025641024,0.4578313253012048,0.12173913043478263,0.19753086419753088,0.2564102564102564,0.2891566265060241,0.08158808350367643,0.10803037806157055,0.31999166145507607,0.3054448871181939
5182,0.5454545454545455,0.5354330708661418,0.26993865030674846,0.17600000000000002,0.26666666666666666,0.22047244094488191,0.06278679294621205,0.015826994963004874,0.3356038030367533,0.28265161907137215
5183,0.5901639344262296,0.4216867469879518,0.4088397790055248,0.2560975609756098,0.34972677595628415,0.3253012048192771,0.36595320884449223,0.22240315213267906,0.5059999617836829,0.311130887185104
5184,0.38518518518518513,0.30927835051546393,0.2105263157894737,0.06315789473684211,0.2518518518518519,0.20618556701030927,0.14868334968729213,0.045533680706662506,0.34072851729617404,0.1739209615734839
5185,0.5591397849462365,0.5393258426966293,0.2417582417582418,0.2988505747126437,0.40860215053763443,0.42696629213483145,0.08785588351912259,0.11414043495560758,0.3463687150837989,0.35888451075873273
5186,0.4117647058823529,0.4464285714285715,0.14,0.16363636363636364,0.2941176470588235,0.30357142857142855,0.07379900909909537,0.07833560495977583,0.2687103594080338,0.3870333373176465
5187,0.380952380952381,0.38554216867469876,0.12195121951219512,0.09876543209876543,0.16666666666666666,0.19277108433734938,0.08233704128013336,0.07043279679054255,0.27226770221102714,0.2535712151096766
5188,0.5578231292517006,0.6086956521739131,0.27586206896551724,0.36764705882352944,0.4081632653061225,0.44927536231884063,0.13680438020428512,0.18137253976123768,0.32513989033046636,0.34961031132375486
5189,0.3387096774193548,0.42105263157894735,0.08196721311475409,0.19642857142857142,0.20967741935483872,0.3157894736842105,0.06586865232078203,0.14436363474062536,0.2003538789253075,0.29045245398773006
5190,0.5,0.29687499999999994,0.31746031746031744,0.126984126984127,0.40624999999999994,0.25,0.2741913237012218,0.06635463217046093,0.4400097877660571,0.2659711075441413
5191,0.6993865030674846,0.6727272727272728,0.6583850931677019,0.5740740740740741,0.6993865030674846,0.4,0.4191555713173492,0.3906569120659765,0.8249776039366602,0.5450689167595902
5192,0.43870967741935485,0.4327485380116959,0.0915032679738562,0.07100591715976332,0.27096774193548384,0.19883040935672516,0.010916030326761073,0.009622195145857597,0.22572747263101153,0.2536990760860818
5193,0.5679012345679012,0.5633802816901408,0.3625,0.4428571428571429,0.46913580246913583,0.5070422535211268,0.25636750810955206,0.2006427505391097,0.3661542923433875,0.33386117709158086
5194,0.39160839160839167,0.3461538461538462,0.17021276595744678,0.15686274509803924,0.2937062937062937,0.30769230769230765,0.026036062086749415,0.062023102474514306,0.32833804990995624,0.19761284722222222
5195,0.5660377358490567,0.6086956521739131,0.356687898089172,0.4070796460176991,0.37735849056603776,0.4173913043478261,0.20127684923727507,0.2585742885520405,0.5105698529411765,0.34363772014214755
5196,0.6728971962616823,0.4132231404958678,0.4380952380952381,0.18487394957983191,0.5794392523364487,0.2809917355371901,0.25160733453522494,0.11909976452145507,0.5963074809675835,0.37380842911877393
5197,0.31137724550898205,0.3565891472868217,0.03636363636363637,0.06299212598425197,0.1437125748502994,0.20155038759689922,0.0065050210712021325,0.03188753351197933,0.16936671575846832,0.2142829514833486
5198,0.45751633986928103,0.39436619718309857,0.2251655629139073,0.10000000000000002,0.32679738562091504,0.16901408450704225,0.1292604536380115,0.06155141298038257,0.35402191410915507,0.22575410462008402
5199,0.4769230769230769,0.5986394557823129,0.3125,0.38620689655172413,0.4307692307692308,0.5170068027210885,0.2455253546718103,0.2220918185562463,0.44688678910964136,0.5735185640521269
5200,0.8229166666666667,0.7485380116959064,0.7578947368421052,0.6627218934911242,0.8020833333333333,0.7017543859649122,0.6182547179698737,0.5393565970168556,0.7650139711710259,0.6133013911215038
5201,0.3846153846153846,0.44943820224719105,0.125,0.18390804597701146,0.2153846153846154,0.20224719101123595,0.06834642102835423,0.06000898123005891,0.22407075350868916,0.16419202661431065
5202,0.3969465648854962,0.37410071942446044,0.062015503875968984,0.08759124087591241,0.24427480916030533,0.1726618705035971,0.043577915062129664,0.01788814130747336,0.30467275349409345,0.3107985865724382
5203,0.435374149659864,0.5079365079365079,0.08275862068965519,0.1935483870967742,0.23129251700680273,0.36507936507936506,0.012140916055914582,0.033207846619197484,0.2184923535871756,0.2665000979815794
5204,0.7401574803149605,0.6607142857142857,0.672,0.6363636363636364,0.7244094488188977,0.6607142857142857,0.3978396899090137,0.2861174883212346,0.5661154116819141,0.46353072208175405
5205,0.3220338983050848,0.575,0.10344827586206896,0.28205128205128205,0.1864406779661017,0.27499999999999997,0.009037233852026007,0.1620384468018578,0.23746701846965698,0.5351700496563736
5206,0.3252032520325203,0.3076923076923077,0.08264462809917354,0.09375000000000001,0.17886178861788615,0.15384615384615385,0.0708389791655543,0.06936970408614308,0.19210475387148956,0.23460960960960964
5207,0.5637583892617449,0.6153846153846154,0.3945578231292517,0.46808510638297873,0.3758389261744966,0.41958041958041953,0.2323767473622913,0.3206349077089747,0.5443285961290508,0.5976751595050339
5208,0.5688073394495413,0.3913043478260869,0.26168224299065423,0.11111111111111112,0.23853211009174313,0.2173913043478261,0.1346895231956423,0.016574942413614326,0.41275690627078887,0.206485260770975
5209,0.4230769230769231,0.41025641025641024,0.1568627450980392,0.1842105263157895,0.28846153846153844,0.23076923076923078,0.026807288244464458,0.05026370862705919,0.3512925112553107,0.3308302808302809
5210,0.65625,0.5806451612903226,0.42857142857142855,0.47540983606557374,0.59375,0.5645161290322581,0.27297028057543565,0.3086019877240339,0.5594982078853047,0.5513287329320217
5211,0.456140350877193,0.4181818181818182,0.2142857142857143,0.18518518518518517,0.28070175438596495,0.2545454545454545,0.10973699724625133,0.07167282492261375,0.38031768953068595,0.31224489795918364
5212,0.4542124542124542,0.43478260869565216,0.17712177121771217,0.11952191235059763,0.26373626373626374,0.19762845849802368,0.05780849599561365,0.013174493101857717,0.2129718234981393,0.16023123486682808
5213,0.42372881355932196,0.3956043956043956,0.10344827586206896,0.11235955056179774,0.22033898305084745,0.26373626373626374,0.02389322649669771,0.02046047720466184,0.35609716599190294,0.2739114917915774
5214,0.5737704918032787,0.7692307692307692,0.35,0.5294117647058824,0.44262295081967207,0.5192307692307693,0.23327522464854045,0.40373540186042856,0.4544502617801047,0.6269059918644405
5215,0.4719101123595506,0.4050632911392405,0.11494252873563218,0.12987012987012989,0.24719101123595505,0.27848101265822783,0.03254093964504216,0.03749108806103333,0.2673523869346734,0.23236231224396903
5216,0.37499999999999994,0.5106382978723404,0.15873015873015875,0.3043478260869565,0.234375,0.2765957446808511,0.07271242522097132,0.20179857239901627,0.3040150384813157,0.3770458678520913
5217,0.38216560509554137,0.39999999999999997,0.11612903225806451,0.1437908496732026,0.24203821656050953,0.25806451612903225,0.062051504589558805,0.07339825834790396,0.20087540746640706,0.29374290936341124
5218,0.37142857142857144,0.4107142857142857,0.17391304347826086,0.16363636363636364,0.2571428571428571,0.3214285714285714,0.10871223899207548,0.13482410653211954,0.32869890795631823,0.3131583211797116
5219,0.7362637362637361,0.7362637362637361,0.5888888888888889,0.5888888888888889,0.6593406593406593,0.6593406593406593,0.48992968067798226,0.48992968067798226,0.5798483206933912,0.5798483206933912
5220,0.5308641975308642,0.581081081081081,0.225,0.3287671232876712,0.33333333333333337,0.4189189189189189,0.15464662619313516,0.22360909734424847,0.3434923236326532,0.352488937126206
5221,0.33663366336633666,0.2857142857142857,0.05,0.05780346820809249,0.15841584158415842,0.16,0.008833723288278507,0.03375043326441794,0.20554143009169867,0.17580340264650282
5222,0.5581395348837209,0.42105263157894735,0.28571428571428575,0.2545454545454545,0.41860465116279066,0.3508771929824561,0.14586647638533404,0.2399618302212038,0.5858226837060703,0.3510676156583631
5223,0.5512820512820512,0.47540983606557374,0.24675324675324675,0.23333333333333334,0.358974358974359,0.3770491803278688,0.16667952923027132,0.13969247950254032,0.4635009001398887,0.3612337164750957
5224,0.45238095238095233,0.49350649350649345,0.21951219512195122,0.23999999999999996,0.30952380952380953,0.33766233766233766,0.09541186197466847,0.11110969989860409,0.3466321243523316,0.35210526315789475
5225,0.48543689320388345,0.40366972477064217,0.1782178217821782,0.16822429906542055,0.3300970873786408,0.33027522935779813,0.07053208849847216,0.09991953056520148,0.37101061627387005,0.3907004336797316
5226,0.5555555555555556,0.5333333333333334,0.2641509433962264,0.40909090909090906,0.35185185185185186,0.48888888888888893,0.04936328401660426,0.188920547471888,0.38825185803207785,0.3296251322025931
5227,0.39751552795031053,0.38848920863309355,0.1761006289308176,0.20437956204379562,0.24844720496894407,0.2302158273381295,0.12180468848841293,0.12521076693917998,0.2980696580914446,0.2634785733256261
5228,0.2571428571428571,0.2524271844660194,0.057971014492753624,0.0198019801980198,0.15714285714285714,0.13592233009708737,0.008926326543332003,0.005158422789299134,0.15100671140939598,0.10695187165775401
5229,0.6666666666666666,0.6981132075471698,0.38532110091743116,0.5,0.5225225225225226,0.6415094339622641,0.22502414636460352,0.34972364232823244,0.472131054016323,0.5378388994500849
5230,0.4302325581395349,0.49079754601226994,0.2941176470588236,0.3105590062111801,0.3023255813953488,0.3558282208588957,0.2118684641859927,0.24102962128005317,0.4024980145837846,0.4107501006929317
5231,0.4507042253521127,0.4475524475524475,0.3,0.3120567375886525,0.2676056338028169,0.26573426573426573,0.17684427871842728,0.17730783257319543,0.366327150084317,0.36694594594594593
5232,0.5874125874125875,0.5695364238410596,0.41134751773049644,0.3624161073825503,0.5314685314685316,0.35761589403973515,0.29316657376930916,0.265557902548915,0.5037035647787812,0.5067048122065728
5233,0.33599999999999997,0.28571428571428575,0.13008130081300814,0.05454545454545455,0.208,0.14285714285714288,0.05687296077209306,0.013060366131372559,0.2659711075441413,0.19258197985197367
5234,0.3432835820895523,0.6122448979591836,0.12121212121212122,0.39583333333333326,0.19402985074626866,0.46938775510204084,0.044733748881232785,0.2717953066089488,0.25711966604823744,0.43028552643937257
5235,0.45255474452554745,0.4428571428571429,0.2074074074074074,0.20289855072463767,0.3357664233576642,0.2571428571428571,0.09248307981641116,0.10503520619781347,0.33196825625966353,0.32986052129928467
5236,0.5057471264367815,0.38509316770186336,0.20930232558139536,0.06289308176100629,0.3448275862068965,0.21118012422360247,0.07465265387221826,0.01049394191702889,0.365328249711521,0.21676515903313573
5237,0.5042016806722689,0.44961240310077516,0.2735042735042735,0.2204724409448819,0.3529411764705883,0.34108527131782945,0.1403020140901537,0.12806452151569422,0.37579046730298254,0.39242895204262884
5238,0.3902439024390244,0.2926829268292683,0.14814814814814817,0.1322314049586777,0.2682926829268293,0.16260162601626016,0.029911602313432834,0.010102571548925559,0.2336149809664798,0.15974057810368344
5239,0.5673758865248227,0.5039370078740159,0.41726618705035967,0.384,0.4539007092198581,0.4724409448818898,0.33787791587081123,0.2975408269469518,0.4393555389287964,0.3768038673085499
5240,0.5229357798165137,0.4776119402985075,0.2592592592592593,0.21105527638190957,0.3761467889908257,0.34825870646766166,0.14348161955618607,0.08219804630058164,0.317736542302035,0.2676987557943951
5241,0.4925373134328358,0.543859649122807,0.25757575757575757,0.3571428571428571,0.3134328358208955,0.3859649122807018,0.08070477615043191,0.15932927780924172,0.3209628090173159,0.3671785150078989
5242,0.4276729559748428,0.5521472392638037,0.07643312101910828,0.2236024844720497,0.20125786163522014,0.2576687116564417,0.021698802519279956,0.1270925574288173,0.2476358868404323,0.36710900119617224
5243,0.4761904761904762,0.3090909090909091,0.31724137931034485,0.14814814814814814,0.3401360544217687,0.21818181818181817,0.20392795054167165,0.042741179521342085,0.3770753888003633,0.16062340966921118
5244,0.43636363636363634,0.4587155963302752,0.16666666666666669,0.16822429906542055,0.32727272727272727,0.3486238532110092,0.07242975927875278,0.03468326815138337,0.40712530712530715,0.439408866995074
5245,0.48484848484848486,0.6105263157894737,0.2268041237113402,0.3440860215053763,0.42424242424242425,0.5473684210526316,0.044999786845797606,0.15620120905682253,0.29729682495991333,0.4697217893909732
5246,0.43564356435643564,0.3098591549295775,0.202020202020202,0.11594202898550723,0.29702970297029707,0.22535211267605634,0.05881058251801686,0.015050364370258192,0.30423280423280424,0.17738958890161638
5247,0.36231884057971014,0.46296296296296297,0.1764705882352941,0.22641509433962265,0.20289855072463767,0.3333333333333333,0.026467460557037695,0.1142393393630384,0.3114134081620204,0.24970720720720718
5248,0.2857142857142857,0.48611111111111105,0.08275862068965517,0.32394366197183105,0.17687074829931973,0.43055555555555547,0.008774294752845082,0.1783843950853693,0.2492433099861228,0.6019221581029213
5249,0.4577114427860697,0.45226130653266333,0.19095477386934676,0.18274111675126903,0.18905472636815923,0.22110552763819094,0.1147843674591933,0.07355682883980592,0.3020223709124377,0.3029257279540502
5250,0.2692307692307692,0.28571428571428575,0.0784313725490196,0.08823529411764705,0.21153846153846156,0.19999999999999998,0.021359012567909886,0.0712416663300337,0.15931372549019607,0.22211796246648796
5251,0.43636363636363634,0.4042553191489362,0.18518518518518517,0.1956521739130435,0.2909090909090909,0.2765957446808511,0.05988690693402474,0.02770603772081143,0.37567395965609846,0.25951557093425603
5252,0.6101694915254238,0.5294117647058824,0.3085714285714286,0.25,0.4180790960451977,0.3529411764705882,0.22599968599647285,0.19146280625730708,0.4042911272200754,0.37765253186854214
5253,0.26548672566371684,0.6115702479338843,0.036036036036036036,0.4369747899159664,0.12389380530973451,0.5454545454545455,0.005536963281329997,0.3346944377616358,0.12104283054003724,0.5964804583589113
5254,0.5571428571428572,0.4958677685950413,0.23188405797101447,0.1680672268907563,0.2714285714285714,0.24793388429752064,0.13494071232215468,0.02313526466390618,0.2629903167569342,0.23462862199136988
5255,0.537037037037037,0.5384615384615385,0.28301886792452835,0.39473684210526316,0.3148148148148148,0.41025641025641024,0.18573144510414077,0.15013560956924413,0.4564824380165289,0.33634132585400056
5256,0.37499999999999994,0.2831858407079646,0.14084507042253522,0.10810810810810811,0.2916666666666667,0.1592920353982301,0.08834059470054338,0.027933572892562916,0.32190625000000006,0.22121881496881493
5257,0.3137254901960784,0.2891566265060241,0.1,0.09876543209876544,0.2549019607843137,0.21686746987951805,0.019500068109363538,0.021126480857843462,0.23516549476933626,0.21818181818181814
5258,0.57,0.5730994152046783,0.2828282828282829,0.33136094674556216,0.3,0.2807017543859649,0.08206387507310357,0.11563532967436999,0.3167295882197187,0.30050996364508265
5259,0.4574468085106383,0.4886363636363636,0.21505376344086022,0.19540229885057472,0.2765957446808511,0.3068181818181819,0.13143362957691548,0.091186589031347,0.3094967231125939,0.3176093916755603
5260,0.33766233766233766,0.3,0.10666666666666666,0.06896551724137931,0.1558441558441558,0.20000000000000004,0.015331320282974655,0.02009510526164053,0.2163774845226458,0.21048061313096983
5261,0.43103448275862066,0.48,0.2105263157894737,0.2653061224489796,0.3275862068965517,0.3,0.11722968822001953,0.10666000245409403,0.38036647173489274,0.31689257028112455
5262,0.5119047619047619,0.4375,0.21686746987951808,0.15873015873015872,0.23809523809523814,0.234375,0.12142825705708767,0.05351734692411958,0.3778366346781115,0.22533442336308565
5263,0.48920863309352514,0.48739495798319327,0.24817518248175183,0.2222222222222222,0.2302158273381295,0.2521008403361345,0.1306960548166399,0.08999442952963618,0.34027167724093055,0.3737593984962406
5264,0.4067796610169491,0.6588235294117647,0.2068965517241379,0.4819277108433735,0.2542372881355932,0.5411764705882354,0.042852571762653044,0.2871543576974784,0.2822446949602122,0.5876417451470306
5265,0.5853658536585366,0.6496815286624203,0.2592592592592593,0.4258064516129032,0.2926829268292683,0.40764331210191085,0.19374436461021052,0.3274016619773403,0.3906651108518087,0.5536795812686001
5266,0.31932773109243695,0.4,0.13675213675213674,0.23300970873786406,0.2689075630252101,0.32380952380952377,0.021891971610334866,0.1274272761854621,0.2577367205542725,0.3756265948749288
5267,0.38655462184873945,0.44660194174757284,0.10256410256410256,0.17821782178217818,0.3025210084033613,0.34951456310679613,0.026570081471479014,0.08037004552916022,0.27079485215719845,0.31539062609993385
5268,0.5192307692307692,0.6046511627906977,0.3529411764705882,0.45238095238095233,0.48076923076923084,0.5581395348837208,0.1906590980125164,0.2567704669147167,0.425561797752809,0.4639348689365733
5269,0.4794520547945205,0.3508771929824562,0.20833333333333334,0.08928571428571427,0.32876712328767127,0.21052631578947367,0.08805716452996475,0.030751353309388017,0.4313185329228111,0.22294864458365196
5270,0.6119402985074627,0.6721311475409835,0.4393939393939394,0.5166666666666667,0.537313432835821,0.6393442622950819,0.3525079557688055,0.35872593351371795,0.42273157713498627,0.5258871148428517
5271,0.36641221374045807,0.4339622641509434,0.12403100775193798,0.15384615384615385,0.2748091603053435,0.2830188679245283,0.03114217365167111,0.028447407690472604,0.2575382974597634,0.25428899082568807
5272,0.27450980392156865,0.23255813953488372,0.07999999999999999,0.02380952380952381,0.1568627450980392,0.1395348837209302,0.022430966018027798,0.010529346954839067,0.1716852385125829,0.1059322033898305
5273,0.43428571428571433,0.4545454545454546,0.12716763005780346,0.14942528735632185,0.22857142857142854,0.21590909090909088,0.048091100903210636,0.04826513049057355,0.2389113650783187,0.24905305897041435
5274,0.4444444444444445,0.45238095238095233,0.24528301886792453,0.07317073170731707,0.2962962962962963,0.2619047619047619,0.10199573389218783,0.014013037937321181,0.30983343806063257,0.2459870667016806
5275,0.44827586206896547,0.45454545454545453,0.28070175438596495,0.25581395348837205,0.3448275862068965,0.38636363636363635,0.1629434694865231,0.04764772151545754,0.3744556261770246,0.2594949893647348
5276,0.38596491228070173,0.31932773109243695,0.15384615384615385,0.03418803418803419,0.21052631578947367,0.18487394957983191,0.07062545994432473,0.00875222071566964,0.29783508032791045,0.1964451313755796
5277,0.6021505376344085,0.4819277108433735,0.3956043956043956,0.2716049382716049,0.3440860215053763,0.4578313253012048,0.23269866663836722,0.24227407432157272,0.5417550519147035,0.4528985507246377
5278,0.3508771929824561,0.32558139534883723,0.125,0.11023622047244094,0.1929824561403509,0.21705426356589147,0.026049559003140394,0.02142628588132652,0.23358024691358026,0.2034806616512346
5279,0.3,0.32,0.12244897959183673,0.12244897959183673,0.24,0.26,0.05881058251801686,0.05983375887662024,0.22805573842440205,0.24000000000000005
5280,0.36507936507936506,0.38167938931297707,0.11290322580645161,0.17054263565891475,0.2698412698412698,0.25954198473282447,0.02356804411626605,0.08325888814945667,0.2840810704447068,0.32995684274351755
5281,0.5125,0.43356643356643354,0.15189873417721517,0.15602836879432622,0.3125,0.32167832167832167,0.032141453765529196,0.034737517497592234,0.34290603079940357,0.2690557288834188
5282,0.6250000000000001,0.679245283018868,0.4225352112676057,0.4807692307692307,0.5416666666666666,0.4716981132075472,0.2234586019435583,0.3030018987037835,0.5896518300435576,0.5115627812906308
5283,0.7105263157894737,0.45977011494252873,0.4,0.23255813953488372,0.4605263157894737,0.3563218390804597,0.23738714386678894,0.10525366929819215,0.535172235609381,0.3725049859301151
5284,0.7169811320754716,0.5263157894736843,0.5961538461538461,0.3035714285714285,0.679245283018868,0.43859649122807015,0.4419874392835356,0.24179450870266309,0.5809755588777248,0.4529104054776592
5285,0.6792452830188679,0.4444444444444445,0.38461538461538464,0.26804123711340205,0.5471698113207547,0.30303030303030304,0.25357060950801286,0.23480158568884735,0.6313805522208884,0.35537190082644626
5286,0.5256410256410257,0.5714285714285714,0.25974025974025977,0.32727272727272727,0.34615384615384615,0.4285714285714286,0.15701285221772332,0.19704259998343843,0.45169230262643395,0.3460468932246228
5287,0.512,0.43181818181818177,0.2764227642276423,0.186046511627907,0.352,0.3863636363636364,0.13907714309821104,0.0755540829404072,0.4883235993565085,0.31513809593519737
5288,0.6763285024154588,0.6926829268292682,0.4585365853658537,0.47290640394088673,0.5893719806763283,0.5658536585365854,0.34967383111087835,0.3411503998664085,0.5273672481609342,0.49749717902848495
5289,0.3866666666666666,0.43971631205673756,0.16216216216216217,0.17266187050359713,0.22666666666666668,0.2836879432624113,0.08026602527937393,0.06723984144540954,0.4133333333333333,0.3935835765502829
5290,0.564516129032258,0.5348837209302325,0.3114754098360656,0.26190476190476186,0.2903225806451613,0.372093023255814,0.17374452798792084,0.07763415717574448,0.4493554641965621,0.3376467710371821
5291,0.38095238095238093,0.41860465116279066,0.08275862068965517,0.14173228346456693,0.19047619047619047,0.2945736434108527,0.01946310196291354,0.06595499390076523,0.27435974389755896,0.3207729971355793
5292,0.4696969696969697,0.4878048780487805,0.12307692307692308,0.1487603305785124,0.21212121212121213,0.1951219512195122,0.07770091505992116,0.08391120096229988,0.32295746581460866,0.2634567120653949
5293,0.464,0.3597122302158273,0.2113821138211382,0.145985401459854,0.4,0.28776978417266186,0.033739284240297526,0.07031398288234618,0.2755646396799918,0.29167684717239134
5294,0.49557522123893805,0.4952380952380952,0.3063063063063063,0.3300970873786408,0.35398230088495575,0.43809523809523804,0.17339029640073353,0.1781853859048144,0.4533372513924692,0.44074987150784467
5295,0.752,0.784,0.6829268292682927,0.7479674796747968,0.72,0.7680000000000001,0.4901905422394971,0.5440862842722246,0.7779200441351508,0.8089763227890188
5296,0.35114503816793896,0.39999999999999997,0.12403100775193798,0.13592233009708737,0.16793893129770993,0.1523809523809524,0.08019355584136034,0.10691977429258591,0.2949466648663246,0.27917448405253287
5297,0.3238095238095238,0.6285714285714286,0.17475728155339804,0.4411764705882353,0.2476190476190476,0.34285714285714286,0.07287053485230567,0.24497899610054422,0.23337802274194352,0.42185152524658703
5298,0.6190476190476191,0.7088607594936708,0.2926829268292683,0.5454545454545454,0.42857142857142855,0.4556962025316456,0.042598776316672256,0.2923359782099553,0.35895744229077564,0.511786600496278
5299,0.6101694915254237,0.5436893203883495,0.46551724137931033,0.297029702970297,0.5932203389830508,0.38834951456310685,0.32147264721587243,0.22329077627573146,0.4942580457668906,0.40838724584103503
5300,0.4112149532710281,0.5217391304347826,0.1904761904761905,0.19999999999999998,0.2803738317757009,0.32608695652173914,0.09072307759405976,0.08279355043560509,0.23249706177816587,0.30018881742061293
5301,0.45217391304347826,0.4578313253012048,0.19469026548672566,0.19753086419753085,0.2782608695652174,0.26506024096385544,0.09076250595924625,0.09576090035240337,0.3869655501089324,0.2524574889354764
5302,0.2698412698412699,0.380952380952381,0.08064516129032258,0.12903225806451613,0.2063492063492064,0.28571428571428575,0.017244452648514045,0.024312864708923812,0.20806587276993227,0.4016702998515014
5303,0.5317919075144507,0.5599999999999999,0.17543859649122806,0.16184971098265893,0.26589595375722536,0.22857142857142856,0.0370007390918409,0.10249782299682754,0.29814026411843814,0.33179657838369536
5304,0.4047619047619048,0.47058823529411764,0.060240963855421686,0.17857142857142858,0.22619047619047616,0.23529411764705882,0.009739249429870984,0.08619306481867876,0.2476278782259311,0.32616306769783104
5305,0.3137254901960784,0.21212121212121215,0.08,0.0625,0.1568627450980392,0.1515151515151515,0.044196871634129616,0.027619851570204,0.1879699248120301,0.11778698588090852
5306,0.4210526315789474,0.48837209302325585,0.27956989247311825,0.380952380952381,0.3368421052631579,0.46511627906976744,0.21531674965702846,0.23349761993467394,0.35467220093656876,0.361378290626953
5307,0.5470085470085471,0.45378151260504196,0.2956521739130435,0.2735042735042735,0.39316239316239315,0.3697478991596639,0.2019118316947131,0.19422847728576614,0.41570546737213404,0.39680837001064023
5308,0.4171779141104294,0.4191616766467065,0.09937888198757765,0.09696969696969696,0.24539877300613494,0.2275449101796407,0.02156386313032514,0.010271526270881442,0.2748469027872777,0.2692686302411259
5309,0.34234234234234234,0.4230769230769231,0.07339449541284404,0.13725490196078433,0.25225225225225223,0.30769230769230765,0.022946398251239387,0.06531958834855596,0.265939015939016,0.33223684210526316
5310,0.1864406779661017,0.31932773109243695,0.01724137931034483,0.08547008547008547,0.11864406779661019,0.21848739495798317,0.008210456196938812,0.012135535443828315,0.13439860264268733,0.18447457107843135
5311,0.42016806722689076,0.4050632911392405,0.06837606837606838,0.07792207792207792,0.2184873949579832,0.30379746835443033,0.012768579006832027,0.005603520527848615,0.1746031746031746,0.15359542673753884
5312,0.5481481481481482,0.6363636363636364,0.2706766917293233,0.38888888888888884,0.34074074074074073,0.49090909090909096,0.142440883901957,0.25936735147442935,0.39169134715440646,0.49632177948837375
5313,0.4715447154471545,0.4271844660194175,0.11570247933884298,0.09900990099009901,0.22764227642276422,0.29126213592233,0.04022100409709792,0.02361766043901161,0.2557842548076923,0.21820719486914678
5314,0.4263959390862944,0.48000000000000004,0.23589743589743592,0.31213872832369943,0.2639593908629442,0.4114285714285714,0.14294004370497357,0.2403885253001832,0.298882889746435,0.3233862704918033
5315,0.5925925925925924,0.46511627906976744,0.37433155080213903,0.2352941176470588,0.46560846560846564,0.3372093023255814,0.3210190251984549,0.1935240054699106,0.5121085594989562,0.36578209558583813
5316,0.5037037037037037,0.45714285714285713,0.24060150375939854,0.1747572815533981,0.37037037037037035,0.22857142857142856,0.08085578557652037,0.04943861683036514,0.36319326140450503,0.3145272062123458
5317,0.3673469387755102,0.3518518518518519,0.1103448275862069,0.1132075471698113,0.24489795918367344,0.1851851851851852,0.021785668309375592,0.01622251660703653,0.25028366247755846,0.2146153846153846
5318,0.6049382716049383,0.5911949685534591,0.425,0.40764331210191085,0.4567901234567901,0.4779874213836478,0.33268711086992947,0.35017099601134277,0.5268728798197685,0.4846842888047593
5319,0.2666666666666667,0.1647058823529412,0.06818181818181819,0.024096385542168672,0.1777777777777778,0.09411764705882353,0.010329222874429908,0.004649189828106597,0.16628979649010467,0.036855036855036855
5320,0.3718592964824121,0.37288135593220334,0.18274111675126903,0.2057142857142857,0.26130653266331655,0.2824858757062147,0.1885725566385605,0.17942574554908985,0.2422180993609565,0.27019176146278656
5321,0.6011560693641619,0.6390532544378699,0.2807017543859649,0.29940119760479045,0.41618497109826585,0.46153846153846156,0.19901322299521287,0.22409567359617222,0.37132654102351076,0.391506940330437
5322,0.3711340206185567,0.4358974358974359,0.18947368421052632,0.21052631578947367,0.288659793814433,0.358974358974359,0.12564598814995676,0.12240244864833534,0.3601390611738591,0.37426216161204967
5323,0.4725274725274725,0.45283018867924524,0.18888888888888888,0.15286624203821653,0.31868131868131866,0.2515723270440252,0.07705357723895521,0.04653559317611919,0.27179427930334926,0.23869040678304904
5324,0.43478260869565216,0.34782608695652173,0.1592920353982301,0.044444444444444446,0.2956521739130435,0.1956521739130435,0.06546045141103346,0.014694088814697002,0.3003611542224151,0.21496212121212124
5325,0.4339622641509434,0.5316455696202531,0.23076923076923075,0.23376623376623376,0.24528301886792447,0.40506329113924044,0.11916802573184646,0.051218059999088496,0.3758169934640523,0.35539117398466274
5326,0.3188405797101449,0.3597122302158273,0.04411764705882353,0.043795620437956206,0.15942028985507245,0.14388489208633093,0.017225064767384425,0.01781203852244711,0.15509976554686603,0.16924101198402128
5327,0.4539877300613497,0.4297520661157025,0.19875776397515527,0.25210084033613445,0.294478527607362,0.31404958677685957,0.07899268115719639,0.1293509672094969,0.33564102019579944,0.3300346867986124
5328,0.45762711864406774,0.5555555555555556,0.24137931034482757,0.2571428571428572,0.3220338983050847,0.3611111111111111,0.11976955425910676,0.1565915531020085,0.3940677966101695,0.401791796142643
5329,0.43478260869565216,0.4868421052631579,0.14705882352941174,0.21333333333333335,0.24637681159420288,0.28947368421052627,0.029203537639102106,0.08508647442003521,0.26022485207100593,0.40327713694173317
5330,0.5619047619047619,0.5846153846153846,0.3557692307692308,0.3730569948186529,0.4380952380952381,0.47179487179487173,0.22609658537615548,0.21145289446340296,0.33314559039963787,0.3401709900218432
5331,0.4580152671755725,0.32075471698113206,0.21705426356589147,0.07692307692307691,0.3053435114503817,0.15094339622641512,0.03152555712290373,0.012640956753821412,0.3133384030418252,0.2132389779559118
5332,0.48322147651006714,0.288,0.2585034013605442,0.14634146341463414,0.4161073825503355,0.256,0.1350902260211353,0.07676257489113003,0.46939370500386746,0.2406796939956464
5333,0.40506329113924044,0.4647887323943662,0.1282051282051282,0.15714285714285714,0.31645569620253167,0.33802816901408445,0.076885640885285,0.0723957914122514,0.3410456730769231,0.3769905997776811
5334,0.4,0.5106382978723404,0.22222222222222224,0.32608695652173914,0.2545454545454546,0.4468085106382979,0.16073531168528568,0.23248213888126854,0.30814578922204766,0.4310208109393998
5335,0.7313432835820896,0.7076923076923077,0.6060606060606061,0.6093750000000001,0.6567164179104478,0.6615384615384615,0.5270761482915526,0.525405949288698,0.7076379409343041,0.6531901540018423
5336,0.33070866141732286,0.45161290322580644,0.14400000000000002,0.17582417582417584,0.2204724409448819,0.2795698924731182,0.08802299629194853,0.12444491215510334,0.29016062642698653,0.3214521919879063
5337,0.4615384615384615,0.3571428571428571,0.2631578947368421,0.1951219512195122,0.358974358974359,0.3333333333333333,0.11375547882037382,0.06734476159782118,0.4749281567063515,0.40140740740740743
5338,0.41600000000000004,0.4342105263157895,0.1788617886178862,0.17333333333333334,0.32,0.19736842105263158,0.07860263587184375,0.09917676333665473,0.2523562808518969,0.3455339456149829
5339,0.5859872611464968,0.6666666666666666,0.5032258064516129,0.5864661654135338,0.573248407643312,0.4148148148148148,0.39977932293123286,0.4009971955871528,0.45986860896886605,0.4725516437108502
5340,0.3018867924528302,0.24778761061946902,0.07692307692307693,0.07207207207207206,0.24528301886792453,0.1946902654867257,0.057553767329521645,0.013712360858743172,0.1457536139455782,0.1359926545602938
5341,0.5714285714285715,0.5135135135135135,0.375,0.3055555555555556,0.46938775510204084,0.40540540540540543,0.14553422426691998,0.17932187977716732,0.5550868739503713,0.4035347820998009
5342,0.35714285714285715,0.35036496350364965,0.09638554216867469,0.05925925925925926,0.2261904761904762,0.20437956204379562,0.01106391053574782,0.009960088452764682,0.1816735514123032,0.15574027696370105
5343,0.4895104895104895,0.48387096774193544,0.1843971631205674,0.14754098360655737,0.29370629370629375,0.29032258064516125,0.08677716440964216,0.021751572583942783,0.30814156206415616,0.28648844845487004
5344,0.39999999999999997,0.45,0.24489795918367344,0.23076923076923075,0.36000000000000004,0.37500000000000006,0.1543156533828301,0.1870476935148034,0.288460385413294,0.36183817940842083
5345,0.3826086956521739,0.611764705882353,0.1769911504424779,0.5060240963855421,0.20869565217391303,0.5882352941176471,0.012582201919883183,0.33151051341344384,0.27508960573476704,0.5228403947208686
5346,0.45925925925925926,0.43956043956043955,0.24060150375939854,0.26966292134831465,0.2518518518518518,0.3516483516483517,0.07731590208250311,0.10354022449447398,0.3920366667924101,0.33413779073331956
5347,0.38596491228070173,0.4074074074074075,0.21428571428571427,0.18867924528301888,0.2807017543859649,0.2777777777777778,0.035249018375964294,0.06298574903914071,0.3558651775765142,0.30253321372121833
5348,0.5157232704402516,0.5333333333333333,0.19108280254777069,0.3050847457627119,0.33962264150943394,0.35,0.10582140308438422,0.20205234378964423,0.35374726161651093,0.38865979929506955
5349,0.2575757575757575,0.23931623931623933,0.030769230769230767,0.034782608695652174,0.13636363636363635,0.11965811965811966,0.010387825431498745,0.008725350822426826,0.13269680007052187,0.12790549169859516
5350,0.5368421052631579,0.3571428571428571,0.3404255319148936,0.14457831325301201,0.38947368421052636,0.2023809523809524,0.23719509038670086,0.02456420480385708,0.4146334782901834,0.17874208652737605
5351,0.3448275862068965,0.4074074074074074,0.03508771929824561,0.11320754716981132,0.2068965517241379,0.25925925925925924,0.005235900491477762,0.026272853013497,0.1984420928865373,0.22677693875104882
5352,0.39436619718309857,0.2857142857142857,0.15714285714285714,0.020833333333333332,0.23943661971830987,0.14285714285714285,0.050197821982229,0.006024752529730896,0.40407334927882876,0.1388888888888889
5353,0.5314685314685316,0.5125000000000001,0.2695035460992908,0.2531645569620253,0.4055944055944056,0.35000000000000003,0.034223029890542704,0.029291060058855015,0.25102212553841596,0.26000748998456397
5354,0.4772727272727273,0.5301204819277109,0.1839080459770115,0.25609756097560976,0.31818181818181823,0.3614457831325301,0.1157999457134152,0.11848965654965268,0.27538571941155365,0.308428338762215
5355,0.1956521739130435,0.2903225806451613,0.022222222222222223,0.06666666666666667,0.15217391304347827,0.1935483870967742,0.009696103349294287,0.016108516283302864,0.17458791208791208,0.15976914414414414
5356,0.3975903614457831,0.5174825174825175,0.12195121951219512,0.24113475177304966,0.25301204819277107,0.3636363636363636,0.044056157728823195,0.06044708477567982,0.2394737722555913,0.33095872170439417
5357,0.5531914893617021,0.31404958677685957,0.27338129496402874,0.13445378151260504,0.35460992907801414,0.21487603305785125,0.16333751512466094,0.06535404666653909,0.41663100614422505,0.1457092290425624
5358,0.3684210526315789,0.36065573770491804,0.08108108108108107,0.10169491525423728,0.3157894736842105,0.26229508196721313,0.016518403195710997,0.02374340858017645,0.24883499394969227,0.24731182795698928
5359,0.4692737430167597,0.4342857142857143,0.192090395480226,0.18497109826589594,0.25698324022346364,0.22857142857142856,0.07748201077700016,0.09192959974327758,0.2987715009016506,0.2884254039834649
5360,0.4888888888888889,0.5357142857142857,0.2556390977443609,0.2545454545454545,0.39999999999999997,0.37499999999999994,0.21150636723006935,0.17580211089941206,0.4376501241705002,0.37207435186032095
5361,0.6060606060606061,0.7450980392156863,0.3538461538461538,0.5,0.5151515151515151,0.5490196078431373,0.21981257383320985,0.2709767218354402,0.5351917599781515,0.5000145755597014
5362,0.45161290322580644,0.3255813953488372,0.14754098360655737,0.07142857142857144,0.22580645161290322,0.23255813953488372,0.10427578812119134,0.0156756127073866,0.3998026565464896,0.19575177009579345
5363,0.49557522123893805,0.4485981308411215,0.21621621621621623,0.20952380952380953,0.24778761061946902,0.205607476635514,0.038450634250783676,0.07883162855787593,0.3193405025170801,0.2857469389772292
5364,0.33043478260869563,0.3272727272727273,0.1415929203539823,0.14814814814814817,0.17391304347826086,0.18181818181818182,0.09837200877918797,0.10532078688755873,0.2964221824686941,0.2880336410092303
5365,0.42487046632124353,0.44705882352941173,0.11518324607329843,0.15476190476190477,0.21761658031088082,0.2117647058823529,0.06586912229797587,0.059124194520286444,0.24829718671029508,0.22428869486637698
5366,0.4897959183673469,0.3076923076923077,0.2916666666666667,0.11235955056179776,0.4081632653061224,0.2417582417582418,0.13126309882759848,0.015179857311923617,0.4597938144329897,0.1931537230948226
5367,0.4473684210526316,0.3125,0.17333333333333334,0.1746031746031746,0.19736842105263158,0.21875000000000003,0.06882051746349759,0.023409088752440018,0.2569115798691869,0.1715562830521279
5368,0.5494505494505494,0.32786885245901637,0.1888888888888889,0.05,0.28571428571428575,0.16393442622950818,0.1090239092353912,0.010805056981253735,0.33368307146509313,0.11830635118306351
5369,0.40404040404040403,0.379746835443038,0.12371134020618557,0.07792207792207793,0.2222222222222222,0.20253164556962025,0.009765230681943161,0.007249733756281732,0.2488942625661376,0.18105849582172703
5370,0.6285714285714286,0.48351648351648346,0.4854368932038836,0.26966292134831465,0.5714285714285714,0.3736263736263737,0.30778741582971547,0.10836576504598697,0.6665540540540542,0.3534754879855698
5371,0.34848484848484845,0.3238095238095238,0.0923076923076923,0.058252427184466014,0.19696969696969693,0.17142857142857146,0.021518234695417773,0.013105036971800979,0.32324792357498006,0.1964617044228695
5372,0.460431654676259,0.2708333333333333,0.21897810218978103,0.0425531914893617,0.33093525179856115,0.20833333333333334,0.08469103942064458,0.00652494772119396,0.3476635514018692,0.11044176706827309
5373,0.3742690058479532,0.4615384615384615,0.16568047337278108,0.17964071856287425,0.2807017543859649,0.2485207100591716,0.07456049210845345,0.07878687821834938,0.2890617474612055,0.29643823782149376
5374,0.30769230769230765,0.39215686274509803,0.140625,0.15999999999999998,0.23076923076923078,0.29411764705882354,0.059038940704973786,0.088845130249719,0.2649856596558317,0.30000000000000004
5375,0.4957264957264957,0.4929577464788732,0.2260869565217391,0.24285714285714285,0.3418803418803419,0.3802816901408451,0.07913300180999382,0.09895068552313004,0.3778952122854562,0.41710316998409175
5376,0.5671641791044776,0.4555555555555556,0.3015075376884422,0.21348314606741572,0.26865671641791045,0.26666666666666666,0.14228155197327308,0.0611872623821072,0.3253045404208195,0.258352425727516
5377,0.507936507936508,0.6610169491525424,0.3548387096774193,0.5344827586206897,0.39682539682539686,0.5593220338983051,0.2802532909473103,0.4589727402621101,0.4176134940905448,0.5054223142091346
5378,0.4067796610169492,0.4444444444444444,0.1896551724137931,0.28865979381443296,0.2711864406779661,0.26262626262626265,0.10259224715147809,0.110457381084942,0.2619901006997781,0.29200993299788824
5379,0.34615384615384615,0.3516483516483516,0.17647058823529413,0.2247191011235955,0.32692307692307687,0.3296703296703296,0.10592898115816704,0.13203863485306172,0.33053321043517114,0.26749952317375547
5380,0.3870967741935484,0.44705882352941173,0.16393442622950818,0.19277108433734938,0.3548387096774194,0.4000000000000001,0.06953857154910552,0.03634577065819046,0.2644807923169268,0.2426256466477098
5381,0.40336134453781514,0.48888888888888893,0.18803418803418803,0.2727272727272727,0.31932773109243695,0.3555555555555555,0.07107067725270624,0.13522257344104305,0.44736202285436427,0.4325567699080869
5382,0.326530612244898,0.22950819672131145,0.16666666666666666,0.0,0.24489795918367346,0.13114754098360656,0.08181377883658,0.007137926507294907,0.3245501285347044,0.09943181818181819
5383,0.5604395604395604,0.45833333333333337,0.32222222222222224,0.18309859154929578,0.27472527472527475,0.20833333333333334,0.2445105916638685,0.08423761971141316,0.49551620370370364,0.3130422684141692
5384,0.423728813559322,0.4181818181818182,0.20689655172413793,0.1851851851851852,0.35593220338983045,0.36363636363636365,0.02811004138295189,0.08248214647536378,0.2623700160489057,0.2993820583848284
5385,0.3165467625899281,0.2857142857142857,0.08759124087591241,0.0,0.15827338129496404,0.13333333333333333,0.036845405730701324,0.005859113621957265,0.17274472168905947,0.14285714285714288
5386,0.4680851063829787,0.4927536231884059,0.15217391304347827,0.11940298507462685,0.2127659574468085,0.34782608695652173,0.04269458588137996,0.0363133216159979,0.2607996323529412,0.2989289710662333
5387,0.8695652173913043,0.873015873015873,0.7794117647058824,0.8225806451612904,0.8260869565217392,0.873015873015873,0.6015472191803551,0.5667440382732499,0.7669937752259678,0.7090022033364811
5388,0.4931506849315069,0.5,0.2777777777777778,0.2835820895522388,0.3972602739726027,0.4117647058823529,0.14329332668433897,0.1333915252125615,0.3544751403735823,0.34161047995096433
5389,0.448,0.33043478260869563,0.24390243902439024,0.1415929203539823,0.31999999999999995,0.22608695652173913,0.14767615830653982,0.09965795474351433,0.2951543624161074,0.16917226637693825
5390,0.7575757575757576,0.8648648648648648,0.5846153846153846,0.6972477064220184,0.7272727272727272,0.8648648648648648,0.3583301755169058,0.4774686775588606,0.6456135267785129,0.6859816806053365
5391,0.6218487394957983,0.6486486486486487,0.42735042735042733,0.44036697247706424,0.5546218487394958,0.5945945945945945,0.21027748788805384,0.22491308825570597,0.5933710229114703,0.5796268064582274
5392,0.39669421487603307,0.4339622641509434,0.15126050420168066,0.2692307692307692,0.2809917355371901,0.339622641509434,0.02037277515590284,0.04638311955350054,0.2686868912518988,0.34146156722953624
5393,0.3315508021390374,0.3120567375886525,0.09729729729729729,0.043165467625899276,0.1711229946524064,0.14184397163120568,0.021049522867395996,0.01635303894861022,0.21849286411603366,0.17797441764137362
5394,0.2956521739130435,0.3047619047619048,0.05309734513274336,0.07766990291262135,0.19130434782608696,0.1904761904761905,0.023069324154331435,0.023147198518970274,0.17170614852275753,0.1914467993079585
5395,0.4657534246575342,0.6188340807174888,0.3225806451612903,0.5248868778280542,0.4200913242009133,0.5291479820627802,0.2045692973210709,0.3363659656592948,0.2809667673716012,0.4457162326993926
5396,0.34831460674157305,0.3977900552486187,0.13636363636363635,0.1452513966480447,0.16853932584269665,0.23204419889502764,0.07149884180154484,0.05466105085591836,0.16502358519165242,0.23205063522205516
5397,0.6037735849056604,0.5357142857142857,0.267515923566879,0.23636363636363636,0.3522012578616352,0.35714285714285715,0.10045900873058262,0.03376260914579758,0.39341468385809614,0.33079540690267145
5398,0.7943262411347518,0.8413793103448277,0.7482014388489208,0.7972027972027971,0.553191489361702,0.7586206896551725,0.630178566364208,0.6752806126015328,0.6743865464724957,0.7548125869452021
5399,0.5074626865671643,0.559322033898305,0.19696969696969696,0.3620689655172414,0.29850746268656714,0.4745762711864407,0.05890035535579752,0.15841912517534568,0.20368927704201803,0.3026114004629629
5400,0.5,0.5,0.32653061224489793,0.3114754098360656,0.44,0.4516129032258065,0.2199479773396281,0.19314626432741905,0.3721506697167403,0.4630672101242732
5401,0.5000000000000001,0.4181818181818182,0.2950819672131148,0.22222222222222224,0.33870967741935487,0.3090909090909091,0.14767615830653982,0.12586700935869222,0.39435735276597433,0.3227194492254733
5402,0.4426229508196722,0.2857142857142857,0.08333333333333333,0.041666666666666664,0.16393442622950816,0.18367346938775508,0.010096715885716511,0.010713693374200367,0.23907224880600206,0.16535794474836565
5403,0.2772277227722772,0.4067796610169491,0.20202020202020202,0.31578947368421045,0.25742574257425743,0.4067796610169491,0.0638677048656679,0.1439778619470866,0.3350575044789921,0.3555759616365677
5404,0.5797101449275363,0.5925925925925926,0.2647058823529412,0.3007518796992481,0.3768115942028986,0.39999999999999997,0.14106703848438423,0.18190696705819484,0.47512244189249064,0.45206673559163985
5405,0.4848484848484849,0.40909090909090906,0.22085889570552147,0.1384615384615385,0.3272727272727273,0.2272727272727273,0.15211986712177517,0.04668302152913495,0.29920867291109504,0.182354310545511
5406,0.46464646464646464,0.36781609195402304,0.2061855670103093,0.18823529411764706,0.1616161616161616,0.3218390804597701,0.11584080434727927,0.07503149741122637,0.31746031746031744,0.230469675432362
5407,0.4512820512820513,0.5411764705882354,0.18652849740932645,0.30952380952380953,0.26666666666666666,0.38823529411764707,0.09166279704492532,0.1035592341590335,0.2819186473032627,0.30243261012491773
5408,0.37623762376237624,0.4318181818181818,0.16161616161616163,0.20930232558139536,0.33663366336633666,0.34090909090909094,0.11506577414485701,0.12298556284728235,0.26988095056628514,0.3325165573282813
5409,0.47500000000000003,0.8787878787878788,0.41025641025641024,0.8750000000000001,0.47500000000000003,0.8787878787878788,0.30575361075310387,0.6638477169929852,0.569808683045538,0.8494798313802837
5410,0.5073170731707318,0.47191011235955055,0.20689655172413796,0.14772727272727273,0.3219512195121951,0.28089887640449435,0.10999875929009705,0.05072278630801164,0.25152442916598,0.2155249807512637
5411,0.38461538461538464,0.3137254901960784,0.15686274509803924,0.13999999999999999,0.2692307692307692,0.25490196078431376,0.09775732366013794,0.059958178578022756,0.36432837658939077,0.32104969290898944
5412,0.4689655172413793,0.5,0.39160839160839167,0.4426229508196721,0.4275862068965518,0.5,0.2897356157855211,0.3864287547762664,0.5050893491133454,0.5000962971646765
5413,0.46956521739130436,0.5656565656565656,0.21238938053097342,0.3505154639175258,0.27826086956521734,0.3030303030303031,0.03563955240773113,0.2229784695735444,0.31338447787874274,0.3869606003752345
5414,0.31578947368421056,0.23076923076923078,0.06106870229007634,0.0196078431372549,0.22556390977443608,0.15384615384615385,0.007954016964666232,0.011368428713595636,0.16608623548922058,0.13519229517797876
5415,0.42592592592592593,0.36170212765957455,0.30188679245283023,0.10869565217391304,0.3888888888888889,0.19148936170212766,0.12610787474374704,0.022547891181633868,0.62704235772859,0.416371039044677
5416,0.4666666666666667,0.375,0.3220338983050847,0.10638297872340426,0.26666666666666666,0.25,0.24933298677588908,0.01409679138543547,0.36981757877280264,0.21125164061567833
5417,0.40816326530612246,0.44961240310077516,0.20689655172413793,0.23622047244094488,0.2585034013605442,0.32558139534883723,0.10071562189599698,0.1455723223093973,0.46464646464646464,0.43314500941619594
5418,0.42176870748299317,0.6262626262626262,0.17931034482758618,0.30927835051546393,0.29931972789115646,0.42424242424242425,0.02930815195001181,0.04974667883033961,0.3471422257333672,0.3455748175182481
5419,0.6265060240963854,0.6486486486486486,0.5487804878048781,0.6164383561643835,0.6144578313253012,0.6486486486486486,0.5112162206480692,0.5316407146977317,0.539519188729406,0.5486816130851663
5420,0.3076923076923077,0.5925925925925927,0.140625,0.3037974683544304,0.19999999999999998,0.41975308641975306,0.0553601184454983,0.13337219387600366,0.33615915502003274,0.49743173830765075
5421,0.4875,0.40601503759398494,0.20253164556962028,0.183206106870229,0.3,0.2556390977443609,0.034364372114338904,0.08540790773136134,0.4088179027450282,0.275448404379222
5422,0.31578947368421056,0.536231884057971,0.04580152671755725,0.3823529411764705,0.16541353383458648,0.463768115942029,0.008017276126951021,0.24742118144048075,0.11804520859473024,0.351171875
5423,0.32989690721649484,0.34782608695652173,0.08421052631578947,0.11940298507462688,0.20618556701030927,0.2318840579710145,0.013020730574087048,0.02148361926615564,0.2754439438112907,0.23142458100558658
5424,0.5333333333333333,0.7155963302752292,0.288135593220339,0.46728971962616817,0.35,0.4954128440366972,0.21145961469633762,0.27630172269073006,0.4427467300832343,0.5360590182018753
5425,0.6,0.24444444444444446,0.35185185185185186,0.022727272727272724,0.5454545454545454,0.20000000000000004,0.20568541288114753,0.009909090763039323,0.5115627812906308,0.13309629060157602
5426,0.39999999999999997,0.29545454545454547,0.23655913978494622,0.18604651162790695,0.29473684210526313,0.22727272727272727,0.08573616198476262,0.08489278540913216,0.46055327868852464,0.36271905294556295
5427,0.5581395348837209,0.46551724137931033,0.26771653543307083,0.15789473684210525,0.44961240310077527,0.3448275862068965,0.17233269605110016,0.11426394053995537,0.4980495103536368,0.25510204081632654
5428,0.4672897196261682,0.6,0.3238095238095238,0.40909090909090906,0.411214953271028,0.4444444444444445,0.16688218341030542,0.15876764613205677,0.4432517697753156,0.478395061728395
5429,0.4484848484848485,0.5789473684210527,0.18404907975460125,0.29333333333333333,0.2787878787878788,0.4210526315789474,0.09146546352382513,0.15418049409158502,0.3385220969762033,0.37583000651784254
5430,0.4285714285714286,0.40650406504065045,0.14473684210526316,0.18181818181818182,0.2077922077922078,0.2439024390243902,0.12860318683766658,0.09243622519230939,0.25597567264233934,0.25155613018060397
5431,0.3880597014925373,0.4369747899159664,0.1212121212121212,0.11965811965811966,0.208955223880597,0.2521008403361345,0.024165176186017892,0.06366847879573324,0.2669053093645485,0.21404109589041095
5432,0.6349206349206349,0.4666666666666667,0.48387096774193544,0.288135593220339,0.5714285714285714,0.35000000000000003,0.2691638653567543,0.1500397273774382,0.5645063457115792,0.3769159212880143
5433,0.4736842105263158,0.45652173913043476,0.19148936170212766,0.2527472527472528,0.28421052631578947,0.31521739130434784,0.12205430577263238,0.14251360678519212,0.2872738930885529,0.29562949276780753
5434,0.41726618705035967,0.3252032520325204,0.145985401459854,0.11570247933884298,0.2589928057553957,0.21138211382113822,0.07614627998911262,0.03609928288387518,0.2533515110202227,0.1734511889862328
5435,0.33684210526315794,0.6567164179104478,0.02150537634408602,0.4307692307692308,0.16842105263157897,0.5074626865671641,0.005836377013015322,0.2710172488742401,0.14705882352941177,0.45030209173991753
5436,0.2978723404255319,0.4715447154471545,0.11510791366906475,0.2809917355371901,0.22695035460992907,0.43902439024390244,0.022562189839773806,0.15791685598026203,0.21804835924006905,0.3511609084618425
5437,0.48351648351648346,0.5102040816326532,0.27777777777777773,0.2268041237113402,0.3626373626373627,0.336734693877551,0.11410330394319033,0.1128168877572351,0.2587203690644563,0.2703275488136527
5438,0.49438202247191015,0.39455782312925164,0.1818181818181818,0.1793103448275862,0.19101123595505615,0.21768707482993196,0.10049595729093634,0.02392732120382703,0.279041531762867,0.15575980392156863
5439,0.4722222222222222,0.3225806451612903,0.2,0.06666666666666667,0.3611111111111111,0.1935483870967742,0.0869639254773577,0.01939396682628526,0.44967753775167785,0.17361111111111113
5440,0.5964912280701755,0.48,0.35714285714285715,0.18367346938775508,0.4736842105263158,0.34,0.2403154795553185,0.07918645619905197,0.4699559369202226,0.3290480563207836
5441,0.4724409448818898,0.43103448275862066,0.256,0.22807017543859648,0.2677165354330709,0.2586206896551724,0.12765550014595023,0.1233292595080043,0.443252692350697,0.3870084619213539
5442,0.4695652173913043,0.5360824742268041,0.1946902654867257,0.21052631578947367,0.2434782608695652,0.3917525773195876,0.08069481559172678,0.09574957805173351,0.4089929952484523,0.3504653854304204
5443,0.4133333333333333,0.6290322580645161,0.16216216216216217,0.31147540983606553,0.32,0.48387096774193544,0.07684681863191334,0.1518275080907019,0.3749253680421692,0.5489872709153846
5444,0.6206896551724138,0.5185185185185185,0.35294117647058826,0.2075471698113208,0.5287356321839081,0.2962962962962963,0.2847826948050272,0.03084060871236372,0.5485413186765331,0.30903886922897134
5445,0.3225806451612903,0.30588235294117644,0.19672131147540983,0.1686746987951807,0.24193548387096772,0.25882352941176473,0.024484786884120657,0.026994027705122554,0.2981166704552151,0.1994638069705094
5446,0.4,0.3962264150943396,0.09259259259259259,0.17307692307692307,0.2,0.22641509433962265,0.057267658485676935,0.06484175110889968,0.253807217064689,0.21126571901605798
5447,0.5189873417721519,0.5769230769230769,0.2948717948717949,0.3116883116883117,0.36708860759493667,0.3076923076923077,0.14415651352568803,0.11993538543659672,0.28059040201963814,0.30960185359742637
5448,0.4153846153846154,0.3484848484848485,0.1875,0.18461538461538463,0.3230769230769231,0.30303030303030304,0.12422788549118892,0.10960947737590165,0.28712602030818213,0.21740898248319399
5449,0.39024390243902435,0.31249999999999994,0.1652892561983471,0.1276595744680851,0.3089430894308943,0.20833333333333331,0.08831631995451192,0.057696334522615064,0.31571554568320637,0.22403296004694606
5450,0.4421052631578947,0.2528735632183908,0.21505376344086022,0.047058823529411764,0.35789473684210527,0.16091954022988506,0.11251661214743033,0.011067926155676427,0.42185207823960885,0.17084001480202296
5451,0.4680851063829788,0.3243243243243243,0.1956521739130435,0.08333333333333333,0.36170212765957444,0.18918918918918917,0.11479990094749865,0.006620999797041479,0.3216222452982577,0.09779951100244497
5452,0.463768115942029,0.3943661971830986,0.23529411764705882,0.17142857142857143,0.30434782608695654,0.28169014084507044,0.11820589425628679,0.10312690199820322,0.3109675660053699,0.27869578525254485
5453,0.3853211009174312,0.5,0.14953271028037382,0.20930232558139536,0.2568807339449541,0.29545454545454547,0.05691404903063441,0.10081843650735454,0.23100243628698916,0.38620112091734843
5454,0.5641025641025642,0.453125,0.2782608695652174,0.20634920634920634,0.42735042735042733,0.328125,0.1494439414108691,0.035314147373068594,0.4398162971263908,0.40514183710110335
5455,0.6,0.5555555555555556,0.21875,0.27272727272727276,0.3384615384615385,0.37777777777777777,0.09655315159686777,0.11609014231388616,0.40633684494101635,0.31205455292213274
5456,0.4778761061946903,0.2272727272727273,0.23423423423423423,0.06976744186046513,0.3893805309734513,0.18181818181818185,0.13968037723985516,0.00867567979871894,0.3803305505415162,0.07547169811320754
5457,0.5785123966942148,0.5945945945945946,0.2857142857142857,0.2935779816513761,0.38016528925619836,0.3063063063063063,0.19715604917105004,0.19581985225782617,0.3935366739288308,0.40272022311676103
5458,0.3404255319148936,0.3387096774193548,0.08633093525179855,0.08196721311475409,0.22695035460992907,0.1935483870967742,0.010492211643054028,0.010004791462434609,0.17376289105217207,0.1707832665776591
5459,0.423728813559322,0.4395604395604396,0.2068965517241379,0.2471910112359551,0.3559322033898305,0.37362637362637363,0.10382649644265278,0.0354538787868871,0.26949372310956565,0.24869888475836432
5460,0.32653061224489793,0.7640449438202247,0.12499999999999997,0.6666666666666666,0.20408163265306123,0.5393258426966293,0.057696334522615064,0.5441879431977423,0.19829606515349654,0.6496644295302012
5461,0.3670886075949367,0.3878787878787879,0.07692307692307693,0.12269938650306747,0.189873417721519,0.23030303030303034,0.052702933341029164,0.05634113296924296,0.261368615509273,0.3133619035556505
5462,0.4660194174757282,0.37837837837837834,0.15841584158415842,0.05555555555555555,0.25242718446601947,0.2162162162162162,0.031399891567737044,0.016308317181772742,0.38046571934558954,0.1527777777777778
5463,0.5494505494505494,0.48275862068965514,0.2247191011235955,0.18823529411764706,0.2857142857142857,0.25287356321839083,0.09389727925913671,0.0458300679419673,0.35574742268041243,0.265939015939016
5464,0.39097744360902253,0.4666666666666667,0.24427480916030533,0.22972972972972971,0.2706766917293233,0.3466666666666666,0.16246690629081179,0.10978950216418282,0.3139464168556526,0.3359004565405675
5465,0.5064935064935064,0.3670886075949367,0.26315789473684204,0.14102564102564102,0.3116883116883117,0.25316455696202533,0.0844199842757856,0.028019755398540406,0.400062003822261,0.309436274509804
5466,0.6050420168067226,0.3106796116504854,0.41025641025641024,0.0594059405940594,0.48739495798319327,0.19417475728155337,0.27384305982108087,0.009397784740601017,0.4976331206193118,0.19038998983739835
5467,0.31654676258992803,0.2568807339449541,0.10218978102189782,0.07476635514018691,0.15827338129496402,0.2018348623853211,0.06834642102835423,0.007036330684827718,0.18801775147928992,0.09883359253499222
5468,0.5,0.6885245901639345,0.16901408450704225,0.31666666666666665,0.2777777777777778,0.31147540983606553,0.063028296917045,0.2079440070959627,0.4060294984191934,0.5148268661782175
5469,0.6404494382022471,0.48717948717948717,0.30681818181818177,0.24675324675324675,0.4382022471910112,0.35897435897435903,0.18811060045066852,0.21872604210257365,0.49139361884110905,0.37060986327581796
5470,0.5,0.6027397260273971,0.22018348623853212,0.34101382488479265,0.3363636363636364,0.4109589041095891,0.11393965419648643,0.1731356153445051,0.26309896999552174,0.35444087874332747
5471,0.40816326530612246,0.3597122302158273,0.15172413793103448,0.1313868613138686,0.2857142857142857,0.2446043165467626,0.027901916041476793,0.029798053682912485,0.3612021625303308,0.34557481751824826
5472,0.6545454545454545,0.2677165354330709,0.35185185185185186,0.064,0.5454545454545455,0.2047244094488189,0.1710141285060975,0.009072069007511596,0.5256263996281743,0.13735537190082645
5473,0.3603603603603604,0.47727272727272724,0.14678899082568808,0.20930232558139533,0.23423423423423423,0.36363636363636365,0.02711777348884695,0.045283283104182094,0.30695260320270384,0.3292479269041769
5474,0.45637583892617456,0.4077669902912621,0.1904761904761905,0.19801980198019803,0.36241610738255037,0.3106796116504854,0.0829836483894567,0.0640217030411859,0.35532039406737015,0.2366618348452258
5475,0.4720496894409938,0.515625,0.15094339622641512,0.2698412698412698,0.32298136645962733,0.375,0.08297993294660588,0.192155600985044,0.3165887909735222,0.34703810438680754
5476,0.3304347826086957,0.2077922077922078,0.10619469026548672,0.10666666666666666,0.22608695652173913,0.18181818181818182,0.008363395025193864,0.004739369920966058,0.16398282670472014,0.03386004514672686
5477,0.21052631578947367,0.24175824175824176,0.08602150537634408,0.0898876404494382,0.16842105263157894,0.1978021978021978,0.02057650517640134,0.02229745104413151,0.21705443765720442,0.23363774733637746
5478,0.2947368421052632,0.35616438356164387,0.08602150537634409,0.028169014084507043,0.21052631578947367,0.19178082191780824,0.011632465601369744,0.008428682606415532,0.2423029459228554,0.14204545454545453
5479,0.4444444444444444,0.39999999999999997,0.20454545454545456,0.28571428571428575,0.33333333333333337,0.39999999999999997,0.11374592154418613,0.16278062080855465,0.5674728702605334,0.41935692148760334
5480,0.15789473684210525,0.3950617283950617,0.03571428571428572,0.25316455696202533,0.14035087719298245,0.345679012345679,0.006978065245536884,0.14627961137626996,0.14783559931239257,0.3933087783916513
5481,0.5076923076923078,0.5619834710743801,0.23437500000000003,0.2857142857142857,0.4,0.49586776859504134,0.1537430199850056,0.16921643154227745,0.38930679662539935,0.41264080332311864
5482,0.6442307692307693,0.5054945054945055,0.3592233009708738,0.3222222222222222,0.43269230769230776,0.4285714285714286,0.20102137328429087,0.18490168793577436,0.40989333533173467,0.297532648808577
5483,0.3883495145631068,0.3733333333333333,0.13861386138613863,0.19178082191780824,0.29126213592233,0.29333333333333333,0.07150786783833522,0.14790065374624586,0.3603025114155251,0.30643203883495146
5484,0.44848484848484854,0.48780487804878053,0.15950920245398775,0.1358024691358025,0.30303030303030304,0.2682926829268293,0.0745117508434144,0.028525996574786567,0.3065075640391583,0.30618149113355986
5485,0.3356643356643357,0.33846153846153854,0.11347517730496454,0.125,0.23776223776223773,0.24615384615384617,0.020333103838227486,0.015021846468347312,0.1752390843022944,0.15318241156430099
5486,0.45999999999999996,0.5352112676056338,0.2040816326530612,0.37681159420289856,0.24000000000000005,0.3380281690140845,0.026482245289541757,0.056532507141321776,0.3003766221361025,0.3735871010638298
5487,0.42372881355932207,0.3636363636363636,0.17241379310344826,0.046511627906976744,0.3220338983050847,0.15909090909090912,0.07823467766447376,0.01219798965368664,0.3327309236947791,0.15665546119367776
5488,0.5,0.4720496894409938,0.34065934065934067,0.3522012578616352,0.4239130434782609,0.44720496894409933,0.30663499018720336,0.2672120092366943,0.4333358834906228,0.350426625551721
5489,0.15384615384615385,0.12987012987012989,0.0196078431372549,0.026666666666666665,0.09615384615384616,0.1038961038961039,0.008084738425677602,0.009890318639700534,0.0894854586129754,0.05924170616113744
5490,0.360655737704918,0.4470588235294118,0.06666666666666667,0.07228915662650602,0.14754098360655737,0.2823529411764706,0.008323288034040588,0.007528309050260986,0.18404907975460127,0.17660044150110374
5491,0.3783783783783784,0.5,0.25688073394495414,0.3333333333333333,0.36036036036036034,0.45,0.1004692154742807,0.21367689804137183,0.4386035614877863,0.4100301997763631
5492,0.45454545454545453,0.44680851063829785,0.20370370370370366,0.08695652173913043,0.36363636363636365,0.2127659574468085,0.08241500113262548,0.017166589196615893,0.3824235979836169,0.20474137931034483
5493,0.41975308641975306,0.5735294117647058,0.11249999999999999,0.38805970149253727,0.20987654320987653,0.5,0.021509689703617805,0.28877334982693925,0.2564511756835929,0.4613390778824183
5494,0.4628099173553719,0.45901639344262296,0.2521008403361344,0.23333333333333334,0.36363636363636365,0.36065573770491804,0.22769630114843395,0.17749268000265223,0.44745526051329626,0.3982911153119092
5495,0.3235294117647059,0.45217391304347826,0.08955223880597014,0.30088495575221236,0.2352941176470588,0.34782608695652173,0.018938836670103296,0.20486050329056227,0.25318725099601597,0.42504042504042505
5496,0.48148148148148145,0.448,0.26415094339622636,0.22764227642276424,0.40740740740740744,0.368,0.1978416649277917,0.09271821977357778,0.40477321369301733,0.4399560103370958
5497,0.46043165467625896,0.3973509933774834,0.16058394160583941,0.06711409395973154,0.2589928057553957,0.2251655629139073,0.049023443718893625,0.026155078224914235,0.37606997880408305,0.28565889469058575
5498,0.625,0.625,0.4920634920634921,0.47619047619047616,0.609375,0.59375,0.33531955483679593,0.2957033693453883,0.5958015267175573,0.5724117779127816
5499,0.4779874213836478,0.5357142857142857,0.1910828025477707,0.24096385542168672,0.30188679245283023,0.3333333333333333,0.0800853260193707,0.07241838788476708,0.29056517597521125,0.2428533475026568
5500,0.3625,0.3835616438356165,0.12658227848101264,0.08333333333333333,0.1875,0.20547945205479454,0.054416286053957916,0.05198403139467931,0.3100991711391966,0.2323524795982423
5501,0.5511811023622047,0.556390977443609,0.22399999999999998,0.18320610687022904,0.3149606299212599,0.3157894736842105,0.09373235490011471,0.08460363157483053,0.4532014266304348,0.4543532508680297
5502,0.39999999999999997,0.6071428571428571,0.11650485436893204,0.36363636363636365,0.22857142857142856,0.5357142857142857,0.027748680799915795,0.19872450640458617,0.22144642170593729,0.49868553061831145
5503,0.39062499999999994,0.3826086956521739,0.17460317460317462,0.24778761061946902,0.21875,0.3304347826086957,0.10283089790053708,0.1742081135007766,0.2634134663161414,0.27421542810893385
5504,0.29268292682926833,0.32098765432098764,0.04958677685950413,0.07594936708860758,0.1788617886178862,0.17283950617283952,0.017135239647171886,0.026636997087937674,0.15717092337917485,0.17067528431164794
5505,0.5310734463276835,0.5054945054945056,0.30857142857142855,0.2888888888888889,0.3728813559322034,0.3846153846153846,0.22666248547959256,0.19117939121850505,0.4047748974941806,0.3927012982063574
5506,0.45045045045045046,0.45871559633027525,0.23853211009174313,0.205607476635514,0.2882882882882883,0.27522935779816515,0.17402631318180392,0.1347665235471104,0.27457547904658053,0.24302103250478013
5507,0.3711340206185567,0.17142857142857143,0.16842105263157894,0.029411764705882356,0.20618556701030927,0.11428571428571428,0.05983375887662024,0.007042764254735515,0.24677506775067753,0.07812500000000001
5508,0.4915254237288136,0.24390243902439024,0.31034482758620685,0.075,0.4406779661016949,0.17073170731707318,0.20342884947122924,0.055720794463268726,0.47423070790816324,0.13350840336134454
5509,0.5384615384615384,0.6071428571428571,0.37499999999999994,0.43636363636363634,0.4923076923076923,0.5714285714285715,0.2947357485700951,0.3793299290981908,0.5757570407842282,0.5729516417005511
5510,0.5899280575539569,0.6422018348623852,0.3795620437956204,0.4485981308411215,0.3597122302158273,0.3853211009174312,0.17103240536887762,0.24691997261399923,0.456385146609306,0.4257714504628084
5511,0.49557522123893805,0.5894736842105263,0.16216216216216214,0.2795698924731182,0.23008849557522124,0.4,0.08668605762869223,0.11513608853192539,0.38825185803207785,0.3766127149740208
5512,0.3114754098360656,0.3364485981308411,0.13333333333333333,0.1523809523809524,0.19672131147540986,0.20560747663551404,0.08491748752482084,0.020484810130056832,0.22107229574911935,0.20818551952233852
5513,0.39344262295081966,0.5185185185185185,0.15,0.20253164556962025,0.27868852459016397,0.32098765432098764,0.0568027356889703,0.015280289718422812,0.291764705882353,0.24807170286016947
5514,0.7642276422764228,0.8048780487804879,0.743801652892562,0.75,0.7642276422764228,0.8048780487804879,0.5440862842722246,0.4949701655473062,0.8350663593362349,0.6219731262088358
5515,0.435374149659864,0.45348837209302323,0.20689655172413793,0.24705882352941178,0.2993197278911565,0.38372093023255816,0.14710241358593942,0.16590447990364085,0.37307380373073806,0.3658071833451695
5516,0.2708333333333333,0.3589743589743589,0.0851063829787234,0.18421052631578946,0.20833333333333334,0.3333333333333333,0.02250110187024035,0.0902349678619119,0.2552959057661252,0.37231767305910035
5517,0.6777777777777779,0.7236842105263159,0.5505617977528091,0.6266666666666667,0.43333333333333335,0.5131578947368421,0.47456126765261286,0.4663749330261688,0.636510439714637,0.5755066732575383
5518,0.5974025974025974,0.6176470588235294,0.3684210526315789,0.3880597014925374,0.5194805194805195,0.4852941176470588,0.18631514360943116,0.23644139987651702,0.5682486794523447,0.582359421975495
5519,0.55,0.540084388185654,0.31092436974789917,0.2978723404255319,0.4333333333333333,0.3966244725738396,0.1806382271225732,0.1686866533201898,0.33399470899470896,0.354470513798725
5520,0.6093750000000001,0.5619834710743802,0.31746031746031744,0.3361344537815126,0.484375,0.4958677685950413,0.18363565422522898,0.1740694066610966,0.4272791517143682,0.3998071669612726
5521,0.5943396226415094,0.4180790960451977,0.3714285714285714,0.17142857142857143,0.3584905660377359,0.29378531073446323,0.22685437544776624,0.06708549520777411,0.3813139085530591,0.195848914307262
5522,0.48979591836734687,0.46601941747572817,0.27835051546391754,0.18627450980392157,0.33673469387755095,0.3203883495145631,0.18818799715618056,0.1292784194956487,0.3315206192494109,0.27617903862240023
5523,0.48148148148148145,0.4074074074074074,0.24528301886792456,0.20754716981132076,0.3888888888888889,0.25925925925925924,0.13795199607628958,0.12888523294129303,0.32977143595041325,0.31403814015246906
5524,0.650887573964497,0.529032258064516,0.3712574850299401,0.2745098039215686,0.37869822485207105,0.2967741935483871,0.24335336630726737,0.1752886914811802,0.5415227486905201,0.37139877776699975
5525,0.5,0.33333333333333337,0.21568627450980393,0.06779661016949153,0.3653846153846153,0.26666666666666666,0.019038386820181063,0.011484430856273707,0.24670440315429656,0.20625000000000002
5526,0.5438596491228069,0.5517241379310344,0.2142857142857143,0.1754385964912281,0.368421052631579,0.3275862068965517,0.04785232915565354,0.08856387214544856,0.36132354583007703,0.3522727272727273
5527,0.409090909090909,0.34782608695652173,0.06976744186046512,0.04444444444444444,0.29545454545454547,0.2173913043478261,0.014408030090334438,0.006054652964281436,0.23122655122655128,0.1675257731958763
5528,0.6140350877192983,0.6823529411764706,0.3928571428571429,0.48192771084337355,0.4210526315789474,0.42352941176470593,0.25123540124211446,0.30061825196048103,0.5616924562290216,0.511833198625985
5529,0.39378238341968913,0.5573770491803279,0.10471204188481675,0.287292817679558,0.18652849740932642,0.39344262295081966,0.02118302536577973,0.24382897399419545,0.2552789583754976,0.4939324229312568
5530,0.2911392405063291,0.4324324324324324,0.07692307692307693,0.2876712328767123,0.16455696202531644,0.36486486486486486,0.008111515803410617,0.20231721836515734,0.20758800642182568,0.3866627979526158
5531,0.8461538461538461,0.8140703517587939,0.7766990291262137,0.7411167512690354,0.6826923076923077,0.8140703517587939,0.6370928334569194,0.5392743546574936,0.7438127312813329,0.6621653279339706
5532,0.39999999999999997,0.5263157894736843,0.2222222222222222,0.23655913978494625,0.3272727272727273,0.4210526315789474,0.08246659114294651,0.17484291548913342,0.3344787130939628,0.41079578947368417
5533,0.4999999999999999,0.6739130434782609,0.18367346938775508,0.31111111111111117,0.28,0.3913043478260869,0.09534651113530135,0.20391821535388313,0.27773046092184367,0.4293357018920928
5534,0.43902439024390244,0.35616438356164387,0.125,0.08450704225352113,0.19512195121951217,0.136986301369863,0.036299810579436285,0.03801972204836017,0.36566622691292877,0.24625353743246725
5535,0.30065359477124176,0.3582089552238806,0.10596026490066225,0.10606060606060606,0.19607843137254904,0.22388059701492535,0.07366311621770984,0.05966134787682355,0.20543052614803178,0.18270801960847138
5536,0.6262626262626263,0.5846153846153846,0.30612244897959184,0.22797927461139897,0.4242424242424243,0.29743589743589743,0.17254124917483984,0.08668074073671253,0.4014471829416417,0.3601152030217185
5537,0.35555555555555557,0.380952380952381,0.16541353383458646,0.16129032258064513,0.3259259259259259,0.34920634920634913,0.0820272460698927,0.07027194436347371,0.3084187261402451,0.3129459734964323
5538,0.40816326530612246,0.3733333333333333,0.125,0.1917808219178082,0.24489795918367346,0.29333333333333333,0.016305335800147647,0.012995740310747659,0.25634602538410156,0.23852040816326525
5539,0.6181818181818182,0.5319148936170213,0.3888888888888889,0.34782608695652173,0.3818181818181818,0.3829787234042554,0.16801271828100317,0.13555382155077855,0.5126436781609195,0.4119242072448002
5540,0.41379310344827586,0.41509433962264153,0.15789473684210525,0.19230769230769232,0.2931034482758621,0.32075471698113206,0.031500946511651716,0.042064991407847745,0.3564336447225944,0.3876300962834272
5541,0.49056603773584906,0.5432098765432098,0.19230769230769232,0.3037974683544304,0.339622641509434,0.3703703703703704,0.040684559381178105,0.07083776374248683,0.4488358139624906,0.42784313454590667
5542,0.3448275862068966,0.5757575757575758,0.07058823529411765,0.375,0.16091954022988506,0.5454545454545454,0.021824907535865135,0.279600269133294,0.25060919890344197,0.5463856590856961
5543,0.4204545454545454,0.380952380952381,0.11494252873563218,0.10695187165775401,0.2159090909090909,0.1693121693121693,0.023371923785153154,0.026811514178497732,0.2380653594771242,0.24054582965069946
5544,0.31055900621118016,0.32835820895522394,0.11320754716981132,0.15151515151515152,0.2484472049689441,0.2686567164179105,0.08589196170530085,0.06914401587003445,0.22974385554448795,0.20525484349068582
5545,0.4852941176470588,0.3119266055045871,0.1940298507462687,0.03738317757009346,0.27941176470588236,0.14678899082568808,0.15355618847396119,0.009126865482901321,0.3943758573388203,0.15125728496784566
5546,0.4583333333333333,0.5413533834586466,0.2535211267605634,0.32061068702290074,0.3194444444444445,0.43609022556390975,0.10632095362417535,0.1756427859122318,0.3916812282802899,0.43981629712639086
5547,0.4958677685950413,0.5882352941176471,0.3361344537815126,0.3247863247863248,0.4297520661157025,0.3697478991596638,0.2323340390623905,0.22366313307183447,0.38389415961501494,0.43898206665586337
5548,0.5043478260869565,0.4948453608247421,0.23008849557522124,0.25263157894736843,0.2608695652173913,0.37113402061855666,0.05097475821478801,0.11523683762474604,0.2561476510067114,0.2923071982186443
5549,0.5161290322580645,0.43243243243243246,0.26373626373626374,0.19444444444444445,0.3870967741935483,0.3243243243243243,0.1564035704267365,0.10915306198049067,0.45523252390019836,0.2849927320246083
5550,0.4958677685950413,0.48598130841121495,0.23529411764705882,0.17142857142857146,0.39669421487603307,0.33644859813084116,0.13449322653372958,0.07944830926003663,0.42439120415938125,0.31234221083845143
5551,0.3738317757009346,0.449438202247191,0.11428571428571428,0.2528735632183908,0.2616822429906542,0.3146067415730337,0.08300386119046582,0.10658962787503838,0.25817995910020447,0.26918976545842216
5552,0.48214285714285715,0.4041450777202072,0.19819819819819823,0.13612565445026178,0.28571428571428575,0.24870466321243523,0.07607039818351283,0.014276406370491893,0.27497967116875904,0.16321128020917958
5553,0.5321100917431193,0.7936507936507938,0.39252336448598135,0.6885245901639345,0.4954128440366972,0.7936507936507938,0.23912459316335063,0.4975354871043129,0.6217909583294198,0.5818187971706096
5554,0.38202247191011235,0.21739130434782608,0.1149425287356322,0.06666666666666667,0.2247191011235955,0.1739130434782609,0.032803387829280016,0.026594139297659906,0.27144451530612246,0.16170483460559795
5555,0.39669421487603307,0.4852941176470588,0.21848739495798322,0.26865671641791045,0.2644628099173554,0.27941176470588236,0.09802779136188992,0.1603072504265867,0.3715700922942834,0.5199964996851619
5556,0.38202247191011235,0.4102564102564103,0.11494252873563218,0.22608695652173916,0.17977528089887643,0.23931623931623933,0.03309174328550828,0.06849983708000035,0.25943019943019946,0.3576923076923077
5557,0.5384615384615384,0.4558823529411764,0.25974025974025977,0.208955223880597,0.34615384615384615,0.30882352941176466,0.11477896573182786,0.032981175765439866,0.3551504831103014,0.24881547949919267
5558,0.4496124031007752,0.35294117647058826,0.2204724409448819,0.13999999999999999,0.34108527131782945,0.3137254901960784,0.09258049849592773,0.0672222492448258,0.379034338454483,0.2608490501524954
5559,0.7474747474747475,0.675,0.6597938144329897,0.5641025641025641,0.7272727272727273,0.675,0.5288393516934106,0.45665493203803814,0.8198676386602615,0.6028481012658228
5560,0.4428571428571429,0.365079365079365,0.21739130434782608,0.11290322580645162,0.3,0.2222222222222222,0.02913207026309019,0.011144639981787644,0.2950265711645102,0.18882847256549679
5561,0.46956521739130436,0.4873949579831932,0.21238938053097342,0.27350427350427353,0.2608695652173913,0.3697478991596639,0.1327367840736453,0.14277207786288415,0.2868126191989828,0.42765055947141545
5562,0.4525547445255474,0.3826086956521739,0.23703703703703702,0.1769911504424779,0.3503649635036496,0.2956521739130435,0.10933900083616063,0.061053090744099155,0.48831041257367397,0.31339063883256707
5563,0.6880000000000001,0.7200000000000001,0.43902439024390244,0.47154471544715443,0.4,0.608,0.2582555433742119,0.2853586215816356,0.6357534666621238,0.6671889443838904
5564,0.34532374100719426,0.4222222222222222,0.1897810218978102,0.1590909090909091,0.33093525179856115,0.3555555555555555,0.061544226720273376,0.03721933362894852,0.37654615006772546,0.29194750816993464
5565,0.34285714285714286,0.2909090909090909,0.13043478260869565,0.11111111111111112,0.17142857142857143,0.16363636363636364,0.059413987993603645,0.010532976288623963,0.3219686824861178,0.23298538622129436
5566,0.46153846153846145,0.5774647887323943,0.2978723404255319,0.4000000000000001,0.3356643356643356,0.4366197183098592,0.22447165443165507,0.3049354261701567,0.36765447070627816,0.5629886547123312
5567,0.4625850340136054,0.4067796610169492,0.08275862068965517,0.1206896551724138,0.2448979591836735,0.28813559322033894,0.020762022783516493,0.030692534117375114,0.24924869871533475,0.2316772554867793
5568,0.5194805194805195,0.46031746031746035,0.32894736842105265,0.20967741935483872,0.4285714285714286,0.3492063492063492,0.16269485632227793,0.13555818081390175,0.45456963129490036,0.35947768938083713
5569,0.7123287671232877,0.5112781954887218,0.5972222222222222,0.32061068702290074,0.6712328767123288,0.42105263157894735,0.5730933206239625,0.26166864371007065,0.6479941716269841,0.287743996111685
5570,0.2171428571428571,0.4155844155844156,0.03468208092485549,0.14473684210526316,0.13714285714285715,0.2597402597402597,0.006449479292475447,0.05365988476412857,0.11742892459826947,0.271585279547063
5571,0.30263157894736836,0.5,0.09333333333333332,0.2698412698412698,0.2105263157894737,0.42187499999999994,0.05694565324984518,0.1258406514828909,0.22253073565026923,0.31358101863910065
5572,0.3833333333333333,0.26605504587155965,0.09243697478991597,0.05555555555555556,0.21666666666666667,0.1834862385321101,0.011532791002449779,0.0058720220871150645,0.16300371625683582,0.09680326633564414
5573,0.2142857142857143,0.2916666666666667,0.07317073170731707,0.17391304347826086,0.16666666666666666,0.24999999999999994,0.011023694672787125,0.022276554379351342,0.20067031521785247,0.17628458498023716
5574,0.4299065420560748,0.4285714285714286,0.1523809523809524,0.10416666666666666,0.20560747663551404,0.18367346938775508,0.04398727708071065,0.025760480618592565,0.25019193424558556,0.2571196660482375
5575,0.2692307692307692,0.27522935779816515,0.019607843137254905,0.037383177570093455,0.1346153846153846,0.12844036697247704,0.009296485652342295,0.008987052822035917,0.13655462184873948,0.14553014553014557
5576,0.4482758620689655,0.5263157894736842,0.17543859649122806,0.19354838709677422,0.27586206896551724,0.3157894736842105,0.08196093316014248,0.10913706944101823,0.3350796769264353,0.3641105541254573
5577,0.6344086021505377,0.4692737430167598,0.4239130434782609,0.2824858757062147,0.44086021505376344,0.3687150837988827,0.2594717260928887,0.16309006159112743,0.4756297723542426,0.32930847818222075
5578,0.34108527131782945,0.3304347826086957,0.09448818897637795,0.08849557522123894,0.21705426356589147,0.22608695652173913,0.02838658787733955,0.020196047240485036,0.18209169054441254,0.1782937260047626
5579,0.2903225806451613,0.2982456140350877,0.08196721311475409,0.0892857142857143,0.22580645161290325,0.1754385964912281,0.019385624469543866,0.024617077605116396,0.29116697416974174,0.24018379281537178
5580,0.5,0.5,0.2545454545454545,0.23728813559322035,0.39285714285714285,0.3833333333333333,0.1871335164751857,0.07396541777943628,0.3361262497064966,0.3197708604718482
5581,0.4596273291925466,0.40336134453781514,0.1509433962264151,0.18803418803418803,0.2608695652173913,0.2857142857142857,0.05973597834148507,0.01636731652518469,0.2061473127262601,0.15549780046480743
5582,0.36507936507936506,0.36363636363636365,0.12903225806451615,0.16666666666666663,0.2380952380952381,0.23636363636363636,0.018388924171873277,0.06860712694566225,0.2563304425880616,0.23003453008101288
5583,0.5391304347826086,0.6415094339622641,0.26548672566371684,0.34615384615384615,0.3130434782608696,0.3773584905660377,0.1008581453377857,0.1847049826922312,0.4186098571055479,0.45854302944965175
5584,0.4025157232704402,0.380952380952381,0.10191082802547771,0.12413793103448276,0.26415094339622647,0.272108843537415,0.034402526981257765,0.0697274437661716,0.26478450381193064,0.24913861648555527
5585,0.3064516129032258,0.25974025974025977,0.08196721311475409,0.02666666666666667,0.14516129032258066,0.15584415584415587,0.036613296225631156,0.01323614238074055,0.3331163194444444,0.18636363636363637
5586,0.4057971014492754,0.3564356435643564,0.25,0.20202020202020202,0.31884057971014496,0.31683168316831684,0.13714705052496418,0.12650375868060248,0.4336734693877551,0.33448760413530065
5587,0.64,0.6024096385542169,0.32653061224489793,0.32098765432098764,0.42000000000000004,0.48192771084337355,0.15873441186309897,0.13466872427436824,0.49511952191235065,0.4252577319587629
5588,0.3818181818181818,0.3544303797468354,0.12962962962962962,0.15584415584415587,0.27272727272727276,0.3037974683544304,0.028633829242838478,0.029257649666801968,0.30136142998866217,0.2375306969260734
5589,0.36046511627906985,0.4375,0.11764705882352941,0.13924050632911392,0.23255813953488372,0.2125,0.06746839854488519,0.06335675148144292,0.2883720930232558,0.26435932360197373
5590,0.3829787234042554,0.4411764705882353,0.10869565217391304,0.12121212121212123,0.21276595744680854,0.29411764705882354,0.03673648871860352,0.015092543335006325,0.2633818069306931,0.179784518194799
5591,0.5238095238095238,0.580152671755725,0.1935483870967742,0.24806201550387597,0.34920634920634924,0.366412213740458,0.12372586179283246,0.17061017582633436,0.3145866224287802,0.4021582331562762
5592,0.5454545454545454,0.1923076923076923,0.32558139534883723,0.0,0.4772727272727273,0.11538461538461538,0.13444449848965162,0.005795651808892839,0.5243362689740675,0.03164556962025317
5593,0.3652173913043478,0.38888888888888884,0.1415929203539823,0.1320754716981132,0.19130434782608696,0.25925925925925924,0.02649297139200465,0.023135918985245026,0.3530824992086843,0.3476635514018692
5594,0.6131386861313869,0.5857142857142856,0.3555555555555556,0.30434782608695654,0.35036496350364965,0.3428571428571429,0.12859719171242373,0.09458686512434299,0.34845196759259256,0.33845866809257913
5595,0.24175824175824173,0.2058823529411765,0.0449438202247191,0.0303030303030303,0.15384615384615385,0.14705882352941174,0.010828507894375632,0.014123416972389431,0.1335311572700297,0.13579263977353145
5596,0.39655172413793105,0.5128205128205129,0.19298245614035084,0.2434782608695652,0.3103448275862069,0.41025641025641024,0.17549577236750452,0.14660601686159003,0.33071817869101305,0.3620432476217759
5597,0.42774566473988446,0.4461538461538462,0.1286549707602339,0.15625,0.23121387283236997,0.27692307692307694,0.07628506680983475,0.05942801256053874,0.3311023992842175,0.2755338753387534
5598,0.2735042735042735,0.44247787610619466,0.08695652173913043,0.25225225225225223,0.188034188034188,0.3008849557522124,0.030114228879352927,0.15211071500878948,0.2059543230016313,0.36786388586110247
5599,0.5476190476190476,0.47191011235955055,0.3414634146341463,0.27586206896551724,0.5238095238095238,0.4494382022471911,0.17793925745339384,0.13929208445033034,0.6648936170212766,0.5734073213748011
5600,0.5,0.5054945054945055,0.1886792452830189,0.24719101123595508,0.3703703703703704,0.39560439560439564,0.14960709141900463,0.16536131767753384,0.39425045372050815,0.3582297057233336
5601,0.4489795918367347,0.5137614678899082,0.2708333333333333,0.2803738317757009,0.3469387755102041,0.3302752293577982,0.09532078229999415,0.0395168183170583,0.45074722802506817,0.5867346938775511
5602,0.6849315068493151,0.6288659793814433,0.47926267281105994,0.4479166666666667,0.3835616438356164,0.43298969072164945,0.25780516516086627,0.20526188783490953,0.463962067982493,0.33505047423595313
5603,0.5549738219895288,0.48863636363636365,0.29629629629629634,0.2413793103448276,0.4397905759162304,0.36363636363636365,0.1750893841616394,0.17375363970981625,0.3847894975101856,0.33533713071873733
5604,0.4566929133858268,0.4210526315789474,0.17600000000000002,0.17204301075268816,0.36220472440944884,0.3368421052631579,0.07749370908741021,0.09533208045615421,0.3012981050171133,0.241036717062635
5605,0.536231884057971,0.5882352941176471,0.2647058823529411,0.4444444444444445,0.3913043478260869,0.5378151260504201,0.12739798097700047,0.22883468240981786,0.3323807869262414,0.39225730003414866
5606,0.21276595744680848,0.225,0.0,0.0,0.10638297872340424,0.1,0.005550802744673271,0.006808256983563219,0.13784461152882208,0.11658031088082901
5607,0.6491228070175438,0.5686274509803922,0.30357142857142855,0.30000000000000004,0.4385964912280702,0.411764705882353,0.15511708881672873,0.18351945237739656,0.5632138590203105,0.4776738002763079
5608,0.37500000000000006,0.4318181818181819,0.14545454545454545,0.13953488372093023,0.19642857142857145,0.22727272727272727,0.012048885996412424,0.01579914658053016,0.2904903636470797,0.3480850896508336
5609,0.40404040404040403,0.41379310344827586,0.10309278350515463,0.09411764705882353,0.2626262626262626,0.29885057471264365,0.023740202623542844,0.028310852916881263,0.286948020205312,0.30675459632294166
5610,0.5132743362831859,0.6153846153846153,0.45045045045045046,0.6067415730337078,0.49557522123893805,0.5054945054945056,0.30777246842309536,0.4576906279687456,0.6091831090843416,0.6162790697674417
5611,0.33962264150943394,0.4716981132075472,0.07692307692307693,0.21153846153846156,0.18867924528301888,0.37735849056603776,0.009296485652342295,0.052309539573864146,0.24955445954907163,0.2585400737114253
5612,0.45283018867924524,0.47058823529411764,0.28846153846153844,0.3,0.3584905660377359,0.37254901960784315,0.11192539937376315,0.12233280777492446,0.299638596037488,0.3281229778925632
5613,0.8029197080291971,0.6564885496183206,0.6666666666666666,0.5426356589147288,0.7153284671532847,0.5954198473282443,0.5345785858758393,0.43702807300084806,0.7519813046652299,0.5760583941605839
5614,0.4339622641509434,0.45238095238095233,0.19230769230769232,0.1951219512195122,0.2830188679245283,0.23809523809523808,0.06558326603718545,0.04848189163173709,0.39223043334040253,0.30486638537271454
5615,0.5252525252525252,0.5253456221198157,0.2551020408163265,0.23255813953488375,0.3434343434343434,0.34101382488479265,0.18640601943887836,0.17928342243070478,0.40656762429310683,0.4030987985780924
5616,0.39316239316239315,0.5783132530120483,0.1565217391304348,0.34567901234567905,0.2735042735042735,0.4819277108433735,0.030999109469935143,0.1555928658520996,0.36695447409733123,0.3835253625738102
5617,0.5,0.6105263157894737,0.3283582089552239,0.38709677419354843,0.35294117647058826,0.27368421052631586,0.21961909750431624,0.3034671361321314,0.5271419536490293,0.523512606515333
5618,0.504201680672269,0.4752475247524752,0.18803418803418806,0.14141414141414144,0.319327731092437,0.3168316831683168,0.08814994905828351,0.06187801820036991,0.3745259117082534,0.28367296563451355
5619,0.3668639053254438,0.3655913978494624,0.0718562874251497,0.06521739130434782,0.1893491124260355,0.2043010752688172,0.017373111626012322,0.024531559324055877,0.1727836574917205,0.19144563918757468
5620,0.2913907284768212,0.32214765100671144,0.08053691275167785,0.06802721088435375,0.18543046357615892,0.16107382550335572,0.016310386798703884,0.016148774288852526,0.1825737898465171,0.2015028636884307
5621,0.4,0.37999999999999995,0.19417475728155337,0.12244897959183673,0.2476190476190476,0.22000000000000003,0.09430673592814984,0.06197887920042996,0.377055595765094,0.28323934359599656
5622,0.3106796116504854,0.3877551020408163,0.07920792079207921,0.041666666666666664,0.1941747572815534,0.22448979591836735,0.013532313484936382,0.01037870907146962,0.2573930057459877,0.19607843137254902
5623,0.676923076923077,0.8347826086956522,0.640625,0.8141592920353982,0.676923076923077,0.8347826086956522,0.5568803367372814,0.5435456536570852,0.6096971532624309,0.6704257368848027
5624,0.5714285714285714,0.39473684210526316,0.3699421965317919,0.10666666666666669,0.45714285714285713,0.19736842105263158,0.2594391574677387,0.08938754248645528,0.48490638488582577,0.26009711510996864
5625,0.39622641509433965,0.25,0.28846153846153844,0.11428571428571428,0.3773584905660377,0.19444444444444445,0.17653583111354074,0.0985884315422511,0.4893627630976504,0.17923739711934153
5626,0.4794520547945206,0.4923076923076923,0.22222222222222224,0.15625,0.3835616438356165,0.26153846153846155,0.12938409106421986,0.059546657555145176,0.3392503955696203,0.2674630589138361
5627,0.37410071942446044,0.5087719298245614,0.08759124087591241,0.19642857142857142,0.1726618705035971,0.2807017543859649,0.01945795639684254,0.12364424638034757,0.2684967535136024,0.34431818181818175
5628,0.6012269938650306,0.5441176470588236,0.39751552795031053,0.3880597014925373,0.44171779141104295,0.45588235294117646,0.3248207383564858,0.27012880331955724,0.5194598939878978,0.4297755589652674
5629,0.24793388429752067,0.2647058823529412,0.06722689075630252,0.030303030303030304,0.18181818181818182,0.14705882352941177,0.021910736020781533,0.015426040368056008,0.24737842977451777,0.17801120448179267
5630,0.5299999999999999,0.4895833333333333,0.18181818181818182,0.1473684210526316,0.27,0.27083333333333337,0.10722364256608631,0.05921804680023511,0.3363828987112975,0.27609518658734444
5631,0.5485714285714286,0.5056179775280898,0.3930635838150289,0.32954545454545453,0.49142857142857144,0.4606741573033708,0.28786599750624536,0.23076846254581906,0.4577957049915573,0.33871634101292897
5632,0.5095541401273886,0.4444444444444444,0.24516129032258066,0.2258064516129032,0.24203821656050956,0.2380952380952381,0.04250831452907332,0.024618144574036736,0.3508003110850516,0.2762426442460301
5633,0.5641025641025641,0.5166666666666667,0.3826086956521739,0.27118644067796605,0.5128205128205128,0.28333333333333327,0.19865984298730616,0.19187870328373027,0.3980428236868518,0.4052376671210231
5634,0.41379310344827586,0.41573033707865165,0.1744186046511628,0.125,0.31034482758620685,0.23595505617977527,0.06242146233960719,0.02962622047642437,0.24489355581127734,0.24771255581270313
5635,0.472972972972973,0.6078431372549019,0.24657534246575347,0.3,0.32432432432432434,0.43137254901960786,0.10559375020483881,0.19345299022826185,0.43365195256155825,0.44502216417644824
5636,0.40860215053763443,0.3614457831325301,0.26373626373626374,0.19753086419753085,0.3655913978494624,0.28915662650602403,0.1302073057408704,0.11780158167715962,0.4454186495620388,0.3289936664320901
5637,0.5035971223021583,0.5289256198347106,0.2773722627737227,0.23529411764705882,0.3597122302158273,0.2809917355371901,0.13376602748120056,0.08907530052738094,0.4225555555555555,0.3486942683700929
5638,0.5875706214689266,0.5373134328358209,0.24000000000000002,0.22727272727272727,0.33898305084745767,0.29850746268656714,0.12931434914365428,0.03350359009206022,0.40832559709680133,0.28728184437526993
5639,0.5254237288135594,0.5555555555555556,0.2931034482758621,0.3018867924528302,0.23728813559322035,0.3333333333333333,0.2110254984296775,0.23385680248865492,0.3513964179421769,0.37600431118949645
5640,0.47692307692307695,0.3448275862068965,0.20312499999999997,0.08771929824561404,0.3230769230769231,0.2068965517241379,0.12490861453621768,0.02169547848686038,0.40708605899173494,0.23140285326086957
5641,0.35714285714285715,0.22950819672131145,0.09090909090909091,0.06779661016949154,0.25,0.16393442622950818,0.020111428237972198,0.025267609512525893,0.265083135391924,0.15306122448979592
5642,0.5963302752293578,0.4928909952606636,0.3796296296296296,0.25837320574162675,0.44036697247706424,0.3033175355450237,0.23390029607155055,0.11530221058721131,0.35976516694065735,0.29249463038664997
5643,0.4676616915422886,0.3978494623655915,0.22110552763819097,0.1521739130434783,0.24875621890547264,0.2043010752688172,0.09452959669627671,0.07820233397825145,0.2824644837704026,0.24955762364536968
5644,0.2772277227722772,0.5846153846153846,0.06060606060606061,0.47619047619047616,0.11881188118811882,0.5538461538461538,0.02051792510527346,0.31066878208732795,0.2679284004104435,0.5163446452749898
5645,0.27450980392156865,0.23684210526315788,0.02,0.0,0.17647058823529413,0.1842105263157895,0.005091894897311005,0.006893281774601134,0.1485148514851485,0.07894736842105263
5646,0.2769230769230769,0.26865671641791045,0.015625,0.04545454545454546,0.12307692307692308,0.16417910447761197,0.008490292194134243,0.009214819531010146,0.20254168447231752,0.19301097972972978
5647,0.4171122994652407,0.5798816568047337,0.15135135135135136,0.40718562874251496,0.2887700534759358,0.49704142011834324,0.013212823992530308,0.2471736755314491,0.2473940348756906,0.3881819058797048
5648,0.2735042735042735,0.2912621359223301,0.08695652173913043,0.09900990099009901,0.13675213675213674,0.1747572815533981,0.052699748740684844,0.01143354672983217,0.2485983943736731,0.1618086013645224
5649,0.35087719298245607,0.5454545454545455,0.09467455621301775,0.24113475177304963,0.17543859649122803,0.3076923076923077,0.019904616197557994,0.09499049237055308,0.15337423312883436,0.32507412113511225
5650,0.4142857142857143,0.3333333333333333,0.13043478260869565,0.08,0.24285714285714285,0.19607843137254902,0.053721187330166065,0.009598026233519538,0.25215538907936197,0.17223610577128454
5651,0.6466165413533834,0.7906976744186046,0.4427480916030534,0.6614173228346457,0.6015037593984962,0.7751937984496123,0.30260074311779944,0.513227523360851,0.5771936349817264,0.7207213061255138
5652,0.4415584415584416,0.2981366459627329,0.2236842105263158,0.050314465408805034,0.37662337662337664,0.14906832298136646,0.10089266704590555,0.015321552686430763,0.40854966136093357,0.22804377144803747
5653,0.672566371681416,0.6530612244897959,0.3603603603603604,0.4583333333333333,0.5132743362831858,0.5714285714285714,0.18989171764298485,0.3016800440666547,0.5472804930795848,0.5271084337349399
5654,0.5128205128205128,0.44,0.3652173913043478,0.2857142857142857,0.41025641025641024,0.36000000000000004,0.2287410406706636,0.1440324034528572,0.5996569707673601,0.3492957746478873
5655,0.3529411764705882,0.4895104895104895,0.10714285714285714,0.22695035460992907,0.23529411764705882,0.36363636363636365,0.05118412990381444,0.1430561053081348,0.25393260796221323,0.36920173252353183
5656,0.09302325581395349,0.10416666666666667,0.023809523809523808,0.02127659574468085,0.06976744186046512,0.08333333333333334,0.0035548168188028837,0.003469194439174961,0.09328358208955223,0.0889679715302491
5657,0.8155339805825242,0.4827586206896552,0.6336633663366337,0.3294117647058823,0.7766990291262137,0.4367816091954023,0.46957233830104533,0.08620522634700255,0.7003676470588236,0.2957402409156795
5658,0.46268656716417916,0.5535714285714286,0.21212121212121213,0.29090909090909095,0.2835820895522388,0.35714285714285715,0.03399805883047212,0.10969947038620652,0.2790036019005773,0.3791327016179087
5659,0.3475177304964539,0.4054982817869416,0.10714285714285714,0.16608996539792387,0.23404255319148937,0.2611683848797251,0.036644973263977,0.06955369497979277,0.21467211575040923,0.21688455603788015
5660,0.5287356321839081,0.3333333333333333,0.23529411764705882,0.08,0.4137931034482759,0.17647058823529413,0.13478138461330016,0.013092090282206684,0.4188651070184171,0.325423926684762
5661,0.3529411764705882,0.2945736434108527,0.059701492537313425,0.04724409448818898,0.22058823529411767,0.20155038759689922,0.010045900873058268,0.01862027687188674,0.27397484368183805,0.21756139676372788
5662,0.39024390243902435,0.45054945054945056,0.1477832512315271,0.21111111111111108,0.15609756097560976,0.26373626373626374,0.07671166381862253,0.12053887749535004,0.24327941162039898,0.22737834359455986
5663,0.44117647058823534,0.4201680672268907,0.22388059701492535,0.2222222222222222,0.25,0.2689075630252101,0.11569770095268926,0.12638648725893825,0.4339622641509434,0.4078643363291657
5664,0.32380952380952377,0.3278688524590164,0.07766990291262134,0.05,0.2095238095238095,0.1967213114754098,0.02330441741475251,0.008705022108349296,0.2102890316205534,0.20884202051874184
5665,0.46551724137931033,0.4615384615384615,0.21052631578947364,0.24719101123595508,0.3620689655172414,0.41758241758241754,0.11355561634992312,0.15143507513230708,0.4558823529411765,0.3488709373323085
5666,0.17460317460317462,0.20253164556962025,0.0,0.025974025974025976,0.12698412698412698,0.15189873417721517,0.00408078296079546,0.005845987842298146,0.11952191235059763,0.09846827133479212
5667,0.40540540540540543,0.2222222222222222,0.19444444444444445,0.03278688524590164,0.37837837837837834,0.15873015873015875,0.049223146118764126,0.006945213832347634,0.30128893662728246,0.08130081300813008
5668,0.5344827586206896,0.4716981132075472,0.21052631578947367,0.1923076923076923,0.25862068965517243,0.2830188679245283,0.1023990095266979,0.07340112113860153,0.3402844628417404,0.28626211513142247
5669,0.29457364341085274,0.3214285714285714,0.11023622047244093,0.07272727272727272,0.24806201550387594,0.21428571428571427,0.06153146082626555,0.020308499126883425,0.22058823529411764,0.2786855482933914
5670,0.5046728971962617,0.46153846153846156,0.22857142857142862,0.2696629213483146,0.2616822429906542,0.2857142857142857,0.04360347785841266,0.1705785400383973,0.48780361650184145,0.32190506778005273
5671,0.6976744186046512,0.634920634920635,0.5354330708661418,0.467741935483871,0.6201550387596899,0.603174603174603,0.42347914548366594,0.4037256812790891,0.676735078326393,0.6136477371028505
5672,0.3565891472868217,0.32857142857142857,0.047244094488188976,0.08695652173913042,0.18604651162790697,0.2142857142857143,0.008305470218208074,0.01946310196291354,0.1912568306010929,0.2553170586282361
5673,0.49315068493150693,0.3826086956521739,0.38888888888888895,0.24778761061946908,0.4657534246575342,0.3130434782608696,0.23374851400518498,0.1864950862141215,0.5106204952805955,0.3333695129703999
5674,0.5660377358490566,0.7272727272727273,0.40384615384615385,0.7216494845360825,0.5283018867924528,0.7272727272727273,0.27704570123395433,0.5329433750396851,0.5430467289719625,0.7029691211401425
5675,0.44859813084112143,0.2933333333333334,0.26666666666666666,0.05479452054794521,0.411214953271028,0.18666666666666668,0.06945200353904481,0.029335609328344198,0.41418149751483085,0.1933347204882785
5676,0.36036036036036034,0.3999999999999999,0.11009174311926605,0.14457831325301204,0.2882882882882883,0.2823529411764706,0.04731666745775026,0.03089943529629552,0.2920471841704718,0.19144597001206407
5677,0.6282051282051282,0.6277372262773723,0.3116883116883117,0.26666666666666666,0.37179487179487175,0.35036496350364965,0.12531220174759666,0.10855302686801908,0.4947605335451626,0.48276715848101937
5678,0.5534591194968554,0.6131386861313869,0.356687898089172,0.41481481481481486,0.41509433962264153,0.48175182481751827,0.2587464561979214,0.34845819593122745,0.5185233886088588,0.4958269622833843
5679,0.6015037593984962,0.42016806722689076,0.24427480916030536,0.18803418803418803,0.3759398496240601,0.20168067226890757,0.14694106251955755,0.09169460320552986,0.42160791589363017,0.2227913649229072
5680,0.5416666666666666,0.5066666666666667,0.21276595744680848,0.3287671232876712,0.3958333333333333,0.45333333333333337,0.11136317349785235,0.22725397414354342,0.4361025602345743,0.40350877192982454
5681,0.5855855855855855,0.5959595959595959,0.3181818181818182,0.326530612244898,0.39639639639639634,0.4444444444444445,0.20593517041118922,0.17181796208064753,0.3791347380934029,0.3357392825896763
5682,0.42105263157894735,0.38461538461538464,0.09160305343511452,0.0392156862745098,0.22556390977443608,0.21153846153846154,0.01266209659105845,0.006419131400018267,0.2432949389179756,0.1559633027522936
5683,0.5035971223021583,0.562962962962963,0.2627737226277372,0.33082706766917297,0.3453237410071942,0.4444444444444445,0.1484553274474167,0.12902492769462792,0.34072983550136005,0.3434850632816945
5684,0.38983050847457634,0.1680672268907563,0.15517241379310345,0.0,0.2542372881355932,0.08403361344537814,0.05765715192988441,0.0042426577851335185,0.2923379174852652,0.10721247563352827
5685,0.4897959183673469,0.2388059701492537,0.3333333333333333,0.12307692307692308,0.34693877551020413,0.20895522388059704,0.2541402460985101,0.01716992938440725,0.4170530295492986,0.12835178914615172
5686,0.3453237410071942,0.4507042253521127,0.0437956204379562,0.1285714285714286,0.1726618705035971,0.2535211267605634,0.012667922020088053,0.0910125740935126,0.19400476257178872,0.26127514193364704
5687,0.6065573770491803,0.39622641509433965,0.4,0.1730769230769231,0.4590163934426229,0.2830188679245283,0.211498172040487,0.06080698466079523,0.6063956763257463,0.29116838952323043
5688,0.379746835443038,0.34375,0.12987012987012986,0.12903225806451615,0.2531645569620253,0.28125,0.0367483224173178,0.034167397320874135,0.18867496140223416,0.19553170594837266
5689,0.6617647058823529,0.672566371681416,0.46268656716417916,0.5225225225225225,0.38235294117647056,0.5840707964601771,0.3196937560561198,0.25017087119022796,0.48278085773274204,0.43407202840274617
5690,0.5343511450381679,0.6666666666666667,0.21705426356589147,0.3516483516483517,0.3969465648854962,0.5376344086021506,0.12931249966627112,0.19821620626923758,0.4298166749338624,0.45726200084553587
5691,0.48101265822784806,0.40490797546012275,0.16666666666666666,0.08695652173913043,0.3037974683544304,0.245398773006135,0.07793471213139401,0.023401579695199397,0.3688385269121812,0.2757544224765868
5692,0.5317919075144507,0.5696202531645569,0.30409356725146197,0.2948717948717949,0.24277456647398843,0.2911392405063291,0.16619305653481956,0.1348275196163076,0.40505938004838765,0.38683915770609323
5693,0.4424778761061947,0.4090909090909091,0.1801801801801802,0.18604651162790697,0.3185840707964602,0.2727272727272727,0.030994127200329416,0.017657697465220765,0.29729682495991333,0.283203125
5694,0.5396825396825397,0.35789473684210527,0.29032258064516137,0.17204301075268816,0.3492063492063492,0.2947368421052632,0.1388981793820845,0.06659924543765659,0.29513343799058084,0.2064261353437444
5695,0.4689655172413793,0.4150943396226415,0.18181818181818182,0.19230769230769232,0.23448275862068965,0.30188679245283023,0.0674866070111015,0.04269349185847894,0.35858895525253337,0.2315607357494081
5696,0.5245901639344263,0.54,0.26666666666666666,0.2857142857142857,0.40983606557377045,0.42,0.11189793248388853,0.13980669499342457,0.3763808479843344,0.3602497980488411
5697,0.5523809523809524,0.3302752293577982,0.31067961165048535,0.01869158878504673,0.4761904761904762,0.1651376146788991,0.27758765730092283,0.005881058251801685,0.5085822569945759,0.17992424242424243
5698,0.42424242424242425,0.46601941747572817,0.1076923076923077,0.1782178217821782,0.30303030303030304,0.3300970873786408,0.019913190231938015,0.08721425142994504,0.31136885796649105,0.2895972077348953
5699,0.2857142857142857,0.2222222222222222,0.08333333333333333,0.030075187969924814,0.163265306122449,0.13333333333333333,0.009296485652342295,0.003321789529900012,0.16089108910891092,0.18140589569160998
5700,0.23762376237623764,0.23529411764705885,0.10101010101010101,0.06060606060606061,0.19801980198019803,0.2058823529411765,0.04203431612207518,0.015721757597198516,0.2256385114628566,0.14940555661516944
5701,0.33333333333333337,0.6165413533834587,0.11764705882352941,0.4122137404580153,0.15942028985507245,0.5864661654135338,0.049587869021127266,0.23523851111007732,0.22509829238786527,0.5932259106965756
5702,0.4328358208955224,0.556390977443609,0.22727272727272727,0.27480916030534347,0.28358208955223885,0.30075187969924816,0.1971740822543476,0.2036219384041524,0.37004031523323616,0.45702930948832593
5703,0.5737704918032787,0.5436893203883495,0.3833333333333333,0.21782178217821785,0.45901639344262296,0.27184466019417475,0.2571371455161848,0.0970760694246274,0.5421442164606227,0.4115064617181097
5704,0.5454545454545455,0.5483870967741936,0.2948207171314741,0.34959349593495936,0.3557312252964427,0.3709677419354839,0.10866690415422715,0.17004206517090126,0.3325066164412476,0.3211508326263893
5705,0.5853658536585367,0.5432098765432098,0.4074074074074074,0.3375,0.48780487804878053,0.4691358024691358,0.25232661901661013,0.1658997761188305,0.5280073461891645,0.38433870785883417
5706,0.6496815286624205,0.45528455284552843,0.43870967741935485,0.19834710743801656,0.5605095541401274,0.3739837398373984,0.2283354474711462,0.155159354412014,0.5507822367307057,0.3640313983836986
5707,0.5471698113207548,0.5599999999999999,0.2692307692307692,0.24489795918367346,0.43396226415094336,0.4,0.20414630012944468,0.12257825421988881,0.4261393167756864,0.3809347685610312
5708,0.3478260869565218,0.41379310344827586,0.10062893081761007,0.0839160839160839,0.27329192546583847,0.2896551724137931,0.04522690726491742,0.01985724808574557,0.23015827466585043,0.2521475118483412
5709,0.42424242424242425,0.3157894736842105,0.16494845360824742,0.12903225806451615,0.20202020202020202,0.18947368421052632,0.0322783642152686,0.015395321286118915,0.24281621777149498,0.17665245202558635
5710,0.3870967741935484,0.4000000000000001,0.11475409836065574,0.16326530612244897,0.25806451612903225,0.3,0.054207039453009066,0.07430996710652174,0.25335923217550277,0.30059523809523814
5711,0.4444444444444445,0.4233576642335766,0.15037593984962408,0.2074074074074074,0.3259259259259259,0.30656934306569344,0.061793263345570185,0.13845698552080465,0.21606790864493947,0.31831647634584015
5712,0.352,0.485981308411215,0.14634146341463414,0.2476190476190476,0.272,0.3738317757009346,0.010107328552919084,0.03508898939231767,0.2883706752019509,0.5086402849369988
5713,0.45783132530120485,0.5314685314685315,0.23170731707317074,0.24113475177304966,0.30120481927710846,0.40559440559440557,0.12378700373934616,0.11442211934849028,0.4401150722430703,0.425281559926038
5714,0.43137254901960786,0.4931506849315069,0.22000000000000003,0.28169014084507044,0.35294117647058826,0.3835616438356164,0.11418215551856849,0.20770340240202576,0.4148181011535048,0.3797734324007761
5715,0.5466666666666666,0.5185185185185185,0.35135135135135137,0.31578947368421045,0.36,0.42962962962962964,0.22217350334555172,0.20290924675723138,0.5275062384102928,0.4756533182929122
5716,0.6104417670682732,0.4788732394366197,0.3967611336032389,0.4075829383886256,0.28112449799196787,0.45070422535211263,0.23391390791294223,0.16372692963122398,0.33791972519281743,0.2892807262569833
5717,0.35772357723577236,0.4642857142857143,0.11570247933884296,0.16363636363636364,0.1951219512195122,0.2857142857142857,0.07277006492157584,0.07576370683869753,0.341967147671101,0.39323467230443976
5718,0.41071428571428575,0.49327354260089684,0.06306306306306307,0.19909502262443438,0.19642857142857142,0.25112107623318386,0.018312827312191204,0.1795136799819835,0.20914587660759268,0.3521006789572802
5719,0.34482758620689663,0.38095238095238093,0.05594405594405594,0.07766990291262134,0.23448275862068968,0.19047619047619047,0.01511398143300998,0.024184136877418508,0.2302379859198041,0.20630118567412295
5720,0.53551912568306,0.5363128491620112,0.18784530386740333,0.2711864406779661,0.30601092896174864,0.3016759776536313,0.10888927908333788,0.14142298885419613,0.35503321866179105,0.3703233758700696
5721,0.48387096774193544,0.5024154589371981,0.2845528455284553,0.3804878048780488,0.3064516129032258,0.30917874396135264,0.17969399175252854,0.1284083998965658,0.2939595796738654,0.28112881845520726
5722,0.42990654205607476,0.5287356321839081,0.13333333333333333,0.23529411764705882,0.2616822429906542,0.3448275862068966,0.028232017871523418,0.04048880669695965,0.27388833992094863,0.3006083930295178
5723,0.4,0.441860465116279,0.14285714285714285,0.21428571428571427,0.26,0.23255813953488372,0.02675847043949086,0.09321701825411031,0.335742246311352,0.40267645591719664
5724,0.4129032258064516,0.5061728395061729,0.2483660130718954,0.3125,0.4000000000000001,0.4074074074074074,0.15266362687793383,0.24126428256254967,0.24564081373350985,0.45329183109763077
5725,0.4383561643835616,0.5607476635514018,0.15668202764976957,0.2547169811320755,0.2648401826484018,0.3457943925233645,0.07146783213075028,0.1480681638549805,0.22002256254692673,0.40406262386048364
5726,0.48554913294797686,0.42857142857142855,0.22222222222222218,0.18840579710144928,0.2658959537572254,0.28571428571428575,0.15344724177684288,0.08665009686948892,0.33910610193623875,0.2254740005964246
5727,0.3305785123966942,0.43137254901960786,0.06722689075630253,0.12000000000000001,0.1983471074380165,0.31372549019607837,0.010650051690211515,0.015124632406635176,0.22133033794841384,0.2665144230769231
5728,0.6,0.632183908045977,0.34831460674157305,0.3372093023255814,0.4222222222222222,0.42528735632183906,0.26482411444423204,0.22095938588223898,0.4944452121112099,0.43692556654204373
5729,0.41489361702127664,0.37125748502994016,0.06451612903225808,0.08484848484848485,0.18085106382978725,0.19161676646706585,0.011627019841912866,0.020978886357286824,0.22453038527032776,0.17012187584284813
5730,0.3380281690140845,0.416,0.15714285714285714,0.22764227642276422,0.16901408450704225,0.256,0.011025822183196471,0.13817403541696413,0.23337967893345957,0.2720853858784893
5731,0.48387096774193544,0.3333333333333333,0.22950819672131145,0.07142857142857144,0.40322580645161293,0.15789473684210525,0.11424556056414914,0.02331330883850467,0.45986008039579473,0.22677693875104882
5732,0.47244094488188976,0.6115702479338843,0.25599999999999995,0.4201680672268907,0.3937007874015748,0.5454545454545455,0.18251281885550116,0.28971248783207704,0.3745636772075342,0.4794315916411814
5733,0.3333333333333333,0.36220472440944884,0.09090909090909091,0.11200000000000002,0.14102564102564102,0.14173228346456693,0.01794355452559671,0.02227618786984324,0.32068965517241377,0.2700544464609801
5734,0.5094339622641509,0.5287356321839081,0.1923076923076923,0.21176470588235297,0.2830188679245283,0.39080459770114945,0.029882909650174108,0.11437790076957295,0.29924917625452385,0.37573696145124713
5735,0.25210084033613445,0.304,0.05128205128205128,0.06504065040650406,0.15126050420168066,0.17600000000000002,0.018730574860488187,0.01982197970519873,0.19308736217133166,0.22092423349056603
5736,0.5031446540880503,0.6456692913385828,0.2547770700636942,0.416,0.339622641509434,0.5984251968503937,0.1472892749507255,0.2785564242567879,0.5426056678595608,0.5833419850498338
5737,0.567741935483871,0.576271186440678,0.2875816993464052,0.25142857142857145,0.41290322580645167,0.4406779661016949,0.16483326354563138,0.1387044861530203,0.4276143454231353,0.5209947417271524
5738,0.48275862068965514,0.5050505050505051,0.2982456140350877,0.3505154639175258,0.3448275862068965,0.42424242424242425,0.19391065669690064,0.26795607126708254,0.41917293233082714,0.4133638293082934
5739,0.4411764705882353,0.37762237762237766,0.17910447761194032,0.14184397163120568,0.35294117647058826,0.2517482517482518,0.1457413874623226,0.07933948822615006,0.30560783391166274,0.2985274628805848
5740,0.4174757281553398,0.4663212435233161,0.19607843137254904,0.2827225130890052,0.2718446601941748,0.35233160621761656,0.06863090918572794,0.0598661396418051,0.20592496285289746,0.21208218919598454
5741,0.46153846153846156,0.44799999999999995,0.21874999999999997,0.2113821138211382,0.26153846153846155,0.272,0.15424634603419418,0.1334642438820133,0.3536417391304348,0.33774511338613905
5742,0.5765765765765766,0.5818181818181818,0.4036697247706422,0.4074074074074074,0.5225225225225224,0.5272727272727273,0.3007596055243682,0.3059921692028717,0.5202466974167331,0.5212012785129106
5743,0.30952380952380953,0.5142857142857143,0.14634146341463417,0.23529411764705885,0.28571428571428564,0.42857142857142855,0.07276375309803214,0.13734320449941737,0.2952495398609695,0.4050370343175497
5744,0.6666666666666666,0.6722689075630253,0.4689655172413793,0.4957264957264958,0.54421768707483,0.5042016806722689,0.3443658130342022,0.2759244165787317,0.5584888067595649,0.46633346148917076
5745,0.3448275862068966,0.3835616438356164,0.047058823529411764,0.11267605633802817,0.25287356321839083,0.3013698630136986,0.023713301500881356,0.03579300370931225,0.19841269841269846,0.27586319006437343
5746,0.47500000000000003,0.5571428571428572,0.2658227848101266,0.2753623188405797,0.325,0.4,0.12784871714751198,0.16430992586185875,0.3177659155484288,0.43420168319035635
5747,0.379746835443038,0.3950617283950617,0.15584415584415584,0.07594936708860758,0.27848101265822783,0.24691358024691357,0.0868772451739457,0.01737720878556081,0.2566056910569106,0.26993064834255903
5748,0.5192307692307692,0.5348837209302325,0.3921568627450981,0.4761904761904762,0.4615384615384615,0.5116279069767442,0.3176622623010181,0.39232547845827065,0.514212389380531,0.46269425201273173
5749,0.6071428571428571,0.42857142857142855,0.2545454545454546,0.17073170731707316,0.375,0.3333333333333333,0.146044127054094,0.03471976925027877,0.39991216512955646,0.18750000000000003
5750,0.325,0.2528735632183908,0.10126582278481011,0.023529411764705882,0.175,0.13793103448275865,0.021325279638421808,0.009564535639180863,0.2650416666666667,0.11904761904761907
5751,0.4271844660194174,0.4158415841584159,0.23762376237623764,0.12121212121212122,0.3300970873786408,0.27722772277227725,0.10861134078730159,0.017172960830630933,0.30871369294605805,0.3094244024553342
5752,0.4852941176470588,0.4605263157894737,0.16417910447761194,0.14666666666666667,0.3235294117647059,0.3026315789473684,0.03233750039759197,0.027184096230793185,0.3423679641812865,0.34959427449322833
5753,0.32323232323232326,0.3578947368421052,0.1443298969072165,0.12903225806451615,0.22222222222222224,0.23157894736842108,0.0355372865022277,0.027608256726089825,0.22943846877428326,0.21994310884933443
5754,0.3773584905660377,0.3902439024390244,0.1346153846153846,0.075,0.2641509433962264,0.1951219512195122,0.0236225011664674,0.01513925919855431,0.23057851239669422,0.23081616052060738
5755,0.5591397849462365,0.5974025974025974,0.35164835164835173,0.4,0.45161290322580644,0.4415584415584416,0.18180218467268178,0.05497797856286159,0.515431978615177,0.42066068851783134
5756,0.3333333333333333,0.36363636363636365,0.08510638297872342,0.18666666666666665,0.2708333333333333,0.2857142857142857,0.011024183106057685,0.08791866703374213,0.2634340167882207,0.35339098771051436
5757,0.5312499999999999,0.5322580645161291,0.20634920634920637,0.2786885245901639,0.328125,0.3709677419354839,0.08352441853501937,0.11238130413359831,0.41840935317450884,0.4012290467521808
5758,0.5737704918032787,0.4881889763779527,0.26666666666666666,0.22399999999999998,0.47540983606557374,0.34645669291338577,0.16726393929703745,0.13854703889232411,0.4881482154209427,0.40537473500436466
5759,0.6814814814814816,0.6046511627906977,0.4661654135338346,0.4724409448818897,0.5185185185185186,0.5116279069767442,0.37572075102191993,0.34650622860612934,0.5195515747668641,0.47940340909090917
5760,0.5054945054945054,0.47619047619047616,0.17977528089887643,0.26229508196721313,0.3076923076923077,0.380952380952381,0.01006279867010102,0.020773551538763056,0.3982399425287356,0.24033437826541276
5761,0.3384615384615385,0.296875,0.14062500000000003,0.07936507936507937,0.16923076923076924,0.18750000000000003,0.028138415181950944,0.01821534233293376,0.17445060697981918,0.19656538969616907
5762,0.5578231292517006,0.4786324786324786,0.2620689655172414,0.20869565217391306,0.38095238095238093,0.3247863247863248,0.15355364620052725,0.1665267857629409,0.41396979503775616,0.2969240426867546
5763,0.3304347826086957,0.25,0.23008849557522124,0.1142857142857143,0.2956521739130435,0.16666666666666663,0.08864658813889117,0.027428974563014102,0.31754480154028436,0.14985575381985256
5764,0.3448275862068965,0.39694656488549623,0.1258741258741259,0.23255813953488372,0.23448275862068965,0.32061068702290074,0.055096732553005595,0.12100242398732301,0.2862654028834787,0.3168260038240918
5765,0.5471698113207548,0.4000000000000001,0.2884615384615385,0.10752688172043011,0.4528301886792453,0.29473684210526313,0.15054820996553442,0.012423646224336702,0.34779171678982645,0.16812857472198134
5766,0.4742268041237113,0.5121951219512195,0.23157894736842105,0.3500000000000001,0.3505154639175258,0.46341463414634143,0.13271516561160454,0.16992325189547233,0.2980283526152844,0.32214116473375737
5767,0.5695364238410596,0.40625,0.2684563758389262,0.1111111111111111,0.4370860927152318,0.21875,0.17218718048740453,0.02639826398975084,0.5212613293051359,0.26480902873785694
5768,0.4444444444444444,0.409090909090909,0.15492957746478875,0.15384615384615383,0.2638888888888889,0.25757575757575757,0.0965692692110632,0.09118073644093938,0.4538837810926004,0.3959453405017921
5769,0.7182320441988951,0.6049382716049383,0.37988826815642457,0.26249999999999996,0.3425414364640884,0.33333333333333337,0.22011440954389425,0.12581392495683902,0.4837149915469602,0.3661878453038674
5770,0.4175824175824176,0.475609756097561,0.16666666666666666,0.20987654320987653,0.2197802197802198,0.26829268292682923,0.08487992093902164,0.04362509720477336,0.2748028660247175,0.3347075879566106
5771,0.2773722627737227,0.25925925925925924,0.1037037037037037,0.01886792452830189,0.20437956204379562,0.14814814814814817,0.020698585564349677,0.011019978611354831,0.2750393086527541,0.1575123482788988
5772,0.4521739130434782,0.4736842105263157,0.3185840707964602,0.37499999999999994,0.4,0.45614035087719296,0.20386747331855193,0.1937275247971397,0.5315804195804196,0.4692252391749156
5773,0.21052631578947367,0.2222222222222222,0.1471264367816092,0.13211845102505695,0.17848970251716245,0.15873015873015872,0.0010440827545127253,0.0010256301934370867,0.11932127409698948,0.09892493205111065
5774,0.7614213197969544,0.8187134502923976,0.6871794871794872,0.7928994082840236,0.7106598984771574,0.8187134502923976,0.5745261776037127,0.5189776981501634,0.6688040594274041,0.6467834287139057
5775,0.3308270676691729,0.22764227642276424,0.045801526717557245,0.01652892561983471,0.15037593984962402,0.14634146341463414,0.00861995247617259,0.0046603611503989294,0.21357476635514022,0.13207547169811323
5776,0.4725274725274725,0.43661971830985913,0.21111111111111114,0.18571428571428572,0.25274725274725274,0.2535211267605634,0.154258320698625,0.12129871841893172,0.36193146200459714,0.23464837778155256
5777,0.5797101449275363,0.5811965811965812,0.35294117647058826,0.29565217391304344,0.42028985507246386,0.376068376068376,0.20879433944888118,0.15008540056379663,0.4743366201699535,0.37257588532883645
5778,0.391304347826087,0.45,0.07352941176470588,0.11864406779661016,0.13043478260869565,0.29999999999999993,0.009876924276936249,0.027912765747480386,0.2507473496055227,0.2944209132355469
5779,0.2545454545454546,0.15517241379310345,0.07407407407407407,0.017543859649122803,0.16363636363636364,0.10344827586206896,0.06506862264367298,0.007854101198852522,0.20712093431122455,0.11294982926188601
5780,0.3762376237623763,0.4485981308411215,0.12999999999999998,0.16981132075471697,0.21782178217821782,0.25233644859813087,0.05944378478031868,0.02607465864584367,0.1875238765456922,0.23746025930175585
5781,0.5,0.5,0.2790697674418604,0.3448275862068966,0.45454545454545453,0.5,0.1856215715236686,0.03868506756653763,0.43725490196078437,0.303568824730242
5782,0.5747126436781609,0.5657894736842106,0.3255813953488372,0.32,0.3563218390804597,0.3684210526315789,0.2963112525160358,0.2778739029325448,0.4760414528799874,0.4476825896829807
5783,0.4094488188976378,0.27184466019417475,0.11199999999999999,0.07920792079207921,0.23622047244094488,0.17475728155339804,0.10011461336860598,0.013263326098143484,0.31672337620900787,0.1971731448763251
5784,0.31666666666666665,0.41237113402061853,0.0847457627118644,0.12631578947368421,0.15,0.2268041237113402,0.022248055393764524,0.04041435213510274,0.25159332968602344,0.25116155582105404
5785,0.3620689655172413,0.3146067415730337,0.14035087719298245,0.04597701149425288,0.22413793103448273,0.15730337078651685,0.08375853894238805,0.0052658338605157794,0.2139013250124361,0.08653846153846154
5786,0.45454545454545453,0.2831858407079646,0.09210526315789473,0.10810810810810811,0.27272727272727276,0.1592920353982301,0.010627690436965417,0.0026169034614013276,0.20902866017224345,0.14959785522788205
5787,0.45714285714285713,0.5365853658536585,0.0970873786407767,0.175,0.22857142857142856,0.34146341463414637,0.028887489343668703,0.03093619799348779,0.23623178644395054,0.29720922748014383
5788,0.48,0.5233644859813084,0.24324324324324323,0.22857142857142856,0.21333333333333332,0.3177570093457944,0.09911412622562724,0.07757846462360071,0.41325695581014726,0.3917009502689147
5789,0.4554455445544554,0.6027397260273972,0.24242424242424246,0.22535211267605634,0.396039603960396,0.32876712328767127,0.029063419588350622,0.07694472679099881,0.325423926684762,0.30486638537271454
5790,0.5777777777777778,0.5166666666666667,0.37593984962406013,0.3220338983050847,0.4148148148148148,0.38333333333333336,0.22813803096382526,0.14753685361876792,0.5306845426123018,0.4100347016451784
5791,0.5040650406504065,0.46296296296296297,0.2975206611570248,0.26415094339622647,0.35772357723577236,0.37037037037037035,0.16328067467893442,0.17879536949607333,0.481758179462261,0.44078029537691826
5792,0.23404255319148934,0.3,0.08695652173913043,0.1282051282051282,0.1914893617021277,0.27499999999999997,0.012234863178833396,0.030421991288759425,0.21705443765720442,0.2256385114628566
5793,0.7263681592039801,0.7872340425531914,0.5025125628140702,0.6344086021505377,0.41791044776119407,0.6914893617021276,0.3366576795305833,0.4209820418190532,0.514946788911286,0.5655428442675917
5794,0.4603174603174603,0.3296703296703296,0.33870967741935487,0.20224719101123595,0.42857142857142855,0.3296703296703296,0.17947533237566304,0.12546407368904075,0.4987106533734638,0.19285021918085674
5795,0.5154639175257731,0.5,0.35789473684210527,0.35294117647058826,0.4742268041237114,0.46153846153846156,0.21824263850860298,0.2135487736474082,0.5201427266395926,0.5365835294117646
5796,0.2857142857142857,0.32,0.0898876404494382,0.136986301369863,0.19780219780219777,0.26666666666666666,0.027235422104152095,0.12843755207852278,0.20748851040821842,0.27295524691358025
5797,0.5471698113207548,0.48,0.25,0.21138211382113817,0.3584905660377358,0.304,0.20007918270467245,0.11947870588075608,0.35595070499989,0.30521974227954063
5798,0.3614457831325301,0.23880597014925375,0.12345679012345678,0.030769230769230767,0.21686746987951808,0.14925373134328357,0.0657494730895539,0.016237908184412748,0.29974388412964764,0.09375
5799,0.276595744680851,0.4155844155844156,0.06521739130434782,0.10666666666666667,0.19148936170212766,0.23376623376623376,0.0122835853347209,0.017350487187719442,0.21254197881684317,0.2676660787771899
5800,0.7047619047619047,0.689655172413793,0.5631067961165048,0.5647058823529411,0.6666666666666667,0.689655172413793,0.33484277947103486,0.3997876928174168,0.6682389937106918,0.5718954248366013
5801,0.53125,0.5233644859813084,0.30158730158730157,0.32380952380952377,0.45312500000000006,0.3925233644859813,0.16791732011600224,0.21299929835435769,0.542393800409218,0.3933604351114473
5802,0.5128205128205129,0.47706422018348627,0.3130434782608696,0.2803738317757009,0.3418803418803419,0.3119266055045871,0.16295279048510491,0.158530913346305,0.3599651866352271,0.38512121212121214
5803,0.4040404040404041,0.4367816091954023,0.14432989690721648,0.18823529411764706,0.20202020202020204,0.22988505747126436,0.06668493248636376,0.08007518431480677,0.3119918699186992,0.35113735896835513
5804,0.4,0.4571428571428572,0.14634146341463414,0.2647058823529412,0.272,0.37142857142857144,0.10069794783689841,0.11147403081974686,0.37799401197604793,0.31011682823763365
5805,0.23404255319148934,0.1797752808988764,0.021739130434782608,0.022988505747126436,0.1702127659574468,0.1348314606741573,0.005697859151313652,0.005266930650566725,0.12919896640826875,0.12987012987012986
5806,0.489795918367347,0.5132743362831859,0.20689655172413793,0.23423423423423423,0.3673469387755102,0.3539823008849557,0.13950455325519445,0.15479106898044054,0.3567932519590066,0.3555145988941702
5807,0.6091370558375634,0.42937853107344626,0.45128205128205123,0.18285714285714283,0.3756345177664975,0.29378531073446323,0.3036830507156268,0.10836233198141376,0.4781704781704781,0.2735803722899255
5808,0.4076433121019108,0.5039370078740157,0.18064516129032257,0.35200000000000004,0.2038216560509554,0.3779527559055118,0.10064355564694809,0.2459467779335607,0.37227260044642857,0.37097014925373134
5809,0.41584158415841577,0.5263157894736842,0.26262626262626265,0.35135135135135137,0.31683168316831684,0.4473684210526316,0.20248014690606206,0.2306695926174764,0.4293628808864266,0.3984494765888485
5810,0.40789473684210525,0.33103448275862074,0.10666666666666666,0.06993006993006994,0.23684210526315788,0.1931034482758621,0.05927755381383178,0.05507602552855475,0.25766584058992487,0.21532166425428365
5811,0.3516483516483516,0.5813953488372092,0.15730337078651685,0.35714285714285715,0.26373626373626374,0.3953488372093023,0.07590831443532543,0.18656145762648876,0.19323671497584544,0.4218520782396088
5812,0.54,0.4716981132075472,0.3061224489795918,0.23076923076923075,0.39999999999999997,0.3962264150943396,0.19343348911509914,0.11798702066681889,0.46316314348940135,0.4362383540372671
5813,0.5309734513274336,0.5098039215686275,0.2522522522522523,0.26,0.336283185840708,0.3137254901960785,0.11752602053479795,0.14373928004880662,0.36046511627906974,0.406450187762315
5814,0.5577689243027888,0.4552845528455285,0.3614457831325301,0.24590163934426226,0.3745019920318725,0.34959349593495936,0.21934073775307442,0.1467374185183008,0.3268589711375781,0.23177559161513853
5815,0.40601503759398494,0.30088495575221236,0.16793893129770993,0.14414414414414414,0.2406015037593985,0.26548672566371684,0.03879896392061343,0.034242748607340986,0.2579885392385392,0.21953537291951133
5816,0.28125,0.2689075630252101,0.06349206349206349,0.10256410256410255,0.15625,0.15126050420168066,0.009744318039663389,0.011807985614062275,0.18023377634099616,0.20741959064327484
5817,0.40384615384615385,0.3617021276595745,0.17647058823529413,0.17391304347826086,0.2692307692307692,0.276595744680851,0.12973597640520138,0.03363998387433142,0.36266095499544976,0.3040909090909091
5818,0.3829787234042554,0.4084507042253521,0.12949640287769784,0.14285714285714285,0.22695035460992907,0.23943661971830985,0.046712017592066855,0.041036693565003335,0.21728971962616828,0.2361208349539738
5819,0.8043478260869567,0.6625,0.6703296703296703,0.5189873417721519,0.7608695652173914,0.6124999999999999,0.43215748522029296,0.25909215397866425,0.6181680403513239,0.43782537347215933
5820,0.44155844155844154,0.5174825174825174,0.17105263157894735,0.25531914893617025,0.3116883116883117,0.3356643356643356,0.07439151540286335,0.1325553506815068,0.34297551789077213,0.5455374116207804
5821,0.7967479674796747,0.56,0.6776859504132232,0.3877551020408163,0.6666666666666666,0.39999999999999997,0.5593233428266156,0.20132699880334748,0.6615086587813914,0.29855537720706266
5822,0.5217391304347826,0.3945578231292517,0.2893081761006289,0.17931034482758623,0.42236024844720493,0.32653061224489793,0.17913343658973688,0.0691534451192778,0.48638227146814406,0.31294736491660285
5823,0.40211640211640215,0.431578947368421,0.0855614973262032,0.1595744680851064,0.1693121693121693,0.2210526315789474,0.02258163711075656,0.0617513170385802,0.20038271998683113,0.2526632344644868
5824,0.43835616438356156,0.46551724137931033,0.18055555555555555,0.21052631578947364,0.1917808219178082,0.2413793103448276,0.046288681873174066,0.06661639122519762,0.42433460076045626,0.3810362173038229
5825,0.5352112676056338,0.4705882352941177,0.43478260869565216,0.33333333333333337,0.5352112676056338,0.4705882352941177,0.31921232749317596,0.1975941306622024,0.5886558054594387,0.485499462943072
5826,0.3013698630136986,0.3119266055045871,0.08333333333333333,0.09345794392523364,0.1780821917808219,0.2752293577981651,0.04034809969146721,0.06187801820036991,0.24399207746478874,0.22009369125939848
5827,0.4227642276422764,0.4273504273504274,0.13223140495867766,0.1391304347826087,0.22764227642276422,0.20512820512820515,0.03257121027373562,0.07147140047248486,0.3041277217347122,0.28862454792043396
5828,0.4624277456647399,0.454054054054054,0.17543859649122806,0.17486338797814208,0.24277456647398843,0.23783783783783785,0.018935876511466217,0.06384997474198328,0.16538614910632346,0.2071805713845256
5829,0.4161849710982659,0.49664429530201337,0.152046783625731,0.20408163265306123,0.2890173410404624,0.3221476510067114,0.0981959920620957,0.1422280570933115,0.3559660452509627,0.3384883790328081
5830,0.4415584415584415,0.26548672566371684,0.16,0.10810810810810811,0.25974025974025977,0.1592920353982301,0.04790934437457399,0.05530199047327685,0.34642944718415397,0.2129718234981393
5831,0.423841059602649,0.3728813559322034,0.1610738255033557,0.13793103448275862,0.23841059602649006,0.28813559322033894,0.026094715448017055,0.028827904764360077,0.2789181907951228,0.21599464839698834
5832,0.48704663212435234,0.46948356807511743,0.30366492146596863,0.2559241706161137,0.383419689119171,0.3192488262910798,0.1752842927224407,0.1702524499172514,0.289179232028769,0.24617120177668142
5833,0.49295774647887325,0.4833333333333334,0.32857142857142857,0.3220338983050847,0.3802816901408451,0.35000000000000003,0.2677189666635798,0.19370287994140686,0.32301824473104745,0.2716333039573628
5834,0.38016528925619836,0.4999999999999999,0.11764705882352941,0.2127659574468085,0.16528925619834714,0.3333333333333333,0.012903708000947473,0.15249578900262742,0.28781431334622826,0.34764108072378747
5835,0.5045045045045045,0.4269662921348315,0.23853211009174313,0.20689655172413793,0.34234234234234234,0.2921348314606742,0.15746440941008263,0.14402184284006267,0.293218362992455,0.27151900431855364
5836,0.3878787878787879,0.44799999999999995,0.15950920245398775,0.1788617886178862,0.24242424242424243,0.27199999999999996,0.06583464674277993,0.07451544411234423,0.2161093549104338,0.22854372834864448
5837,0.35000000000000003,0.1739130434782609,0.13559322033898305,0.02222222222222222,0.2,0.13043478260869562,0.10238575244764245,0.005819235894789995,0.291764705882353,0.07246376811594203
5838,0.4657534246575342,0.4912280701754386,0.25,0.23668639053254437,0.3835616438356164,0.304093567251462,0.12448331515679022,0.09363800182859827,0.3787555703334792,0.4114649228439757
5839,0.4,0.47058823529411764,0.17204301075268816,0.1927710843373494,0.2526315789473684,0.30588235294117644,0.030371079552392488,0.03780503351127619,0.38988235294117646,0.3992771084337349
5840,0.5769230769230769,0.6753246753246753,0.29411764705882354,0.4,0.5,0.5194805194805195,0.21038081216212698,0.34337525742496616,0.4967021937580653,0.4589083175803403
5841,0.34328358208955223,0.37288135593220334,0.0909090909090909,0.10344827586206898,0.1791044776119403,0.15254237288135591,0.02223515267745393,0.025633147865692943,0.22808260346900225,0.20956190188700946
5842,0.4171779141104294,0.46249999999999997,0.14906832298136646,0.22784810126582278,0.19631901840490798,0.25000000000000006,0.06712395223506212,0.09315590683802769,0.20278254870010717,0.2578098366384537
5843,0.37583892617449666,0.4444444444444444,0.16326530612244897,0.2676056338028169,0.2550335570469799,0.375,0.08684094929719016,0.1539547605626537,0.29877494941133187,0.40603030509862803
5844,0.5210084033613446,0.509433962264151,0.27350427350427353,0.2884615384615385,0.2689075630252101,0.4528301886792453,0.12529890865518512,0.15033782115515326,0.3339317773788151,0.37650234725409637
5845,0.33928571428571425,0.23376623376623376,0.1272727272727273,0.02666666666666667,0.21428571428571427,0.18181818181818182,0.04595467899356206,0.013732725571370098,0.23491693861821283,0.13676895886889462
5846,0.4107142857142857,0.40404040404040403,0.05454545454545454,0.041237113402061855,0.21428571428571427,0.20202020202020202,0.013200517340485036,0.014409231295771478,0.262296439655473,0.24785791757049894
5847,0.4264705882352941,0.3025210084033613,0.17910447761194032,0.05128205128205128,0.22058823529411764,0.20168067226890757,0.047155401433082424,0.010425829670173165,0.30812620656370654,0.18741440488047809
5848,0.8363636363636363,0.8518518518518519,0.7962962962962964,0.8301886792452831,0.8363636363636363,0.8518518518518519,0.5877331516642191,0.6004377543887964,0.8313148552272445,0.8097312636731144
5849,0.4273504273504274,0.46296296296296297,0.2434782608695652,0.169811320754717,0.3418803418803419,0.2777777777777778,0.13623094678946912,0.040850384507442064,0.33172806883169936,0.3918871750548501
5850,0.4444444444444444,0.5333333333333333,0.2781456953642384,0.23300970873786409,0.3790849673202614,0.3619047619047619,0.18050902366497118,0.1439649035389084,0.4178962321062939,0.3353791230997213
5851,0.33333333333333326,0.2247191011235955,0.12903225806451615,0.0,0.2222222222222222,0.11235955056179775,0.04827657579843388,0.005709078935262111,0.21911843050054436,0.11022044088176353
5852,0.3232323232323232,0.29268292682926833,0.061855670103092786,0.025,0.1616161616161616,0.21951219512195125,0.010526707571166735,0.006043355220907112,0.27052881758764113,0.20667989417989424
5853,0.6282722513089005,0.5435897435897435,0.3597883597883599,0.2487046632124352,0.37696335078534027,0.2666666666666667,0.24545901259904904,0.14691822655477715,0.47451775346034253,0.3808359075707508
5854,0.42,0.3614457831325302,0.24489795918367346,0.07407407407407407,0.34,0.21686746987951808,0.07554831250779578,0.028814963358243115,0.3477059408869644,0.1729916522680434
5855,0.4235294117647059,0.30588235294117644,0.19277108433734938,0.048192771084337345,0.32941176470588235,0.16470588235294117,0.06950845486056885,0.011597748989988079,0.40888888888888886,0.17379679144385027
5856,0.3971631205673759,0.39062499999999994,0.10071942446043165,0.07936507936507936,0.2269503546099291,0.20312499999999997,0.013363430435213593,0.014844834754721155,0.30071519073498154,0.29828890855130974
5857,0.40650406504065034,0.40909090909090906,0.1983471074380165,0.23255813953488372,0.24390243902439024,0.2727272727272727,0.10061103955141157,0.0872071545721694,0.3234051423735564,0.28101781709197005
5858,0.5794392523364486,0.6415094339622642,0.3619047619047619,0.40384615384615385,0.5233644859813084,0.4716981132075472,0.19158904504071092,0.22762040631700758,0.5287993646668111,0.5525199249882794
5859,0.6129032258064516,0.5934065934065934,0.391304347826087,0.4111111111111111,0.46236559139784944,0.4725274725274725,0.24586149440097696,0.26536162530351937,0.5323141259952485,0.5004050270542343
5860,0.4423076923076923,0.47500000000000003,0.17647058823529413,0.20512820512820512,0.34615384615384615,0.39999999999999997,0.1276865939249325,0.1262276522063733,0.40358370256759823,0.37010487189698654
5861,0.5254237288135594,0.46969696969696967,0.22413793103448273,0.26153846153846155,0.3389830508474576,0.34848484848484856,0.12472544322293314,0.11809882596183162,0.387749746525914,0.3251470079557247
5862,0.5217391304347826,0.3728813559322034,0.19469026548672563,0.06896551724137931,0.31304347826086953,0.1864406779661017,0.03146076299827901,0.013282627924914574,0.1909722222222222,0.18799376373718066
5863,0.4545454545454546,0.5669291338582677,0.18461538461538463,0.224,0.24242424242424243,0.3464566929133858,0.11315907582492601,0.09054182982080389,0.29080046008349664,0.3781203979418786
5864,0.48717948717948717,0.3146067415730337,0.23684210526315788,0.13793103448275862,0.30769230769230765,0.1348314606741573,0.1471645476710016,0.02624308202742789,0.41885551364942525,0.16666666666666669
5865,0.48062015503875966,0.56,0.3464566929133859,0.30612244897959184,0.4031007751937985,0.38,0.2063743693301196,0.15312433400572512,0.5610218645518412,0.45446025104602517
5866,0.5940594059405941,0.6060606060606061,0.42424242424242425,0.4123711340206186,0.5148514851485149,0.5252525252525253,0.28122814195561346,0.2770506204534768,0.48251990308065074,0.4843304843304843
5867,0.47945205479452063,0.3529411764705882,0.2638888888888889,0.15384615384615385,0.28767123287671237,0.2857142857142857,0.1381866755311181,0.07296066112206734,0.39311684212828857,0.18815972222222221
5868,0.3597122302158274,0.3333333333333333,0.145985401459854,0.13846153846153847,0.302158273381295,0.25757575757575757,0.1009011804059786,0.10567577638449387,0.33700863557858374,0.27637915936952717
5869,0.5416666666666667,0.5416666666666667,0.3661971830985915,0.3661971830985915,0.4444444444444444,0.4444444444444444,0.2957069201231762,0.2957069201231762,0.3701143955441659,0.3701143955441659
5870,0.5669291338582677,0.5210084033613446,0.24000000000000005,0.2222222222222222,0.3464566929133859,0.3865546218487395,0.044122068275690145,0.08549161846379198,0.4122881822183099,0.40408985991975427
5871,0.74,0.32941176470588235,0.5306122448979592,0.12048192771084337,0.54,0.3058823529411765,0.40616802458168233,0.03623530465178869,0.62255859375,0.2245472837022133
5872,0.5490196078431372,0.547945205479452,0.38,0.28169014084507044,0.4705882352941177,0.4109589041095891,0.2093397714628965,0.19842310872166416,0.5560002599810487,0.42895332558901494
5873,0.6095238095238094,0.3764705882352941,0.17475728155339806,0.16867469879518074,0.32380952380952377,0.2823529411764706,0.11160412118304118,0.07320737212786975,0.4000565784200476,0.24880624426078976
5874,0.5,0.5046728971962616,0.22641509433962265,0.20952380952380953,0.24074074074074076,0.22429906542056074,0.11315907582492601,0.09628686982734434,0.4206528425278425,0.3984942886812045
5875,0.5882352941176471,0.5133689839572193,0.38613861386138615,0.3243243243243243,0.45098039215686275,0.34224598930481287,0.23189281869891562,0.1678708642166487,0.43249079695169207,0.3116850463412285
5876,0.4,0.4301075268817205,0.12244897959183672,0.15384615384615385,0.17999999999999997,0.3010752688172043,0.06713519554220777,0.014742951565746374,0.29063075506445674,0.2568177630366685
5877,0.12962962962962962,0.32098765432098764,0.018867924528301886,0.07594936708860761,0.09259259259259259,0.19753086419753085,0.0037723154915721355,0.012362883593468847,0.09722222222222222,0.20500801776242752
5878,0.4403669724770642,0.33027522935779813,0.11214953271028037,0.056074766355140186,0.3119266055045871,0.2385321100917431,0.02816808329305215,0.020241816306624583,0.3691520467836257,0.20671718979989662
5879,0.4426229508196722,0.40384615384615385,0.19999999999999998,0.09803921568627451,0.26229508196721313,0.17307692307692307,0.06999786267857579,0.011577073176537453,0.3167352024922119,0.17857439446366782
5880,0.5735294117647058,0.5760000000000001,0.28358208955223885,0.2926829268292683,0.3382352941176471,0.31999999999999995,0.15500142014781285,0.1468618531225694,0.4943428148461457,0.42188045629146775
5881,0.4824561403508772,0.4601769911504425,0.168141592920354,0.16071428571428573,0.1929824561403509,0.17699115044247787,0.07848349933470877,0.07192563515254632,0.24727850946252072,0.23951147773186385
5882,0.3247863247863248,0.3025210084033613,0.034782608695652174,0.03418803418803419,0.17094017094017094,0.13445378151260504,0.008930983713298183,0.010319413472238867,0.2487279843444227,0.2276610593699613
5883,0.35000000000000003,0.38571428571428573,0.12658227848101264,0.14492753623188406,0.17500000000000002,0.22857142857142856,0.06917245137409667,0.09301382280744895,0.2209177482866441,0.2381637365969722
5884,0.6106870229007634,0.6101694915254238,0.38759689922480617,0.46551724137931033,0.35114503816793896,0.4067796610169492,0.26538261737914803,0.2561022841531618,0.45918367346938765,0.42641138404598244
5885,0.5660377358490567,0.6915887850467289,0.38461538461538464,0.5333333333333333,0.43396226415094336,0.6168224299065421,0.25308791172102163,0.34322694070277077,0.49201075779148873,0.6088492969152617
5886,0.6011560693641619,0.5786163522012578,0.304093567251462,0.33121019108280253,0.38150289017341044,0.45283018867924524,0.13827535730161425,0.15280226129305602,0.4138654562582965,0.3370663153271849
5887,0.39378238341968913,0.5263157894736843,0.17801047120418848,0.3431952662721893,0.2072538860103627,0.4444444444444445,0.17139674233373123,0.3009181590192884,0.32310444766378965,0.4371104071698988
5888,0.37333333333333335,0.37500000000000006,0.0945945945945946,0.14285714285714285,0.24000000000000002,0.296875,0.008901731685378039,0.027264383818354727,0.25486950681251197,0.2883611301727481
5889,0.3918918918918919,0.40384615384615385,0.17808219178082194,0.17647058823529413,0.22972972972972977,0.2692307692307692,0.06643579059800025,0.07099976611811921,0.3431926152149477,0.2483818770226537
5890,0.37241379310344824,0.375,0.13986013986013987,0.14285714285714285,0.19310344827586207,0.1875,0.025907671758598757,0.06321545834059704,0.2822191780821918,0.2997461433313806
5891,0.5142857142857143,0.462962962962963,0.2463768115942029,0.24528301886792453,0.2714285714285714,0.3703703703703704,0.16207079448852937,0.09935394650087974,0.3415097425060066,0.290077032810271
5892,0.411214953271028,0.46464646464646464,0.13333333333333333,0.16494845360824742,0.3177570093457944,0.38383838383838387,0.08266217382727167,0.0985151344781064,0.2877551020408163,0.2905777842706478
5893,0.537313432835821,0.48484848484848486,0.2878787878787879,0.2268041237113402,0.3880597014925373,0.20202020202020202,0.14093555641255306,0.03651668391454687,0.5133559622195987,0.27510047996253956
5894,0.5,0.3902439024390244,0.3015873015873015,0.13223140495867766,0.40625,0.1788617886178862,0.212996844587627,0.026039236079957912,0.3982595182595182,0.2026235468817954
5895,0.23076923076923078,0.11538461538461538,0.052631578947368425,0.07999999999999999,0.1794871794871795,0.11538461538461538,0.010188015780415297,0.0346035830232492,0.23331240845365137,0.10945890128046261
5896,0.4411764705882353,0.4122137404580153,0.2537313432835821,0.23255813953488372,0.29411764705882354,0.30534351145038163,0.10855045056479741,0.13288025393356104,0.37003849727864063,0.3424502712477396
5897,0.4,0.3793103448275862,0.13533834586466165,0.14035087719298245,0.2666666666666666,0.25862068965517243,0.05277032742453446,0.034051553465356495,0.3161742879907513,0.22642732892243655
5898,0.5034965034965035,0.48275862068965514,0.2553191489361702,0.19298245614035087,0.2517482517482518,0.2758620689655173,0.10072028577187003,0.08856387214544856,0.44870760027291784,0.39473452385446955
5899,0.37288135593220334,0.2524271844660194,0.0689655172413793,0.0792079207920792,0.15254237288135591,0.1553398058252427,0.013001032473011718,0.009665089370625513,0.16510633718768952,0.10299837925445704
5900,0.5384615384615384,0.6984126984126984,0.23437500000000003,0.4193548387096774,0.47692307692307695,0.6031746031746033,0.11948951537265377,0.20393804916158978,0.34712286158631417,0.518169482767884
5901,0.4415584415584415,0.43243243243243246,0.24,0.25,0.4415584415584415,0.37837837837837834,0.1885524977715964,0.1973641868577576,0.4082859944858724,0.38376759508834984
5902,0.3428571428571428,0.3684210526315789,0.05825242718446603,0.10714285714285716,0.22857142857142862,0.2456140350877193,0.01090348473196663,0.02389319739774052,0.19181585677749363,0.33224512585603755
5903,0.4150943396226415,0.4444444444444445,0.23076923076923078,0.24742268041237114,0.32075471698113206,0.3434343434343434,0.11243688763178125,0.11136317349785235,0.3588516746411483,0.3879802348983209
5904,0.4492753623188405,0.45528455284552843,0.22058823529411767,0.24793388429752067,0.34782608695652173,0.35772357723577236,0.12851755735905168,0.15910681716616262,0.3167233762090078,0.3154896318958819
5905,0.5222929936305732,0.3597122302158273,0.25806451612903225,0.11678832116788321,0.33121019108280253,0.2158273381294964,0.07985428515040877,0.012206421209998092,0.3054611404220779,0.22038926681783827
5906,0.5443037974683544,0.5693430656934307,0.32051282051282054,0.4148148148148148,0.48101265822784817,0.4233576642335766,0.15956292029919955,0.2629192455715128,0.4404630540340718,0.4774747282090407
5907,0.5874999999999999,0.5789473684210527,0.4050632911392405,0.38666666666666666,0.45,0.4078947368421053,0.26267106327556355,0.22810385588195506,0.4225001452318315,0.371542393187082
5908,0.34108527131782945,0.24242424242424246,0.11023622047244093,0.061855670103092786,0.20155038759689922,0.18181818181818185,0.01528674069852621,0.009364489338562149,0.2534208276828352,0.14925373134328357
5909,0.32911392405063294,0.24691358024691357,0.12987012987012989,0.05063291139240506,0.20253164556962025,0.17283950617283952,0.03411645077034132,0.006409912521492096,0.1957894736842105,0.1038961038961039
5910,0.29197080291970806,0.3157894736842105,0.11851851851851851,0.19999999999999998,0.16058394160583941,0.2631578947368421,0.023390319927803927,0.09953274853556443,0.21713812556379844,0.39411545392406644
5911,0.41860465116279066,0.33644859813084116,0.2619047619047619,0.24761904761904763,0.37209302325581395,0.31775700934579443,0.17249361807626198,0.14976815891319104,0.43417637953014027,0.5192307692307693
5912,0.584,0.537037037037037,0.33064516129032256,0.44859813084112155,0.36799999999999994,0.4907407407407407,0.1489809786446792,0.13350194051464706,0.34817209007840044,0.33874537857954856
5913,0.6144578313253013,0.5960264900662252,0.4390243902439024,0.4429530201342282,0.5542168674698795,0.5562913907284769,0.24849534861299852,0.21241812900439694,0.4836736001533637,0.43397585685309686
5914,0.3565891472868218,0.3302752293577982,0.14173228346456695,0.1308411214953271,0.18604651162790697,0.23853211009174313,0.07950720352527901,0.03182136343323252,0.2928548445481238,0.22376680474726166
5915,0.3302752293577982,0.45977011494252873,0.056074766355140186,0.18823529411764706,0.23853211009174313,0.3448275862068966,0.00952741110691353,0.0268007346427302,0.12770137524557956,0.23010309278350516
5916,0.5137614678899082,0.6451612903225806,0.26168224299065423,0.4395604395604396,0.4036697247706422,0.5161290322580645,0.06846475974153583,0.23378256677656206,0.3363953815176004,0.5028403361344537
5917,0.5138888888888888,0.41441441441441446,0.29577464788732394,0.1834862385321101,0.4027777777777778,0.3243243243243243,0.25025718726582047,0.11491153831820611,0.3777117384843982,0.27529264475743354
5918,0.6666666666666666,0.6329113924050633,0.4220183486238533,0.36363636363636365,0.39639639639639634,0.3544303797468354,0.22747813091308391,0.1990351493071048,0.6206181343905528,0.4481615083482948
5919,0.5258215962441315,0.369047619047619,0.2938388625592417,0.18072289156626506,0.3943661971830986,0.2857142857142857,0.21540716959641557,0.06107736202372741,0.36364026063100136,0.16622343259219483
5920,0.4912280701754386,0.5028571428571429,0.21301775147928995,0.24277456647398843,0.3625730994152047,0.37714285714285717,0.10124056257614028,0.11684090731766526,0.32690150489426606,0.3033654442469095
5921,0.4367816091954023,0.4367816091954023,0.1411764705882353,0.1411764705882353,0.25287356321839083,0.29885057471264365,0.0288368788541204,0.03258270197909887,0.19189765458422178,0.21047759680867478
5922,0.6331658291457286,0.6176470588235294,0.36548223350253806,0.41584158415841577,0.4723618090452262,0.5294117647058824,0.2509442928626407,0.3375069684331651,0.4349657977675912,0.45283008619238063
5923,0.5193370165745858,0.5925925925925926,0.2681564245810055,0.26737967914438504,0.3314917127071823,0.31746031746031744,0.1694789691438546,0.13450315374438068,0.42239230028593816,0.440945276315688
5924,0.45901639344262296,0.5346534653465346,0.16666666666666666,0.2222222222222222,0.21311475409836064,0.297029702970297,0.06769050939818089,0.09217580285191405,0.3470385950854701,0.2982851239669422
5925,0.6542056074766355,0.8089887640449438,0.5333333333333332,0.6436781609195403,0.616822429906542,0.7415730337078651,0.3708061126730891,0.5056349927994938,0.6814003157210513,0.7674731881421419
5926,0.5087719298245614,0.4869565217391304,0.125,0.10619469026548672,0.31578947368421045,0.2434782608695652,0.024785179584448456,0.026207136651809536,0.3136212311927253,0.2385685884691849
5927,0.39548022598870064,0.39548022598870064,0.13714285714285712,0.13714285714285712,0.21468926553672316,0.24858757062146894,0.08507376910723206,0.07959517348943543,0.27137950076280143,0.2601705841825541
5928,0.5773195876288659,0.29473684210526313,0.29473684210526313,0.021505376344086023,0.4742268041237113,0.16842105263157897,0.1595487507830045,0.011877413503212092,0.4829931076290508,0.1569506726457399
5929,0.5245901639344261,0.5786163522012578,0.22099447513812154,0.33121019108280253,0.29508196721311475,0.3018867924528302,0.12741789850016189,0.19713779013201096,0.3616898148148149,0.4176235962709021
5930,0.4444444444444445,0.4883720930232558,0.20618556701030927,0.23809523809523808,0.3838383838383838,0.4186046511627907,0.11617097758786762,0.03579708045848479,0.3661542923433874,0.28974477619209976
5931,0.504201680672269,0.4761904761904762,0.2393162393162393,0.17073170731707318,0.3697478991596639,0.28571428571428575,0.08936664544775942,0.032740119411687196,0.5073063137579267,0.3311512204245769
5932,0.4444444444444444,0.4487804878048781,0.0975609756097561,0.19704433497536944,0.2028985507246377,0.34146341463414637,0.021163043194591884,0.07375404766985189,0.2231191026852123,0.2567944667035843
5933,0.2641509433962264,0.1791044776119403,0.11538461538461539,0.09230769230769231,0.1320754716981132,0.1791044776119403,0.009961473942795528,0.005020673586719164,0.21817396313364054,0.11234256926952141
5934,0.288,0.4255319148936171,0.11382113821138212,0.21739130434782608,0.24,0.3191489361702128,0.05470802390677084,0.12164112874845448,0.1338432122370937,0.2723656631097561
5935,0.42477876106194695,0.39080459770114945,0.23423423423423423,0.18823529411764706,0.3893805309734513,0.2988505747126437,0.12236677188076604,0.0880199769976469,0.4107909411859103,0.34806209415584416
5936,0.5694444444444445,0.5088757396449705,0.29577464788732394,0.2634730538922156,0.3888888888888889,0.3431952662721893,0.11141367902123776,0.08500890703846331,0.36543270435556885,0.38992333502399446
5937,0.30534351145038163,0.25490196078431376,0.046511627906976744,0.039999999999999994,0.13740458015267176,0.1372549019607843,0.004723162652880665,0.005581918739818571,0.1520572450805009,0.09451795841209829
5938,0.4833333333333334,0.2247191011235955,0.15254237288135594,0.04597701149425287,0.3666666666666667,0.15730337078651685,0.042931728778403434,0.011124792114470903,0.3644798591050162,0.12174329501915711
5939,0.3862068965517241,0.4444444444444445,0.08391608391608392,0.13533834586466165,0.16551724137931034,0.22222222222222224,0.009744868397440062,0.019913190231938015,0.25209403254972884,0.2559414990859233
5940,0.3950617283950618,0.29197080291970806,0.225,0.13333333333333333,0.2716049382716049,0.2043795620437956,0.10496146688777236,0.013227408964753558,0.19859668051853072,0.11148272017837235
5941,0.5048543689320388,0.5287356321839081,0.23762376237623764,0.2588235294117647,0.3689320388349514,0.4137931034482759,0.1785394309972645,0.08115540179332874,0.34572490706319703,0.3127343990496135
5942,0.32167832167832167,0.24742268041237114,0.1276595744680851,0.06315789473684211,0.20979020979020976,0.14432989690721648,0.020832870748477478,0.009412787039862243,0.24386025596679348,0.09157509157509158
5943,0.32432432432432434,0.3333333333333333,0.12844036697247707,0.12195121951219512,0.2702702702702703,0.3095238095238095,0.056054571499523184,0.07879356782810766,0.3002738654147105,0.2657792440284385
5944,0.4166666666666667,0.3291139240506329,0.22033898305084745,0.2077922077922078,0.2833333333333333,0.3291139240506329,0.028214114323566738,0.12192550254402314,0.34908690176322416,0.29201869287967036
5945,0.4324324324324324,0.46601941747572817,0.12844036697247707,0.11881188118811882,0.23423423423423423,0.23300970873786409,0.10183789794622011,0.07701746259069368,0.2966547443719756,0.2676080892608089
5946,0.3287671232876712,0.3088235294117647,0.125,0.08955223880597016,0.2465753424657534,0.1911764705882353,0.05938976101823613,0.011457415433120573,0.20675398986862223,0.1757469244288225
5947,0.43697478991596644,0.3157894736842105,0.17094017094017092,0.0,0.31932773109243695,0.1894736842105263,0.028806255791322094,0.005233362433869228,0.31260504201680667,0.13134851138353765
5948,0.40310077519379844,0.5490196078431373,0.17322834645669294,0.2,0.2325581395348837,0.29411764705882354,0.02968472329194301,0.04813595510881718,0.26414494596312776,0.3780487804878048
5949,0.42424242424242414,0.5168539325842697,0.23076923076923078,0.27586206896551724,0.30303030303030304,0.3595505617977528,0.13497273549916475,0.1655593193354283,0.5796291119187401,0.49950308609687205
5950,0.43795620437956206,0.4076433121019108,0.22222222222222224,0.1935483870967742,0.2773722627737226,0.2675159235668789,0.06413222258071671,0.06972211887657652,0.2873145673355677,0.28515020303771343
5951,0.5523809523809524,0.5052631578947369,0.2524271844660194,0.15053763440860216,0.4380952380952381,0.35789473684210527,0.13642040991726714,0.014694088814697002,0.38639207920792085,0.20027262241795113
5952,0.45112781954887216,0.43902439024390244,0.22900763358778628,0.23140495867768596,0.3759398496240601,0.3089430894308943,0.1164452313560707,0.1607209970062619,0.33979902664472533,0.31542383982035926
5953,0.39583333333333337,0.6756756756756757,0.23404255319148934,0.5833333333333334,0.31249999999999994,0.6486486486486487,0.14873469100691794,0.43788508224803974,0.3716281332317605,0.6134326620882318
5954,0.46875,0.4948453608247423,0.23809523809523814,0.29473684210526313,0.328125,0.41237113402061853,0.09501151810347458,0.1427305210282297,0.530825346520947,0.5067733333333334
5955,0.423841059602649,0.3697478991596639,0.22818791946308725,0.10256410256410257,0.304635761589404,0.21848739495798322,0.12090447091458949,0.03704090960063071,0.3741320591300773,0.292479853232487
5956,0.4821428571428572,0.5057471264367817,0.10909090909090909,0.1411764705882353,0.2857142857142857,0.3448275862068966,0.01401290931050905,0.021906923884477566,0.3160745341614907,0.3141431244987078
5957,0.49253731343283585,0.5739130434782608,0.22727272727272727,0.26548672566371684,0.2835820895522388,0.33043478260869563,0.03726959709284965,0.13355890848751445,0.41217165711814946,0.4776739356178609
5958,0.3636363636363636,0.3956043956043956,0.14814814814814814,0.06741573033707866,0.29090909090909095,0.24175824175824176,0.05566118178290906,0.012877338632854628,0.35535256410256416,0.2386654751266011
5959,0.6030150753768845,0.40404040404040403,0.40609137055837563,0.12244897959183672,0.46231155778894467,0.20202020202020202,0.3559045656178604,0.07391908811345992,0.5039072751129903,0.25141633752201276
5960,0.5531914893617021,0.4854368932038835,0.2608695652173913,0.198019801980198,0.44680851063829785,0.3495145631067962,0.11911201380888686,0.1062656831667078,0.30899819364739356,0.29295186578808613
5961,0.31460674157303364,0.4406779661016949,0.16091954022988506,0.24561403508771928,0.20224719101123595,0.30508474576271183,0.053902726623103636,0.09823856717802679,0.381804435483871,0.46364394571233614
5962,0.4409448818897638,0.30769230769230776,0.192,0.08988764044943819,0.28346456692913385,0.21978021978021978,0.10768190409500573,0.058073845450634674,0.3647252336448598,0.15743660607778523
5963,0.484375,0.5179856115107914,0.2222222222222222,0.2773722627737226,0.35937500000000006,0.3884892086330935,0.1350619953913746,0.14875028847906135,0.3010731319554849,0.3787927027285173
5964,0.45255474452554745,0.48214285714285715,0.16296296296296295,0.2,0.29197080291970806,0.3214285714285714,0.07161386728190523,0.09498525867740097,0.41146218494950426,0.3668639053254438
5965,0.3918918918918919,0.6464646464646464,0.1643835616438356,0.30927835051546393,0.25675675675675674,0.3232323232323232,0.0673483516636031,0.14108057940859145,0.35747450078296356,0.37125748502994016
5966,0.39669421487603307,0.40366972477064217,0.08403361344537814,0.0747663551401869,0.2975206611570248,0.29357798165137616,0.01180825293522093,0.011824181297086808,0.20965596330275238,0.19583101271697761
5967,0.4672897196261682,0.3711340206185567,0.13333333333333333,0.08421052631578947,0.3364485981308411,0.24742268041237114,0.024469726357666796,0.0066880719573044435,0.3181382518643196,0.2091454601200123
5968,0.35036496350364954,0.4461538461538461,0.11851851851851852,0.28125000000000006,0.18978102189781018,0.36923076923076925,0.02142628588132651,0.19961161510564784,0.2456959429206927,0.34994131163711856
5969,0.7500000000000001,0.6603773584905661,0.44067796610169496,0.34615384615384615,0.55,0.509433962264151,0.28825186024549526,0.20249916321221859,0.5727582868709458,0.4417282051539844
5970,0.49572649572649574,0.4150943396226415,0.20869565217391303,0.11538461538461538,0.2905982905982906,0.20754716981132074,0.16006560017771418,0.040867722338397645,0.4685052673424767,0.24086258668616206
5971,0.39252336448598135,0.4418604651162791,0.13333333333333333,0.14285714285714285,0.24299065420560748,0.3023255813953489,0.07832969535832475,0.1022529885283882,0.31283871308853467,0.31976528492283335
5972,0.6063829787234042,0.5029239766081872,0.21505376344086022,0.272189349112426,0.3191489361702127,0.3508771929824561,0.09991490356586803,0.14184761191420162,0.3749496160210446,0.33845776719428483
5973,0.893854748603352,0.903954802259887,0.8926553672316384,0.9028571428571429,0.893854748603352,0.903954802259887,0.7425018255249058,0.7671188428455704,0.8904701833320636,0.9112996883849632
5974,0.3733333333333333,0.3937007874015748,0.08108108108108109,0.047999999999999994,0.17333333333333334,0.15748031496062995,0.01858476452481759,0.022737959568627685,0.2630078931351301,0.26026357044875564
5975,0.4220183486238532,0.3389830508474576,0.14814814814814814,0.11111111111111112,0.2660550458715596,0.22033898305084743,0.06704912000002146,0.06542579737613899,0.22497970779220777,0.2036858974358974
5976,0.5833333333333334,0.6126126126126126,0.42372881355932207,0.5137614678899083,0.5166666666666667,0.5945945945945946,0.29615165360116247,0.390376582560968,0.575237453095685,0.5594752496282132
5977,0.6216216216216216,0.7747747747747747,0.5205479452054794,0.6055045871559633,0.5945945945945945,0.7567567567567568,0.37359290715222926,0.4736648808574823,0.7046561393152302,0.7217244294167371
5978,0.5765765765765766,0.41463414634146334,0.38532110091743127,0.2,0.4684684684684685,0.21951219512195125,0.12160850401786685,0.11510930649314437,0.5327450044623476,0.3203631538280647
5979,0.4779874213836478,0.45,0.33121019108280253,0.32911392405063294,0.3773584905660377,0.37499999999999994,0.26295235719299853,0.26331955688415093,0.33465608465608465,0.33425815827718325
5980,0.5170068027210885,0.5853658536585366,0.23448275862068968,0.2809917355371901,0.3945578231292517,0.4552845528455285,0.12052043781584579,0.15807447412631,0.5239831541914876,0.4863666525909392
5981,0.5254237288135594,0.6206896551724139,0.3448275862068965,0.456140350877193,0.38983050847457623,0.46551724137931033,0.22546172279985174,0.34767967169066827,0.4937695874534212,0.6070937483860972
5982,0.37037037037037035,0.3434343434343434,0.13533834586466167,0.041237113402061855,0.23703703703703705,0.20202020202020202,0.012868721787013118,0.009176281753797672,0.2843530514700232,0.13769363166953527
5983,0.6581196581196581,0.4232804232804233,0.5603448275862071,0.27807486631016043,0.5982905982905983,0.31746031746031744,0.4082718318355111,0.0829073822414149,0.48989209383474613,0.17609718907451602
5984,0.5504587155963303,0.3859649122807017,0.39252336448598135,0.2678571428571429,0.5137614678899082,0.3333333333333333,0.22806939439791116,0.1827967952767415,0.5334786426205044,0.3934959349593496
5985,0.5769230769230769,0.27083333333333337,0.27450980392156865,0.0851063829787234,0.28846153846153844,0.25,0.03364699525779844,0.012502549517250964,0.37633427354681714,0.1691568619468306
5986,0.6749999999999999,0.4799999999999999,0.3846153846153847,0.2191780821917808,0.47500000000000003,0.29333333333333333,0.16434349396840395,0.14164724587988659,0.4873940677966102,0.36372141980001166
5987,0.33587786259541985,0.366412213740458,0.07751937984496124,0.12403100775193798,0.183206106870229,0.22900763358778625,0.00894897660823219,0.018137787867611794,0.1791750324039952,0.1989440424853082
5988,0.4,0.5301204819277109,0.27184466019417475,0.345679012345679,0.26666666666666666,0.3132530120481928,0.10197918285977406,0.1547151503729631,0.38958847736625507,0.4356060606060606
5989,0.4566929133858268,0.28571428571428575,0.224,0.08695652173913045,0.3307086614173228,0.1857142857142857,0.09582126347198015,0.014294668025295741,0.42361893012002017,0.1859328680830039
5990,0.5573770491803278,0.5694444444444444,0.26519337016574585,0.30985915492957744,0.41530054644808745,0.4305555555555555,0.2158096194686461,0.18158506693725252,0.40921807909604524,0.2883047484332331
5991,0.757396449704142,0.680628272251309,0.6107784431137724,0.4867724867724868,0.6863905325443787,0.5968586387434555,0.45798434472309474,0.35584208742820894,0.5566417573922566,0.5394542189182481
5992,0.30985915492957744,0.3013698630136986,0.08571428571428572,0.09722222222222222,0.16901408450704225,0.1506849315068493,0.008808640771561335,0.00912707390468281,0.21045159293121762,0.21805820610687027
5993,0.5714285714285714,0.45652173913043476,0.36363636363636365,0.13333333333333333,0.42857142857142855,0.2826086956521739,0.20945679114526394,0.04700633069383336,0.5024361503949341,0.3350583864118896
5994,0.29596412556053814,0.2653061224489796,0.05429864253393665,0.030927835051546393,0.14349775784753363,0.1326530612244898,0.006005768147702968,0.005114504011833364,0.14455672720171842,0.10791366906474821
5995,0.3571428571428572,0.2564102564102564,0.05454545454545454,0.052631578947368425,0.21428571428571427,0.20512820512820512,0.013536518410168837,0.005194787002764247,0.22966649451460944,0.12761044176706826
5996,0.5979381443298969,0.5561497326203209,0.2916666666666667,0.24864864864864863,0.5154639175257731,0.39572192513368987,0.1669622039289468,0.1515497995042395,0.41446543198202207,0.3337682104805393
5997,0.48192771084337355,0.2195121951219512,0.34567901234567905,0.0,0.38554216867469876,0.12195121951219515,0.22271214456669622,0.005844941052207697,0.5825868959509513,0.13274336283185842
5998,0.3255813953488372,0.391304347826087,0.06299212598425197,0.10294117647058824,0.20155038759689922,0.21739130434782608,0.010213946334608759,0.020579724712998418,0.19699812382739212,0.2732767489711935
5999,0.6705882352941176,0.5945945945945946,0.46428571428571425,0.35616438356164376,0.5764705882352942,0.3918918918918919,0.37507393281400514,0.24790290800973286,0.5984305467004128,0.4660425853891916
6000,0.37569060773480667,0.37575757575757573,0.0782122905027933,0.049079754601226995,0.17679558011049723,0.2303030303030303,0.025331428160711825,0.021176871545650896,0.2247958006732105,0.19039994855967082
6001,0.4878048780487805,0.5631067961165048,0.2809917355371901,0.3366336633663366,0.34146341463414637,0.38834951456310685,0.12528896089834737,0.17153093421216253,0.43042469035857683,0.45227196606006476
6002,0.6250000000000001,0.6363636363636365,0.39999999999999997,0.3953488372093023,0.5,0.5227272727272727,0.15579751591025756,0.1385697401797239,0.4972644055671176,0.416688524590164
6003,0.5751633986928104,0.49655172413793097,0.3973509933774835,0.30769230769230765,0.41830065359477125,0.30344827586206896,0.19037254327206823,0.12326979207710632,0.3982133056256684,0.29483689017751447
6004,0.2517482517482518,0.2553191489361702,0.0425531914893617,0.04316546762589928,0.1258741258741259,0.14184397163120566,0.014189078514331538,0.014681266139764088,0.18024536017615603,0.17199640082266912
6005,0.46808510638297873,0.396039603960396,0.21739130434782608,0.1414141414141414,0.4042553191489362,0.25742574257425743,0.1107405554390839,0.06951223358700309,0.26600538535118134,0.2098742603550296
6006,0.39160839160839167,0.4601769911504425,0.1276595744680851,0.21621621621621623,0.3076923076923077,0.3185840707964602,0.011182936502122454,0.0708877219344203,0.22112635466672734,0.2934036784354414
6007,0.3418803418803419,0.4358974358974359,0.1217391304347826,0.13157894736842105,0.2393162393162393,0.3076923076923077,0.012170485648664011,0.020745683862785986,0.34534534534534533,0.31019656019656017
6008,0.485981308411215,0.6739130434782609,0.22857142857142854,0.4666666666666666,0.37383177570093457,0.6304347826086956,0.1197277807937216,0.263252418140239,0.38574263038548756,0.617794180442872
6009,0.3309352517985612,0.24193548387096778,0.058394160583941604,0.06557377049180328,0.1726618705035971,0.17741935483870966,0.010244210210929517,0.011105189309737733,0.2126507168523976,0.16156483161927807
6010,0.4148148148148148,0.5840707964601771,0.19548872180451127,0.4684684684684685,0.3111111111111111,0.5309734513274337,0.1564987133158314,0.34850787280748197,0.3292268891260064,0.43176454255171465
6011,0.25954198473282447,0.2727272727272727,0.07751937984496124,0.055555555555555546,0.13740458015267176,0.1818181818181818,0.007247767614443553,0.00805555069279285,0.24978741496598647,0.21849235358717564
6012,0.7361111111111112,0.7603305785123967,0.6478873239436619,0.7394957983193277,0.7083333333333334,0.7438016528925621,0.551500627572394,0.5628242597254305,0.6460283286118981,0.6024189403951485
6013,0.6610169491525423,0.6280991735537191,0.3620689655172414,0.3025210084033613,0.3728813559322034,0.512396694214876,0.26073923057895826,0.12086856883670971,0.4887431527055974,0.5324613066703191
6014,0.3478260869565218,0.38461538461538464,0.11111111111111112,0.15789473684210528,0.21739130434782608,0.28205128205128205,0.05860750703318995,0.07999424336301146,0.280016447368421,0.2962621657451418
6015,0.4148148148148148,0.4615384615384615,0.19548872180451127,0.2434782608695652,0.2814814814814815,0.2905982905982906,0.10519175534828827,0.17515300571729525,0.39043614428436646,0.3835794590445869
6016,0.4271844660194175,0.45871559633027525,0.17821782178217824,0.18691588785046728,0.34951456310679613,0.34862385321100914,0.10766093145765737,0.09857802458552503,0.33816326530612245,0.35823780325246596
6017,0.674698795180723,0.6099290780141844,0.36585365853658536,0.34532374100719426,0.4939759036144578,0.3404255319148936,0.13241982038386182,0.1699336771914151,0.4717996004303058,0.39833894657127483
6018,0.4646464646464647,0.4166666666666667,0.20618556701030927,0.19148936170212766,0.34343434343434337,0.31249999999999994,0.09561039442149676,0.08000981634386346,0.29353348729792145,0.35576179427687543
6019,0.7352941176470588,0.7826086956521738,0.6633663366336634,0.6829268292682926,0.7058823529411764,0.714975845410628,0.5192265801446246,0.49177533789657024,0.6023425787947063,0.58659323248708
6020,0.6093749999999999,0.5123966942148761,0.25396825396825395,0.1512605042016807,0.328125,0.29752066115702475,0.11456453378975422,0.01472945591552634,0.42188045629146775,0.265455245390776
6021,0.35374149659863946,0.3453237410071942,0.15172413793103448,0.10218978102189781,0.23129251700680276,0.2158273381294964,0.06634820202181234,0.06650996224434762,0.25439416058394165,0.2395505145977736
6022,0.1702127659574468,0.3953488372093023,0.0,0.14285714285714282,0.0851063829787234,0.20930232558139533,0.004880197685284189,0.06588602517100768,0.09210526315789473,0.27198327359617686
6023,0.4827586206896552,0.4395604395604396,0.21052631578947367,0.1348314606741573,0.3103448275862069,0.3076923076923077,0.030400531479962717,0.03658675901162631,0.39048410061699096,0.26968981908963446
6024,0.5123966942148761,0.5981308411214953,0.2689075630252101,0.38095238095238093,0.4628099173553719,0.44859813084112143,0.1542921128026213,0.20056755564199352,0.3709752150622305,0.42362366582067246
6025,0.5153374233128835,0.42105263157894735,0.22360248447204972,0.10666666666666667,0.3312883435582822,0.21052631578947367,0.13739625573826686,0.019611547335737455,0.37283486464269583,0.23538249655690496
6026,0.47328244274809156,0.5423728813559323,0.13953488372093023,0.20689655172413793,0.2748091603053435,0.3728813559322034,0.02539605809659931,0.03830986474559422,0.33071898641617686,0.3595365543573518
6027,0.5135135135135135,0.7538461538461539,0.3835616438356164,0.7343749999999999,0.5,0.7538461538461539,0.3439611184318387,0.5882925952956936,0.49508152915710274,0.6144014478344622
6028,0.3658536585365853,0.546875,0.23456790123456792,0.23809523809523808,0.25609756097560976,0.3125,0.13575451433807642,0.08560126421307217,0.2339179835358267,0.2900604686318972
6029,0.49253731343283574,0.5391304347826087,0.2272727272727273,0.19469026548672566,0.3731343283582089,0.31304347826086953,0.08160021403173294,0.01781404107321854,0.39017970983645817,0.3401447234279588
6030,0.6573426573426573,0.6231884057971014,0.524822695035461,0.4264705882352941,0.5734265734265734,0.536231884057971,0.37999398629947095,0.29157474650765297,0.6359726300124684,0.5600971430642709
6031,0.5,0.6075949367088607,0.33333333333333337,0.38961038961038963,0.391304347826087,0.4556962025316455,0.1876076628123917,0.2258043389079604,0.4758115757014031,0.5865643727627398
6032,0.3934426229508197,0.3529411764705882,0.16666666666666666,0.14457831325301204,0.21311475409836064,0.18823529411764706,0.05681739407758746,0.033290041755649556,0.37876857749469217,0.20330200276112487
6033,0.3260869565217391,0.3835616438356164,0.06666666666666667,0.056338028169014086,0.1739130434782609,0.21917808219178084,0.005294306808178315,0.00797874140552923,0.1644931316292819,0.13392857142857142
6034,0.33333333333333337,0.3116883116883117,0.03571428571428572,0.0,0.19298245614035087,0.18181818181818182,0.0045657166472774634,0.006852303218981355,0.2101769911504425,0.1686746987951807
6035,0.2616822429906542,0.2647058823529412,0.019047619047619046,0.0303030303030303,0.14953271028037382,0.1764705882352941,0.009270196054984471,0.014705219861264239,0.16709511568123395,0.11331444759206799
6036,0.5172413793103449,0.5217391304347826,0.21052631578947367,0.21238938053097342,0.25862068965517243,0.2782608695652174,0.07228800742761465,0.07322094885978601,0.2918641134705892,0.3021245269477913
6037,0.7107438016528925,0.7735849056603773,0.6722689075630253,0.7692307692307693,0.7107438016528925,0.7735849056603773,0.5367057315282283,0.46741661114888144,0.5745967741935483,0.5775431078461382
6038,0.4821428571428572,0.48837209302325585,0.23636363636363636,0.23809523809523808,0.37500000000000006,0.44186046511627913,0.08646399096505017,0.11012419619306525,0.4172145518299364,0.3510264661288569
6039,0.4597701149425288,0.4848484848484849,0.16470588235294117,0.18750000000000003,0.36781609195402304,0.393939393939394,0.03450327796711771,0.04199090113155065,0.38749999999999996,0.3477961432506887
6040,0.4915254237288136,0.37623762376237624,0.17241379310344826,0.1414141414141414,0.288135593220339,0.25742574257425743,0.06419790830450559,0.08626796449623368,0.327856008061697,0.2651464228899196
6041,0.5436893203883496,0.37168141592920345,0.33663366336633666,0.18018018018018017,0.5242718446601942,0.3185840707964601,0.20477871563518776,0.08895801889403729,0.42647417791261294,0.28618361951695287
6042,0.5,0.653061224489796,0.28,0.593103448275862,0.3026315789473685,0.6394557823129252,0.13786736593250826,0.3896055362969719,0.4606601453448302,0.7499250440917108
6043,0.5591397849462366,0.423076923076923,0.1739130434782609,0.10389610389610389,0.2688172043010753,0.19230769230769232,0.06750732379739995,0.02023278984554471,0.38204484823610624,0.20995432515264545
6044,0.5534591194968552,0.5798816568047337,0.21656050955414013,0.2155688622754491,0.40251572327044033,0.31952662721893493,0.1274876638733937,0.12177181009927848,0.37966632125015193,0.45012198874626347
6045,0.3361344537815126,0.3697478991596638,0.15384615384615383,0.15384615384615383,0.2857142857142857,0.2184873949579832,0.11136317349785235,0.0936448933856215,0.25903489186586115,0.254449107718347
6046,0.6214689265536724,0.7596153846153846,0.44571428571428573,0.6310679611650486,0.48587570621468934,0.7211538461538461,0.24172473607244765,0.48179606354972254,0.40291290277619607,0.6540540540540539
6047,0.4580152671755725,0.3770491803278689,0.20155038759689922,0.11666666666666667,0.2748091603053435,0.21311475409836064,0.06680436609471276,0.022587818628197507,0.4276944642160754,0.2608009634733825
6048,0.2625,0.4153846153846154,0.07594936708860758,0.1875,0.14999999999999997,0.35384615384615375,0.020006565384498784,0.11543074196843438,0.22831548599670512,0.3664278260869565
6049,0.5499999999999999,0.4881889763779528,0.3220338983050848,0.256,0.38333333333333336,0.3779527559055118,0.19557790190470636,0.15012231983343918,0.573017578125,0.5165570896340127
6050,0.5106382978723405,0.48214285714285726,0.31654676258992803,0.32727272727272727,0.4113475177304965,0.37500000000000006,0.22405417679833511,0.131366001595876,0.3254992553703925,0.2704291593180482
6051,0.4201680672268907,0.4230769230769231,0.06837606837606837,0.07843137254901959,0.20168067226890754,0.21153846153846154,0.012903708000947473,0.01594510639947131,0.2835409923640135,0.2607998005106494
6052,0.27368421052631575,0.30769230769230765,0.15053763440860216,0.15789473684210525,0.1473684210526316,0.17948717948717946,0.08608987765421759,0.11346446511593337,0.19728535353535356,0.22249591381017053
6053,0.34146341463414637,0.3870967741935484,0.19999999999999998,0.26666666666666666,0.2926829268292683,0.3870967741935484,0.11333496869438348,0.16766524290980256,0.3438842506281916,0.37159698590179874
6054,0.4970414201183432,0.46540880503144655,0.20359281437125748,0.12738853503184713,0.28402366863905326,0.21383647798742136,0.037813163782514626,0.029461298453685027,0.377636020066996,0.29600102095203784
6055,0.2857142857142857,0.3142857142857143,0.0,0.058823529411764705,0.1904761904761905,0.17142857142857143,0.005617843823157786,0.014496451719022625,0.16713091922005574,0.2002264896513505
6056,0.32941176470588235,0.2941176470588235,0.14457831325301204,0.12121212121212123,0.21176470588235294,0.23529411764705882,0.011824181297086808,0.013713605456973251,0.15100671140939598,0.10752688172043011
6057,0.30927835051546393,0.35294117647058826,0.10526315789473685,0.12121212121212122,0.16494845360824742,0.17647058823529413,0.044728724404969285,0.03115557772802626,0.4031330842196034,0.3713235294117647
6058,0.34234234234234234,0.375,0.03669724770642202,0.1794871794871795,0.14414414414414414,0.25,0.005235900491477762,0.03999631063055264,0.18398268398268397,0.2650226757369614
6059,0.45544554455445546,0.43373493975903615,0.101010101010101,0.14814814814814817,0.23762376237623767,0.2891566265060241,0.022083423350294323,0.07276375309803214,0.2881571308072343,0.30785414964093827
6060,0.4264705882352941,0.4411764705882353,0.29850746268656714,0.31343283582089554,0.3529411764705882,0.36764705882352944,0.1635550756478405,0.18080199409244496,0.3566922917535481,0.4055293245405237
6061,0.42528735632183906,0.47058823529411764,0.26744186046511625,0.2781456953642384,0.3103448275862069,0.35294117647058826,0.2152386293101159,0.17328281428688572,0.3451155185998137,0.37028920982089025
6062,0.4334975369458128,0.38709677419354843,0.15920398009950248,0.07608695652173914,0.23645320197044334,0.21505376344086022,0.10529257066313774,0.00988371992557475,0.24824218749999993,0.17847917088835216
6063,0.5985401459854014,0.5714285714285713,0.3703703703703704,0.33587786259541985,0.48175182481751827,0.46616541353383456,0.28484417040286164,0.21351902664706998,0.4905952200722594,0.44534675215086306
6064,0.45,0.30769230769230765,0.23728813559322032,0.13483146067415733,0.33333333333333337,0.15384615384615383,0.17493805745554783,0.015491104405017726,0.38046299179902415,0.18492486405788575
6065,0.5935483870967742,0.564885496183206,0.39215686274509803,0.29457364341085274,0.45161290322580644,0.36641221374045807,0.17022110235031632,0.07637220463250013,0.5374835814360772,0.4386966201173852
6066,0.2553191489361702,0.3384615384615385,0.10869565217391305,0.19047619047619047,0.19148936170212763,0.27692307692307694,0.020661822887602484,0.03693627242535955,0.27734733700642783,0.32112403100775194
6067,0.288135593220339,0.2820512820512821,0.05172413793103448,0.07894736842105264,0.16949152542372883,0.1794871794871795,0.008399102895882504,0.013285100813912518,0.21070544554455445,0.1714077962614833
6068,0.33802816901408456,0.35532994923857864,0.07582938388625594,0.20512820512820512,0.15023474178403756,0.27411167512690354,0.017078393771968507,0.14670192306391275,0.15356820234869015,0.22850789370246086
6069,0.5517241379310345,0.6111111111111113,0.24561403508771928,0.24528301886792453,0.39655172413793105,0.33333333333333337,0.12868813412271932,0.14606479479184306,0.4466655713164284,0.4442445013893571
6070,0.48951048951048953,0.5233644859813084,0.22695035460992904,0.22857142857142856,0.3076923076923077,0.3364485981308411,0.021539989198463092,0.044377745393321705,0.2891363636363636,0.32404070206024843
6071,0.3389830508474576,0.2888888888888889,0.1724137931034483,0.1590909090909091,0.23728813559322037,0.26666666666666666,0.11233019946820799,0.1060569495990285,0.2858922101449275,0.21890974362976548
6072,0.46875,0.5681818181818182,0.2222222222222222,0.32558139534883723,0.28125,0.4318181818181818,0.1398736555673753,0.19088046755886154,0.3814367296111452,0.38943563399183245
6073,0.6178861788617885,0.576271186440678,0.4462809917355372,0.4137931034482759,0.4878048780487805,0.5423728813559322,0.25506998868887376,0.2637056957603772,0.5150795030815897,0.4612620922606249
6074,0.5271317829457364,0.36363636363636365,0.15748031496062992,0.08403361344537816,0.2790697674418604,0.19834710743801656,0.08722778492512923,0.026695990035506934,0.37770917338709675,0.18003273322422259
6075,0.48333333333333334,0.4761904761904762,0.22033898305084748,0.0970873786407767,0.21666666666666667,0.19047619047619047,0.18109623707940833,0.014592790975746768,0.40007382798080476,0.24311760872791088
6076,0.44705882352941173,0.4132231404958677,0.14285714285714288,0.11764705882352942,0.2705882352941177,0.24793388429752067,0.05677469751672578,0.01316965009513911,0.28341770976057223,0.1970665307041986
6077,0.40476190476190477,0.5057471264367817,0.14634146341463414,0.2352941176470588,0.2619047619047619,0.3908045977011494,0.09711520392562296,0.1340962823626558,0.22335050282070149,0.34684065934065933
6078,0.5511811023622047,0.4915254237288135,0.32,0.22413793103448276,0.34645669291338577,0.3728813559322034,0.257504332375683,0.18982603897412179,0.4915568397808587,0.3381818181818182
6079,0.5567010309278351,0.5111111111111111,0.46315789473684216,0.31818181818181823,0.5567010309278351,0.4444444444444445,0.3303201790935191,0.2411214279734611,0.47720440881763526,0.4139234730460857
6080,0.5045045045045045,0.5494505494505494,0.4220183486238532,0.44943820224719094,0.48648648648648646,0.5274725274725275,0.2652806459620072,0.19173693686286478,0.3869655501089324,0.37696680844775116
6081,0.4239130434782609,0.46060606060606063,0.1208791208791209,0.15950920245398775,0.22826086956521735,0.2666666666666667,0.05083616654812737,0.06492221638521202,0.2498087256179947,0.2822786756956036
6082,0.5248868778280543,0.5981308411214953,0.36529680365296807,0.45283018867924524,0.39819004524886875,0.4859813084112149,0.24706123984735506,0.2783435720892346,0.3481645630431424,0.40631570814268203
6083,0.4563106796116505,0.4812834224598931,0.2058823529411765,0.23783783783783782,0.27184466019417475,0.3101604278074867,0.14800644564041526,0.13057308473483767,0.36334913112164297,0.33734089817483187
6084,0.33613445378151263,0.46846846846846846,0.05128205128205128,0.2385321100917431,0.2352941176470588,0.4144144144144144,0.022123478598742027,0.1482644250933429,0.14003294892915982,0.3390455131748664
6085,0.36708860759493667,0.41025641025641024,0.12820512820512822,0.12987012987012989,0.2278481012658228,0.28205128205128205,0.09244763360644005,0.07481181293801405,0.20992548168500286,0.26588027981801193
6086,0.34567901234567905,0.2702702702702703,0.10126582278481014,0.07339449541284404,0.14814814814814817,0.1801801801801802,0.016496625424967437,0.009908623197613056,0.25455421846951665,0.16927083333333334
6087,0.4,0.425,0.10752688172043011,0.15384615384615383,0.2736842105263158,0.3,0.012234863178833396,0.03167596767729106,0.2637521487732458,0.25375229456862114
6088,0.5348837209302325,0.5483870967741935,0.380952380952381,0.36666666666666664,0.5348837209302325,0.4838709677419355,0.18549234138564766,0.2339745530819144,0.5533764109171989,0.3802910052910053
6089,0.425531914893617,0.47058823529411764,0.28776978417266186,0.31343283582089554,0.3971631205673759,0.3823529411764706,0.2066601197352756,0.161692143534558,0.38478237386159675,0.3574113232155792
6090,0.5454545454545454,0.60431654676259,0.19631901840490798,0.23357664233576642,0.3757575757575758,0.43165467625899284,0.09161263288711231,0.1458472476554231,0.4036170247635905,0.44960826210826205
6091,0.32653061224489793,0.3902439024390244,0.12499999999999997,0.19999999999999998,0.18367346938775508,0.21951219512195122,0.11818220563989947,0.1245656773738079,0.16757301723084442,0.27587628865979386
6092,0.43609022556390975,0.5000000000000001,0.0916030534351145,0.2558139534883721,0.2706766917293233,0.34090909090909094,0.01993940575367317,0.03181784572797097,0.31634548944337815,0.23546201801643968
6093,0.3404255319148936,0.2597402597402597,0.08695652173913045,0.02666666666666667,0.25531914893617025,0.18181818181818182,0.03354211769667247,0.01387195318363841,0.3464294471841538,0.1599864704887536
6094,0.44776119402985076,0.40268456375838924,0.18181818181818185,0.1360544217687075,0.25373134328358204,0.24161073825503354,0.08091461596502673,0.09735117016629642,0.2683638083228247,0.2619679823469309
6095,0.475,0.48387096774193544,0.3291139240506329,0.2786885245901639,0.3625,0.3548387096774193,0.2056055401244315,0.16620315380063752,0.36464720791431604,0.4009567580067059
6096,0.32432432432432434,0.36036036036036034,0.11009174311926606,0.12844036697247707,0.21621621621621623,0.2342342342342342,0.09974743613703871,0.0322066245083264,0.19806482655025115,0.31154302991037686
6097,0.4684684684684685,0.4791666666666667,0.22018348623853212,0.23404255319148937,0.3423423423423423,0.3333333333333333,0.07764970054343008,0.09636033731210027,0.40315702479338844,0.4197951468260946
6098,0.6577181208053693,0.6461538461538462,0.46258503401360546,0.46875000000000006,0.6040268456375839,0.6153846153846154,0.2859348571282733,0.2966851691200574,0.5825768866007316,0.5707271936063487
6099,0.2385321100917431,0.36363636363636365,0.018691588785046728,0.1111111111111111,0.16513761467889906,0.3090909090909091,0.004944146150086003,0.029969171860908,0.11928429423459244,0.2848008899511518
6100,0.3720930232558139,0.4337349397590361,0.17322834645669294,0.2716049382716049,0.248062015503876,0.3614457831325301,0.07769736682989342,0.12050577770871677,0.22883124627310675,0.28303246359223294
6101,0.5413533834586466,0.6190476190476191,0.36641221374045807,0.435483870967742,0.46616541353383456,0.34920634920634924,0.2370759584776526,0.22952573122628206,0.5869958972544461,0.53254421758829
6102,0.40462427745664736,0.3421052631578947,0.19883040935672514,0.12000000000000001,0.19653179190751446,0.21052631578947364,0.09562905231895451,0.034158437555002696,0.21467533711329226,0.15091834609592775
6103,0.5730994152046783,0.475609756097561,0.24852071005917165,0.13580246913580246,0.23391812865497075,0.18292682926829268,0.12403169163760772,0.09556149781347575,0.4215993746097925,0.30295751869465665
6104,0.508108108108108,0.5,0.19672131147540983,0.20987654320987653,0.32432432432432434,0.34146341463414637,0.06581600060065025,0.06289230975543691,0.31469497638779864,0.26137654229225515
6105,0.2891566265060241,0.24444444444444444,0.1728395061728395,0.045454545454545456,0.26506024096385544,0.1111111111111111,0.14298046332504014,0.009616468079553367,0.3309857954061013,0.11363636363636363
6106,0.6074074074074075,0.4655172413793103,0.3458646616541354,0.12280701754385966,0.4888888888888889,0.25862068965517243,0.19748271437862192,0.012730984355625355,0.5154687589263323,0.24146652798789717
6107,0.4276729559748428,0.47692307692307695,0.14012738853503184,0.15625,0.27672955974842767,0.24615384615384617,0.030899480007228697,0.08177253262439159,0.28476138681557417,0.3148095909732017
6108,0.3972602739726027,0.43243243243243246,0.19444444444444445,0.19178082191780824,0.2876712328767123,0.25675675675675674,0.11251428812028542,0.033951111123242346,0.39941035562926114,0.3236126280303747
6109,0.5909090909090909,0.49541284403669733,0.3908045977011494,0.16822429906542055,0.4090909090909091,0.2568807339449541,0.2256301708307059,0.0789250090066628,0.60079422124438,0.31044885496183205
6110,0.5833333333333334,0.6923076923076923,0.37288135593220334,0.47058823529411764,0.5333333333333333,0.6346153846153846,0.2874133335914332,0.29388423373800093,0.47014700076635474,0.5436529991454064
6111,0.4153846153846154,0.4835164835164835,0.17187500000000003,0.1797752808988764,0.3384615384615385,0.4395604395604396,0.07815771826500506,0.10193162189621655,0.40832558139534886,0.38803082379003306
6112,0.4761904761904762,0.4615384615384615,0.2206896551724138,0.17391304347826086,0.35374149659863946,0.3418803418803419,0.11428738009957445,0.10909841414282642,0.446902093232452,0.3620432476217759
6113,0.47540983606557374,0.5567010309278351,0.26666666666666666,0.2736842105263158,0.2459016393442623,0.30927835051546393,0.10805568035275923,0.1366385953028587,0.3576923076923077,0.3445566778900112
6114,0.5890410958904109,0.628099173553719,0.3055555555555555,0.3529411764705882,0.4246575342465753,0.4793388429752066,0.18607850921108848,0.22263411762968752,0.515719801434087,0.4375763740502311
6115,0.456140350877193,0.4328358208955224,0.2011834319526627,0.2727272727272727,0.2807017543859649,0.3880597014925373,0.13163035649120983,0.11569185737155187,0.2727474967258623,0.2817730865931278
6116,0.36879432624113473,0.49253731343283585,0.14388489208633093,0.19696969696969696,0.2695035460992908,0.3880597014925373,0.05604087970116237,0.08469532724889521,0.3284759507546155,0.35070286924706334
6117,0.43835616438356156,0.4172661870503597,0.19444444444444442,0.1897810218978102,0.2602739726027397,0.3165467625899281,0.07826454088965197,0.09977783039687049,0.4014388489208633,0.371065693430657
6118,0.5977011494252874,0.5842696629213483,0.3529411764705882,0.3448275862068966,0.5747126436781609,0.5617977528089888,0.1078020154078737,0.10361351482823535,0.4821205664600552,0.4796225324369461
6119,0.32608695652173914,0.5306122448979592,0.17777777777777778,0.31250000000000006,0.2608695652173913,0.48979591836734687,0.10719805878705106,0.145585696996528,0.28243847874720357,0.4810169463171454
6120,0.5166666666666666,0.40449438202247195,0.13559322033898305,0.11494252873563218,0.36666666666666664,0.3370786516853933,0.03333646335466699,0.060141263851807736,0.3963176228051468,0.27347735969387754
6121,0.4756756756756757,0.5207100591715976,0.17486338797814208,0.3473053892215569,0.31351351351351353,0.4378698224852071,0.09263303785825298,0.25563366985557057,0.2831845285437052,0.3896298903385865
6122,0.4220183486238532,0.42857142857142855,0.16822429906542055,0.12195121951219512,0.2935779816513761,0.2619047619047619,0.06423955370993306,0.01606829775943241,0.2111324376199616,0.18968151461693547
6123,0.2903225806451613,0.38636363636363635,0.06557377049180328,0.13953488372093026,0.16129032258064516,0.2954545454545454,0.009715634675637531,0.028635257366649652,0.12670565302144252,0.2116689911668991
6124,0.5153374233128833,0.45283018867924524,0.28571428571428575,0.12738853503184713,0.4171779141104294,0.2515723270440252,0.13520811385527234,0.021953613428880598,0.3405809711473435,0.22142857142857142
6125,0.6197183098591549,0.6451612903225806,0.3142857142857143,0.3736263736263737,0.39436619718309857,0.3655913978494623,0.1774557681555491,0.18669231570326758,0.5350667913859606,0.37815503875968987
6126,0.6024096385542168,0.48,0.2716049382716049,0.1095890410958904,0.40963855421686746,0.26666666666666666,0.09366844558743417,0.018622033825269845,0.3084951456310679,0.23287631497524752
6127,0.49635036496350365,0.5172413793103449,0.28148148148148144,0.2982456140350877,0.3795620437956204,0.4137931034482758,0.12525363040116472,0.12569502659320056,0.4128239612016664,0.42531784505625175
6128,0.609375,0.4695652173913043,0.3015873015873016,0.2831858407079646,0.39062500000000006,0.3826086956521739,0.17798892346255527,0.1637285799829693,0.4229011397470178,0.3366671604079592
6129,0.35555555555555557,0.4421052631578947,0.04545454545454545,0.12903225806451613,0.22222222222222224,0.23157894736842105,0.010052070847919934,0.025858702762064836,0.20276539754491107,0.31097957247993263
6130,0.8247422680412371,0.8247422680412371,0.8,0.8,0.8247422680412371,0.8247422680412371,0.5864631472853561,0.5864631472853561,0.8560750788040882,0.8560750788040882
6131,0.39999999999999997,0.40909090909090906,0.1769911504424779,0.16279069767441862,0.2608695652173913,0.22727272727272727,0.03236312194455884,0.03559901288052315,0.4289901412203571,0.32371794871794873
6132,0.4166666666666667,0.4444444444444444,0.15254237288135594,0.13913043478260867,0.21666666666666667,0.20512820512820512,0.086838357498545,0.09009194222475296,0.30278535141685314,0.27793591905564924
6133,0.25688073394495414,0.3013698630136986,0.1308411214953271,0.14084507042253522,0.20183486238532108,0.21917808219178084,0.043665635504226245,0.07640102333689422,0.22548978478835421,0.21355617455896006
6134,0.375,0.23529411764705885,0.16455696202531647,0.034188034188034185,0.25,0.15126050420168066,0.1270441943629301,0.005456899823955963,0.28056239036507696,0.09765625
6135,0.38,0.5647058823529411,0.16326530612244897,0.38554216867469876,0.19999999999999998,0.5647058823529411,0.034838498034204704,0.26092243277394556,0.27533921698223246,0.371516432827215
6136,0.4594594594594595,0.43356643356643354,0.1232876712328767,0.15602836879432624,0.3108108108108108,0.3496503496503497,0.029350479858027505,0.05942693772565327,0.35222394647211747,0.361931462004597
6137,0.46478873239436613,0.4081632653061225,0.2857142857142857,0.23448275862068968,0.39436619718309857,0.34013605442176864,0.13966997739593126,0.13284263090037474,0.34865070230881245,0.2470861835590803
6138,0.33333333333333337,0.29591836734693877,0.16326530612244897,0.07216494845360825,0.23232323232323235,0.17346938775510204,0.10887136298956077,0.04268778986973827,0.2523706520228495,0.15439184210227982
6139,0.5931034482758619,0.5490196078431373,0.3076923076923077,0.3,0.3586206896551724,0.37254901960784315,0.13539084078327623,0.1823230054950918,0.46286484723641874,0.39836776652291633
6140,0.4260355029585799,0.4720496894409938,0.09580838323353294,0.10062893081761007,0.1893491124260355,0.2236024844720497,0.021774867726792466,0.021710491636293128,0.22655171005539304,0.2448107713264762
6141,0.6459627329192547,0.7236842105263158,0.4276729559748428,0.5333333333333333,0.5341614906832297,0.6710526315789473,0.2969050345378563,0.3416956091089148,0.5390537637919268,0.5815612877839194
6142,0.6486486486486486,0.45312500000000006,0.3698630136986301,0.14285714285714282,0.43243243243243246,0.3125,0.21007672821081755,0.032023364295977054,0.43825567650671754,0.25510204081632654
6143,0.5,0.45161290322580644,0.2653061224489796,0.24175824175824176,0.26,0.3655913978494624,0.09514824286618344,0.08829955694030693,0.4065656565656566,0.4236482780793161
6144,0.4242424242424242,0.41509433962264153,0.29230769230769227,0.17307692307692307,0.28787878787878785,0.32075471698113206,0.20653553194976604,0.08471009772497554,0.2919406394164407,0.18670343137254905
6145,0.5031446540880503,0.5833333333333334,0.29299363057324845,0.35211267605633806,0.26415094339622647,0.27777777777777773,0.09255343418683858,0.22033202785160855,0.38220956753775287,0.37864053666496345
6146,0.7866666666666666,0.7222222222222222,0.7297297297297296,0.6338028169014084,0.7733333333333334,0.7083333333333334,0.6262968125922077,0.5340985825614709,0.6758791533142182,0.5972527513707334
6147,0.40718562874251496,0.41666666666666663,0.14545454545454548,0.14084507042253522,0.25149700598802394,0.2638888888888889,0.05198881571495403,0.04833035237203579,0.2888813610358325,0.22063143956635078
6148,0.38461538461538464,0.40609137055837563,0.11650485436893206,0.1435897435897436,0.25,0.19289340101522842,0.06586828065543647,0.043850632818133416,0.1775139664804469,0.20568030216400715
6149,0.3053435114503817,0.5490196078431372,0.046511627906976744,0.24000000000000002,0.183206106870229,0.19607843137254904,0.009728460675427975,0.16740943127583516,0.20850821167883216,0.40166554986428016
6150,0.3050847457627119,0.16842105263157894,0.12068965517241378,0.02150537634408602,0.27118644067796605,0.10526315789473685,0.020003293663273032,0.005302455412691847,0.2152906893592678,0.08454106280193237
6151,0.42276422764227645,0.5137614678899082,0.23140495867768593,0.22429906542056072,0.3252032520325203,0.2568807339449541,0.0611920867303332,0.0713026925675884,0.378626102390593,0.3436464561831132
6152,0.3648648648648648,0.3384615384615385,0.04109589041095891,0.046875,0.16216216216216214,0.18461538461538463,0.02086194057949552,0.009288649550060217,0.19087011897191167,0.13071895424836602
6153,0.49586776859504134,0.4444444444444444,0.26890756302521013,0.28865979381443296,0.3801652892561984,0.3636363636363636,0.15644027486606454,0.16344985270196674,0.40977202952511604,0.33015205167884654
6154,0.4878048780487804,0.5,0.18181818181818182,0.2545454545454545,0.21138211382113822,0.41071428571428575,0.12851766330991743,0.16270807029835563,0.3306463326071169,0.3435631971405682
6155,0.42500000000000004,0.28368794326241137,0.12658227848101264,0.043165467625899276,0.225,0.18439716312056736,0.03270064522760931,0.007850954716491252,0.25335824203972257,0.10335917312661498
6156,0.4615384615384615,0.22857142857142856,0.2696629213483146,0.11764705882352941,0.32967032967032966,0.22857142857142856,0.04298807144691974,0.019457869547633656,0.39609162703804346,0.1829088984296889
6157,0.5088757396449705,0.5901639344262295,0.41916167664670656,0.44198895027624313,0.4733727810650888,0.4918032786885245,0.3024509723362088,0.24686234921136763,0.37612115103669164,0.4384786195036862
6158,0.4191616766467066,0.4313725490196078,0.18181818181818185,0.17218543046357615,0.26347305389221554,0.33986928104575165,0.07801247790323085,0.11952090961943629,0.33128534311477925,0.34132500656512604
6159,0.4203821656050955,0.46616541353383456,0.24516129032258066,0.2900763358778626,0.33121019108280253,0.3909774436090225,0.13375140490580628,0.16804500806702127,0.38026915345755496,0.3684612206002648
6160,0.49504950495049505,0.379746835443038,0.22222222222222224,0.15584415584415584,0.297029702970297,0.30379746835443033,0.01534101995914583,0.013555314602787177,0.39651381909547734,0.27186761229314416
6161,0.7605633802816901,0.7787610619469026,0.6714285714285715,0.7387387387387387,0.7464788732394366,0.7610619469026547,0.5480166123722374,0.45788221753138136,0.6631238913078535,0.5982207153815533
6162,0.27272727272727276,0.26,0.05555555555555555,0.06122448979591836,0.18181818181818182,0.18,0.01090348473196663,0.024823944533563676,0.18860640301318268,0.20761551373796272
6163,0.5517241379310345,0.45454545454545453,0.2807017543859649,0.14814814814814817,0.29310344827586204,0.21818181818181817,0.110094134875156,0.0675077004601003,0.4225549405897398,0.32306536438767847
6164,0.2542372881355932,0.23529411764705882,0.05172413793103448,0.02,0.13559322033898305,0.09803921568627451,0.019678671382569235,0.009990095999535837,0.2109640831758034,0.11405285493827162
6165,0.45833333333333326,0.4242424242424242,0.22535211267605634,0.18461538461538463,0.33333333333333337,0.30303030303030304,0.10523603901278324,0.1089294241627261,0.4452187379016648,0.4107142857142857
6166,0.21359223300970875,0.13953488372093026,0.0594059405940594,0.02380952380952381,0.13592233009708737,0.09302325581395349,0.01798253077782156,0.005034460682273033,0.15059241706161136,0.07352941176470588
6167,0.4745762711864407,0.5575757575757576,0.17142857142857146,0.26993865030674846,0.28248587570621464,0.41212121212121217,0.07121162851866551,0.12627544686676145,0.24745837663342704,0.3364215165124986
6168,0.628099173553719,0.6511627906976744,0.43697478991596633,0.4724409448818898,0.5123966942148761,0.5426356589147286,0.27859695725825123,0.3206723370256254,0.5909248805905342,0.6358418044808577
6169,0.508108108108108,0.46835443037974683,0.22950819672131148,0.1923076923076923,0.22702702702702704,0.2658227848101266,0.10308603251828942,0.029748459465224142,0.33755528874216034,0.23996956223204716
6170,0.5426356589147286,0.64,0.28346456692913385,0.3783783783783784,0.46511627906976744,0.4666666666666666,0.11627402860179976,0.16810472226080872,0.46338836964895747,0.6253874026033456
6171,0.36585365853658536,0.3548387096774193,0.05,0.06666666666666667,0.1951219512195122,0.2580645161290323,0.02515118408942346,0.01806282823007299,0.30659932659932665,0.20566343042071195
6172,0.4583333333333333,0.6821705426356589,0.22535211267605634,0.3937007874015748,0.3055555555555556,0.48062015503875966,0.15833322755743115,0.2034657661323573,0.35011017934749344,0.45070430706395626
6173,0.3664921465968586,0.5104166666666666,0.052910052910052914,0.14736842105263157,0.15706806282722513,0.24999999999999994,0.010151740122925667,0.08253751355471965,0.17875948237394024,0.26331814028821804
6174,0.35897435897435903,0.3417085427135678,0.15544041450777202,0.08121827411167513,0.24615384615384614,0.14070351758793967,0.08588296757628278,0.04758053520087249,0.23971263550588864,0.23144492600196134
6175,0.6547619047619049,0.2786885245901639,0.44578313253012053,0.05,0.5238095238095238,0.14754098360655735,0.29939610284727286,0.00912474915235494,0.594788773148148,0.13344968971631208
6176,0.6666666666666667,0.5857142857142856,0.3896103896103897,0.34782608695652173,0.5,0.42857142857142855,0.2732905557292436,0.20194665694990258,0.4776166456494325,0.3417823082293947
6177,0.7019867549668874,0.8666666666666666,0.5906040268456376,0.7837837837837838,0.543046357615894,0.84,0.4516709684048381,0.681093102501542,0.6183006711409396,0.8087047254503655
6178,0.4294478527607362,0.3132530120481928,0.04968944099378882,0.036585365853658534,0.2208588957055215,0.1566265060240964,0.011625078533379045,0.007309182899875846,0.24492959974687545,0.1664829831181438
6179,0.5185185185185184,0.5344827586206897,0.18045112781954883,0.19298245614035087,0.2666666666666666,0.3965517241379311,0.03763253142797838,0.09244331994820289,0.3020294151180025,0.34604086845466164
6180,0.47826086956521735,0.4740740740740741,0.2647058823529412,0.27067669172932324,0.3768115942028986,0.4148148148148148,0.12829733433730092,0.1259062326461463,0.2785681784478967,0.2792484426199306
6181,0.33663366336633666,0.23404255319148937,0.16161616161616163,0.021739130434782608,0.19801980198019803,0.1702127659574468,0.02877001236995154,0.006218980211162592,0.19722763699371884,0.1284584980237154
6182,0.37288135593220345,0.4646464646464647,0.13793103448275862,0.2268041237113402,0.23728813559322035,0.303030303030303,0.0293343421274841,0.10010468516673683,0.3858496332518338,0.3746043051598607
6183,0.5205479452054795,0.46616541353383456,0.2361111111111111,0.1984732824427481,0.3561643835616438,0.3759398496240602,0.09754982423479194,0.07962528828493691,0.3204397326855845,0.26991043330912606
6184,0.3902439024390244,0.49523809523809526,0.13223140495867766,0.15533980582524273,0.2764227642276423,0.24761904761904763,0.021891971610334866,0.03648568358116353,0.19858977587509447,0.3760831504997451
6185,0.5950413223140496,0.36363636363636365,0.2857142857142857,0.11627906976744187,0.4628099173553719,0.2954545454545454,0.08073897645767675,0.019074055493001642,0.37723309504036007,0.19457966672907698
6186,0.6382978723404256,0.746268656716418,0.5035971223021584,0.6212121212121212,0.5390070921985815,0.6268656716417911,0.4435674489342029,0.5400619420769815,0.5852117380227428,0.6581522758827724
6187,0.42105263157894735,0.39534883720930236,0.26785714285714285,0.16666666666666666,0.3157894736842105,0.3023255813953488,0.18592208893071854,0.04017578100817998,0.4723101876882676,0.2855107130133849
6188,0.6231884057971014,0.75,0.3970588235294118,0.4915254237288135,0.5362318840579711,0.6833333333333333,0.2685550911887759,0.3040682710943958,0.5946666666666667,0.6869966735073384
6189,0.3609022556390977,0.5172413793103449,0.07633587786259542,0.17543859649122806,0.18045112781954886,0.3275862068965517,0.009485004800204488,0.026959858544173477,0.1263823064770932,0.23332871304164954
6190,0.41221374045801523,0.5043478260869566,0.21705426356589147,0.3008849557522124,0.33587786259541985,0.4695652173913043,0.02822752301534681,0.10945181419039614,0.31019818663243187,0.4075030060120241
6191,0.4220183486238532,0.40384615384615385,0.1308411214953271,0.15686274509803924,0.3302752293577982,0.36538461538461536,0.030016107598030254,0.03192242062661983,0.3024390243902439,0.2710259124787734
6192,0.4333333333333333,0.34426229508196726,0.1694915254237288,0.08333333333333334,0.2833333333333333,0.16393442622950818,0.046141363116533024,0.03126952583804892,0.345990319204605,0.24636566955549344
6193,0.384,0.4324324324324324,0.0975609756097561,0.12844036697247707,0.192,0.3063063063063063,0.013527011149045306,0.025652886205305477,0.23376577113396718,0.23535796562112354
6194,0.5952380952380951,0.567741935483871,0.3975903614457831,0.40522875816993464,0.44047619047619047,0.45161290322580644,0.29714221990680195,0.2655695369347572,0.4762299516797736,0.4021853146853147
6195,0.4626865671641791,0.5094339622641509,0.2575757575757575,0.23076923076923075,0.3432835820895523,0.3962264150943396,0.07378075310267983,0.07806556014630342,0.39843373372971236,0.3717279297347764
6196,0.22222222222222224,0.3055555555555556,0.041237113402061855,0.05714285714285715,0.18181818181818182,0.19444444444444445,0.00876496357013749,0.014232564072333252,0.2131776747161362,0.21325064226075788
6197,0.3611111111111111,0.24742268041237114,0.1830985915492958,0.0,0.2638888888888889,0.1443298969072165,0.12272950629952453,0.005248485948198552,0.3230653643876784,0.08016032064128256
6198,0.5365853658536586,0.5,0.225,0.22580645161290322,0.21951219512195122,0.25,0.04003759215740338,0.04282415228464696,0.40609798906774985,0.3126061841658172
6199,0.5699481865284974,0.4482758620689655,0.27225130890052357,0.13953488372093023,0.27979274611398963,0.22988505747126436,0.17550672257533767,0.11605426537308056,0.43721798924644023,0.2636204464225733
6200,0.5599999999999999,0.5409836065573771,0.3252032520325204,0.33333333333333337,0.36800000000000005,0.4098360655737705,0.1838857729823973,0.20965419467249702,0.41067631066230315,0.36739957092020914
6201,0.38596491228070173,0.37837837837837834,0.21428571428571427,0.18348623853211007,0.3333333333333333,0.2882882882882883,0.031714451489811175,0.0829836483894567,0.38479610084505067,0.46977335773564927
6202,0.21875,0.32558139534883723,0.03174603174603175,0.12598425196850394,0.125,0.23255813953488372,0.008719780366845377,0.06005527716097882,0.1541178601618162,0.26838860544217685
6203,0.3619047619047619,0.3636363636363636,0.13592233009708737,0.15625,0.2476190476190476,0.30303030303030304,0.05280691702076565,0.09156324352188276,0.3443635608809866,0.2596598904732032
6204,0.4220183486238532,0.4380952380952381,0.22429906542056074,0.0970873786407767,0.3302752293577982,0.20952380952380953,0.08856387214544856,0.029772075064752827,0.34346938775510194,0.24915533546431703
6205,0.31764705882352945,0.4868421052631579,0.08333333333333334,0.24,0.2352941176470588,0.3815789473684211,0.02802091206930267,0.13713075085716367,0.21276580185540264,0.3273754024026382
6206,0.6242038216560509,0.620253164556962,0.38709677419354843,0.3461538461538462,0.5095541401273885,0.49367088607594933,0.12760481302055482,0.10093243754852968,0.4366763712864071,0.42511779647413195
6207,0.6055045871559632,0.6101694915254237,0.48598130841121495,0.4827586206896552,0.45871559633027525,0.45762711864406774,0.28125750236939967,0.29588654784061325,0.5287993646668111,0.6257990961424883
6208,0.6466165413533835,0.4285714285714286,0.5801526717557253,0.2916666666666667,0.6466165413533835,0.4285714285714286,0.2940945169366809,0.09296621060379334,0.7123400207540643,0.3013461629615585
6209,0.6947368421052632,0.3584905660377359,0.4731182795698925,0.09615384615384616,0.5052631578947369,0.2641509433962264,0.2773757466168988,0.046943489313745854,0.6587090713902309,0.28761960459411606
6210,0.4444444444444444,0.5161290322580645,0.1375,0.24590163934426226,0.32098765432098764,0.33870967741935487,0.06465504130515581,0.13907707368536407,0.24740368470365595,0.30112209667294415
6211,0.4285714285714286,0.4878048780487805,0.18750000000000003,0.275,0.30612244897959184,0.3902439024390244,0.08963611446683191,0.22842689227515756,0.3047961630695444,0.4257198435556044
6212,0.48543689320388356,0.411214953271028,0.31683168316831684,0.2476190476190476,0.33009708737864074,0.2990654205607476,0.1078020154078737,0.08099537262803072,0.2970059880239521,0.23035527309031584
6213,0.4466019417475729,0.4581005586592179,0.16666666666666666,0.18079096045197737,0.2621359223300971,0.27932960893854747,0.04903645870037647,0.11304468301116666,0.27534337843378437,0.24617747635298648
6214,0.616822429906542,0.6666666666666666,0.34285714285714286,0.39999999999999997,0.3925233644859813,0.39080459770114945,0.23123046296226388,0.1554074678388775,0.4588410776832208,0.48327447986256916
6215,0.40816326530612246,0.43410852713178294,0.17931034482758623,0.22047244094488191,0.23129251700680273,0.24806201550387597,0.05094268034114236,0.0934748138367647,0.3306616541353384,0.35992809221987476
6216,0.42,0.396039603960396,0.14285714285714285,0.1414141414141414,0.24,0.25742574257425743,0.03033691703566339,0.04290029468876301,0.261629279811098,0.2509175713296071
6217,0.45,0.43093922651933697,0.1313131313131313,0.1787709497206704,0.22,0.25414364640883974,0.048628397022253064,0.08766395066534836,0.2639420871559633,0.2852678717442735
6218,0.39520958083832336,0.43076923076923074,0.1090909090909091,0.109375,0.21556886227544908,0.23076923076923078,0.06387072069582532,0.045324339509834145,0.287952618925666,0.19493982093057394
6219,0.5859872611464968,0.5147058823529412,0.2451612903225806,0.2835820895522388,0.3312101910828026,0.3676470588235294,0.1074018832952662,0.1520434986964677,0.48945619671102714,0.3571137091673299
6220,0.43971631205673756,0.43870967741935485,0.24460431654676257,0.2222222222222222,0.3120567375886525,0.3612903225806452,0.12010950862160664,0.0981775441672174,0.27641950863988496,0.30571760770234985
6221,0.6108374384236454,0.6625766871165644,0.44776119402985076,0.5217391304347826,0.39408866995073893,0.441717791411043,0.37714311265470635,0.33344781884596797,0.522149886509828,0.49753489724109373
6222,0.783625730994152,0.6369426751592356,0.6153846153846154,0.4645161290322581,0.7368421052631577,0.5605095541401274,0.45931711357135013,0.30918024037236164,0.7500023362739235,0.4776370208661485
6223,0.4098360655737705,0.5714285714285715,0.18333333333333332,0.38202247191011235,0.22950819672131148,0.3516483516483517,0.0890981315687346,0.22381603118367605,0.2846809080335702,0.4435848166127292
6224,0.16494845360824745,0.20895522388059704,0.02105263157894737,0.030769230769230767,0.12371134020618557,0.11940298507462688,0.00846177132910779,0.007433199005837441,0.13537690839694658,0.06868131868131867
6225,0.5102040816326531,0.519774011299435,0.28865979381443296,0.32,0.3877551020408163,0.4180790960451978,0.23721239849137404,0.2304022937538578,0.37134988094204924,0.32672733573784796
6226,0.33333333333333337,0.26168224299065423,0.13846153846153844,0.03809523809523809,0.18181818181818182,0.13084112149532712,0.08494249983230026,0.008661396485521191,0.334168037381648,0.21529068935926773
6227,0.4383561643835616,0.416,0.125,0.13008130081300814,0.2465753424657534,0.288,0.013385469550375836,0.06419790830450559,0.3007097791798107,0.2651997515672265
6228,0.5283018867924528,0.536231884057971,0.22929936305732485,0.25,0.41509433962264153,0.42028985507246375,0.09460083086101953,0.08994176456734558,0.4306801736613603,0.4759996314722683
6229,0.30158730158730157,0.21176470588235294,0.06451612903225806,0.024096385542168676,0.23809523809523808,0.16470588235294117,0.010805568035275926,0.00501220720438573,0.19046087525673142,0.1246078431372549
6230,0.47058823529411764,0.5689655172413793,0.20512820512820515,0.38596491228070173,0.33613445378151263,0.5344827586206896,0.11071612233722755,0.230821453829366,0.32132544378698225,0.42241039426523297
6231,0.3816793893129771,0.4671532846715329,0.12403100775193798,0.17777777777777778,0.22900763358778628,0.23357664233576644,0.05828767347778088,0.06595970514543122,0.2698858371325847,0.34810730663541406
6232,0.3333333333333333,0.325,0.1864406779661017,0.17948717948717946,0.2833333333333333,0.275,0.09681501925037285,0.06872901863260132,0.2638984120018651,0.1781720430107527
6233,0.41379310344827586,0.5652173913043478,0.1647058823529412,0.28888888888888886,0.29885057471264365,0.2826086956521739,0.03344035978652222,0.16992870521766282,0.2907274590163934,0.47893787173375507
6234,0.29197080291970795,0.5454545454545455,0.1037037037037037,0.33613445378151263,0.17518248175182483,0.36363636363636365,0.0238837103212635,0.2096933421485411,0.1905222242361992,0.4287844891871737
6235,0.4948453608247423,0.4021739130434782,0.17708333333333334,0.07692307692307694,0.27835051546391754,0.18478260869565216,0.1305656735563845,0.009233539835705313,0.2978764692836549,0.19946669637200365
6236,0.3614457831325301,0.5168539325842697,0.10975609756097561,0.34090909090909094,0.22891566265060245,0.4157303370786517,0.04651103707532236,0.18561987702781338,0.2753800499791753,0.39902703505644677
6237,0.3559322033898305,0.3571428571428571,0.12068965517241378,0.12727272727272726,0.23728813559322032,0.19642857142857145,0.027609001501256683,0.030237029785880578,0.2744880861094544,0.23977076124567476
6238,0.32500000000000007,0.3195266272189349,0.11392405063291139,0.11976047904191617,0.23750000000000002,0.24852071005917162,0.06430833018968714,0.07922068642080986,0.23624623813659734,0.2409351145038168
6239,0.5714285714285715,0.6612903225806452,0.2905982905982906,0.3114754098360656,0.4873949579831932,0.5322580645161291,0.10994596586820769,0.09834867222003857,0.4742507573306668,0.5248677248677249
6240,0.47058823529411764,0.706896551724138,0.2985074626865672,0.6666666666666666,0.338235294117647,0.6896551724137931,0.20558126114415706,0.41581586380860347,0.33467980058779906,0.5598701238127891
6241,0.6216216216216217,0.5689655172413792,0.3835616438356164,0.38596491228070173,0.5405405405405405,0.5344827586206896,0.2741576399147152,0.26778236811398715,0.5579414630625429,0.43675120283917684
6242,0.6424242424242423,0.4347826086956522,0.3803680981595092,0.3008849557522124,0.496969696969697,0.417391304347826,0.29274645003149363,0.08700642172345298,0.4548923958870909,0.2491667523162083
6243,0.3214285714285714,0.3130434782608696,0.0909090909090909,0.10619469026548672,0.17857142857142858,0.1739130434782609,0.012653299443953998,0.00984626779733068,0.2314096937139613,0.14204545454545453
6244,0.5523012552301255,0.5061224489795919,0.19409282700421943,0.2469135802469136,0.24267782426778242,0.22040816326530613,0.1103128460727367,0.13690267924428667,0.2370911460647531,0.25782811337544304
6245,0.4259259259259259,0.5252525252525252,0.169811320754717,0.2268041237113402,0.3148148148148148,0.404040404040404,0.03673190387281503,0.08966592262979808,0.2476663593559646,0.427389705882353
6246,0.3448275862068965,0.25,0.21176470588235297,0.0,0.29885057471264365,0.125,0.08374423224805085,0.010864991539917157,0.4166564364457757,0.14563106796116504
6247,0.6165413533834587,0.6603773584905662,0.45801526717557245,0.5384615384615384,0.3759398496240602,0.41509433962264153,0.3270405309097767,0.3439080690995141,0.5534357966222857,0.4853194678658421
6248,0.38028169014084506,0.3846153846153846,0.1,0.09374999999999999,0.2112676056338028,0.2153846153846154,0.020540176370528008,0.024542186836157758,0.2562600222030344,0.26212857232982145
6249,0.5166666666666667,0.4915254237288135,0.13559322033898305,0.13793103448275862,0.29999999999999993,0.28813559322033894,0.03008963996552005,0.029099572686706973,0.38762626262626265,0.3693509794428721
6250,0.5454545454545454,0.3090909090909091,0.3384615384615385,0.11111111111111112,0.3333333333333333,0.2545454545454545,0.2860639543384595,0.05886523941746596,0.5033109543090787,0.19497516436859788
6251,0.5818181818181819,0.5925925925925927,0.2962962962962963,0.3207547169811321,0.4727272727272727,0.5185185185185186,0.21952055406975787,0.23525890580358455,0.4547118825871262,0.4207547169811321
6252,0.35714285714285715,0.42696629213483145,0.0975609756097561,0.09195402298850575,0.21428571428571427,0.1797752808988764,0.01584749856323526,0.011893260654533212,0.21582026126646028,0.2964216331390612
6253,0.505050505050505,0.5054945054945055,0.12371134020618557,0.15730337078651685,0.24242424242424246,0.37362637362637363,0.017454838506320014,0.035956836861930505,0.32087143854629674,0.2933868501529052
6254,0.43537414965986393,0.40740740740740744,0.15172413793103448,0.13207547169811318,0.24489795918367346,0.25925925925925924,0.10008683347358095,0.07012180841442273,0.2551655443918699,0.21690962099125366
6255,0.45685279187817257,0.48087431693989074,0.1641025641025641,0.16574585635359115,0.29441624365482233,0.3278688524590164,0.069195762104156,0.08489261778512076,0.2603022836431161,0.2880431451860023
6256,0.5603864734299516,0.41573033707865165,0.17560975609756097,0.09090909090909091,0.3381642512077294,0.21348314606741575,0.03385111701300817,0.012031261173941309,0.3007590153408302,0.20392374080500902
6257,0.36363636363636365,0.34234234234234234,0.16923076923076924,0.09174311926605505,0.22727272727272727,0.19819819819819817,0.0957971819913436,0.026715086178870077,0.38180265022085175,0.2047706422018348
6258,0.08695652173913043,0.26506024096385544,0.0,0.14814814814814814,0.057971014492753624,0.21686746987951805,0.003324612889947367,0.0227930698456707,0.029069767441860465,0.4032258064516129
6259,0.606060606060606,0.6193548387096774,0.44171779141104295,0.41830065359477125,0.4242424242424242,0.4387096774193549,0.22919483426324255,0.21647760154519413,0.45489998628871475,0.45859904828976195
6260,0.36923076923076925,0.5116279069767442,0.10937500000000001,0.1904761904761905,0.23076923076923075,0.32558139534883723,0.0037730859022099853,0.06134227411504095,0.23593403547671843,0.2855504240997314
6261,0.38674033149171266,0.3758389261744966,0.18994413407821228,0.20408163265306123,0.2099447513812155,0.21476510067114093,0.1156373182977177,0.1101821621611855,0.2396537162162162,0.19971376528753576
6262,0.5568181818181818,0.4903225806451613,0.31034482758620685,0.23529411764705882,0.40909090909090917,0.3870967741935484,0.1630362027604441,0.11165009549102081,0.4154673466842779,0.3146384479717813
6263,0.4285714285714285,0.4893617021276596,0.16666666666666666,0.3043478260869565,0.163265306122449,0.44680851063829785,0.07675828629914463,0.19299073366295066,0.38543590111328224,0.43566256912121576
6264,0.7857142857142857,0.8453608247422679,0.7090909090909091,0.8210526315789474,0.7321428571428571,0.8453608247422679,0.6280053411077136,0.57694519350342,0.6883641210740072,0.6749588863410001
6265,0.46969696969696967,0.5081967213114755,0.18461538461538463,0.18333333333333332,0.3181818181818182,0.360655737704918,0.09335300259552465,0.08278476463888751,0.45705836726779137,0.4547251878212733
6266,0.5850340136054422,0.7289719626168223,0.42758620689655175,0.5714285714285713,0.5034013605442177,0.6355140186915887,0.19747398194254787,0.31381150232540356,0.627581744366866,0.5778996389044235
6267,0.4838709677419355,0.4590163934426229,0.2786885245901639,0.24999999999999994,0.3225806451612903,0.2786885245901639,0.16848447447335557,0.11475876339458549,0.3987460103886351,0.32503044543137444
6268,0.45026178010471196,0.5485714285714285,0.08465608465608467,0.16184971098265896,0.24083769633507854,0.28571428571428575,0.010337383699730727,0.03286873145768591,0.24694652505669631,0.36544851450637955
6269,0.37254901960784315,0.6122448979591836,0.13999999999999999,0.39583333333333326,0.2156862745098039,0.3673469387755102,0.065582106026072,0.2536125180393884,0.21504623610749982,0.4468952179218566
6270,0.41791044776119407,0.3658536585365854,0.18181818181818182,0.2,0.22388059701492538,0.2682926829268293,0.07095474107869794,0.07847003910945492,0.32324792357498006,0.21969568654019872
6271,0.5981308411214953,0.5504587155963302,0.32380952380952377,0.2990654205607476,0.42990654205607476,0.4220183486238532,0.20536736369973485,0.19660405742036624,0.5204304495335029,0.4535569193989611
6272,0.4158415841584158,0.4383561643835617,0.18181818181818182,0.19718309859154928,0.297029702970297,0.35616438356164387,0.10015032515200487,0.11703297924176612,0.371516432827215,0.25044004400440045
6273,0.5543478260869564,0.5035971223021583,0.13186813186813187,0.1313868613138686,0.25,0.21582733812949642,0.08494249983230026,0.01772713299448382,0.3238709272170925,0.2613572231069899
6274,0.5174825174825176,0.4915254237288136,0.29787234042553196,0.29310344827586204,0.40559440559440557,0.35593220338983045,0.16463779770398734,0.11707533691017928,0.5451619710878971,0.41804367787881735
6275,0.6909090909090908,0.6732673267326733,0.4814814814814815,0.48484848484848475,0.6181818181818182,0.613861386138614,0.2626236759226192,0.296405316920283,0.6816909266012271,0.5480950845349426
6276,0.5813953488372093,0.4585987261146497,0.36470588235294116,0.24516129032258058,0.37209302325581395,0.24203821656050956,0.22214362021315215,0.06976235427769818,0.40520248120881674,0.24780568683924886
6277,0.47244094488188976,0.512396694214876,0.192,0.23529411764705885,0.2992125984251969,0.34710743801652894,0.1329666801606674,0.15994030191358394,0.416740381780188,0.4176512287334594
6278,0.7402597402597403,0.7721518987341772,0.6052631578947368,0.6538461538461539,0.45454545454545453,0.5063291139240507,0.47505808792301424,0.5264007147168971,0.6086953223767383,0.6459314288529009
6279,0.36363636363636365,0.360655737704918,0.20930232558139533,0.20338983050847456,0.3409090909090909,0.2950819672131147,0.06258834277284223,0.030353198426271925,0.4287844891871738,0.17762660619803478
6280,0.29166666666666663,0.4705882352941177,0.19148936170212766,0.3373493975903614,0.20833333333333331,0.4235294117647059,0.10807004237409339,0.1861820990433846,0.344895060296846,0.5260323014368793
6281,0.3484848484848485,0.3888888888888889,0.13846153846153847,0.2075471698113208,0.19696969696969696,0.2962962962962963,0.04441310290795421,0.05343733579435198,0.27780159682920785,0.2935433877994314
6282,0.28169014084507044,0.4814814814814815,0.0857142857142857,0.22641509433962265,0.11267605633802817,0.22222222222222224,0.007731747693943985,0.06810871849504987,0.1491034775897361,0.27828815261044176
6283,0.2201834862385321,0.28,0.056074766355140186,0.02040816326530612,0.2018348623853211,0.18000000000000002,0.01680038808551573,0.004903492846860617,0.23847710993459978,0.22568301514154046
6284,0.4647887323943662,0.46875,0.24285714285714285,0.31746031746031744,0.2535211267605634,0.265625,0.09350440309171135,0.11306181914501431,0.25426706488100875,0.2731236527532823
6285,0.5512820512820513,0.6142857142857143,0.2597402597402597,0.34782608695652173,0.39743589743589747,0.4714285714285715,0.14124226387663913,0.18678164117371332,0.39164687447351276,0.4484953703703703
6286,0.41891891891891897,0.3741007194244605,0.13698630136986303,0.072992700729927,0.28378378378378377,0.2302158273381295,0.07837790539679533,0.0483941549563098,0.3221893463853478,0.21229649376865015
6287,0.4509803921568628,0.48717948717948717,0.16,0.18421052631578944,0.29411764705882354,0.35897435897435903,0.03746114972097636,0.044580485656019325,0.3632603135772267,0.3189941812136326
6288,0.4380952380952381,0.5365853658536586,0.21359223300970873,0.25,0.2476190476190476,0.21951219512195125,0.0710723447313445,0.08217199674521214,0.4700686518868337,0.520040161574891
6289,0.45333333333333337,0.3846153846153847,0.2027027027027027,0.12987012987012989,0.31999999999999995,0.24358974358974358,0.14262149946032648,0.08989414048067028,0.34459795321637426,0.2705887088783195
6290,0.4444444444444445,0.3555555555555555,0.3298969072164949,0.20454545454545453,0.34343434343434337,0.3111111111111111,0.17803915239149445,0.09868981544446524,0.4629296921787041,0.34683641975308643
6291,0.417910447761194,0.4473684210526315,0.15151515151515152,0.2162162162162162,0.31343283582089554,0.2631578947368421,0.0604356252234712,0.06834029932880466,0.3573466721672167,0.2557952583650716
6292,0.2945736434108527,0.2456140350877193,0.07874015748031496,0.125,0.20155038759689925,0.21052631578947367,0.023122847989618053,0.04676733803005123,0.28797975102019735,0.14833193509808473
6293,0.3909774436090226,0.39999999999999997,0.13740458015267176,0.13592233009708737,0.2706766917293233,0.2857142857142857,0.012265264379896609,0.015858040477697247,0.300690649160224,0.2495515458478422
6294,0.34567901234567905,0.3380281690140845,0.10126582278481013,0.11594202898550723,0.17283950617283952,0.22535211267605634,0.026472284761481103,0.029772301486921386,0.20693272812914826,0.16788563829787234
6295,0.43478260869565216,0.47169811320754723,0.1323529411764706,0.23076923076923075,0.2318840579710145,0.24528301886792453,0.030342561988284014,0.05556031957013913,0.3313500330143972,0.34439648598899836
6296,0.9915966386554621,0.787878787878788,0.94017094017094,0.7628865979381443,0.7058823529411764,0.787878787878788,0.8311246007490254,0.49834892532389125,0.8927582585998121,0.6204933992340116
6297,0.6355140186915887,0.4395604395604396,0.5142857142857142,0.3146067415730337,0.5981308411214953,0.3296703296703296,0.2763225061341292,0.22521933721290086,0.7415987502879958,0.34908690176322416
6298,0.5481481481481482,0.42990654205607476,0.3609022556390977,0.1523809523809524,0.39999999999999997,0.2616822429906542,0.2521523634657757,0.014185900353396855,0.4725798017334415,0.20696951276536055
6299,0.44755244755244755,0.448,0.21276595744680848,0.3089430894308943,0.3496503496503497,0.368,0.11936489632849481,0.09172206300640126,0.23674092539833283,0.23499440323636916
6300,0.5294117647058824,0.5333333333333333,0.2835820895522388,0.3300970873786408,0.22058823529411764,0.419047619047619,0.16399153426808233,0.1573509788188517,0.3841652323580035,0.3582281899383668
6301,0.5599999999999999,0.5217391304347826,0.3877551020408163,0.3111111111111111,0.4,0.43478260869565216,0.2021491250855892,0.18347529670507132,0.5287418655097613,0.46188610273037967
6302,0.3647058823529412,0.37037037037037046,0.10714285714285714,0.125,0.1764705882352941,0.24691358024691357,0.022824559940860602,0.03606005444386198,0.24273970115333024,0.28445830162403385
6303,0.4559585492227979,0.4086021505376344,0.24083769633507854,0.15217391304347827,0.2797927461139897,0.25806451612903225,0.12658451054368514,0.07042493865400401,0.31069105510792855,0.2308181551916737
6304,0.1904761904761905,0.2077922077922078,0.07317073170731707,0.08,0.14285714285714282,0.15584415584415584,0.022797230914240133,0.023216632803376113,0.11391730088710068,0.11584343882480527
6305,0.5486725663716815,0.5486725663716815,0.39639639639639634,0.39639639639639634,0.49557522123893816,0.49557522123893816,0.2892242230104613,0.2892242230104613,0.4924100828450193,0.4924100828450193
6306,0.4715447154471545,0.2156862745098039,0.1818181818181818,0.04,0.34146341463414637,0.09803921568627451,0.09415373483356212,0.009593375502025984,0.420146040067403,0.130814639905549
6307,0.07594936708860758,0.07547169811320754,0.025974025974025976,0.0,0.07594936708860758,0.07547169811320754,0.0035548168188028837,0.0063161840849674045,0.062240663900414946,0.06976744186046512
6308,0.6341463414634146,0.8285714285714286,0.4,0.6176470588235294,0.5121951219512195,0.7714285714285714,0.16691217951385134,0.32023164572554347,0.5590801978403295,0.6780509915014166
6309,0.4592592592592593,0.4112149532710281,0.13533834586466165,0.15238095238095242,0.2222222222222222,0.24299065420560745,0.06062484251465536,0.07043225514354276,0.3725985582920684,0.26600538535118134
6310,0.34782608695652173,0.40540540540540543,0.13333333333333333,0.16666666666666669,0.21739130434782608,0.24324324324324326,0.09551783380719235,0.08151807552945035,0.25774638926003696,0.26633793556870483
6311,0.5,0.5176470588235295,0.1818181818181818,0.24096385542168675,0.23214285714285712,0.47058823529411764,0.058318823027022584,0.09337848772549841,0.4591859273395534,0.45273224043715843
6312,0.6270270270270271,0.5955056179775281,0.39344262295081966,0.3636363636363636,0.4648648648648649,0.41573033707865165,0.26241708449877343,0.2452675868551937,0.5540923350657864,0.49170954983590603
6313,0.6601941747572816,0.7010309278350514,0.4950495049504951,0.5052631578947367,0.5436893203883495,0.5567010309278351,0.23379836835543252,0.2539331107877849,0.6456032048741827,0.5971368825524389
6314,0.6947368421052632,0.5747126436781609,0.4731182795698925,0.35294117647058826,0.6105263157894736,0.5057471264367817,0.3595184416715528,0.2933221202944399,0.612186846529173,0.46594080759750617
6315,0.5217391304347826,0.5892857142857143,0.2831858407079646,0.34545454545454546,0.46956521739130436,0.5178571428571429,0.10164600053521845,0.152168781987257,0.3086175438596491,0.42898608206533484
6316,0.8758169934640523,0.7832167832167831,0.8211920529801323,0.6950354609929078,0.8627450980392157,0.7552447552447551,0.555311368678683,0.4259199924800272,0.7012610887127494,0.5874068931650676
6317,0.5081967213114753,0.36000000000000004,0.23333333333333334,0.14285714285714285,0.40983606557377045,0.30000000000000004,0.10778452217964543,0.03328541144830549,0.46323636669038903,0.25969749273255816
6318,0.5454545454545454,0.4964539007092198,0.21839080459770113,0.17266187050359713,0.28409090909090906,0.28368794326241137,0.08111515803410616,0.0374441267373486,0.43286417488629775,0.2953740781763275
6319,0.4,0.2790697674418605,0.10204081632653061,0.09523809523809525,0.26,0.23255813953488375,0.015511764393209242,0.013406836421863078,0.24691358024691357,0.11616402838427947
6320,0.513888888888889,0.3816793893129771,0.2676056338028169,0.21705426356589147,0.36111111111111105,0.2595419847328244,0.18939513438062272,0.08589461985169256,0.27003021998851856,0.22022684310018903
6321,0.594059405940594,0.6666666666666666,0.5050505050505051,0.6136363636363636,0.594059405940594,0.6222222222222222,0.4221700040529002,0.4217267329834956,0.5627946127946128,0.5367461312010183
6322,0.43410852713178294,0.3711340206185567,0.15748031496062992,0.14736842105263157,0.20155038759689922,0.18556701030927836,0.09353681933128219,0.04075773226697368,0.239113499136282,0.14063542215200983
6323,0.6808510638297873,0.6979865771812082,0.4460431654676259,0.5306122448979591,0.5390070921985815,0.5100671140939598,0.29547117212104373,0.4547820860063355,0.5208535471946606,0.5469445444634481
6324,0.3624161073825503,0.5087719298245614,0.14965986394557823,0.28571428571428575,0.2953020134228188,0.456140350877193,0.056242832089532825,0.09917960624548827,0.3197967369897842,0.36479192339289374
6325,0.3443708609271523,0.47328244274809156,0.1208053691275168,0.24806201550387597,0.21192052980132453,0.27480916030534347,0.012539318898017814,0.14252217019332514,0.25496705271565495,0.31548843375608043
6326,0.39090909090909093,0.30674846625766866,0.2201834862385321,0.1863354037267081,0.2727272727272727,0.23312883435582826,0.16956180960974604,0.04031795004156613,0.2474692095496312,0.18549858895419347
6327,0.27972027972027974,0.3008849557522124,0.11347517730496455,0.10810810810810811,0.1818181818181818,0.1592920353982301,0.04780328708925293,0.02722400968725612,0.23009982752312755,0.2450519031141869
6328,0.5931034482758619,0.46153846153846156,0.3496503496503497,0.12173913043478263,0.5103448275862069,0.23931623931623933,0.27458196265046614,0.026257681511557347,0.43527327542948524,0.28440366972477066
6329,0.33532934131736525,0.38709677419354843,0.06060606060606061,0.10457516339869281,0.20359281437125748,0.23225806451612901,0.017826611952553386,0.023082921464549894,0.15814952714815542,0.21782083482836984
6330,0.5540540540540541,0.4305555555555555,0.36986301369863017,0.2535211267605634,0.5135135135135135,0.36111111111111105,0.17465663972341952,0.16245705090223705,0.5401384083044982,0.4292746113989637
6331,0.49122807017543857,0.5000000000000001,0.23214285714285712,0.27906976744186046,0.38596491228070173,0.4318181818181818,0.17603478190197683,0.1672856523423661,0.43751181027966735,0.34569251053156247
6332,0.3962264150943396,0.37500000000000006,0.25,0.21276595744680854,0.32075471698113206,0.2708333333333333,0.19324288418615906,0.2146756008541077,0.3314700239410376,0.32886095614716476
6333,0.5988700564971751,0.4739884393063584,0.28571428571428564,0.2105263157894737,0.37288135593220334,0.33526011560693636,0.09052088318439462,0.08585540435561599,0.4104973522252187,0.27034750800182905
6334,0.40601503759398494,0.25,0.10687022900763359,0.0425531914893617,0.2255639097744361,0.125,0.023484616102368076,0.010273889373538087,0.24034111473036557,0.10380622837370242
6335,0.5072463768115942,0.4848484848484848,0.20588235294117646,0.19999999999999998,0.17391304347826086,0.19696969696969696,0.1391593837722514,0.12656665377079704,0.4010246450957914,0.3167517006802721
6336,0.4678362573099415,0.5038167938931298,0.23668639053254437,0.31007751937984496,0.2573099415204678,0.3969465648854962,0.15588111633713053,0.1273353876537835,0.30634260977718264,0.31213770520819506
6337,0.41134751773049644,0.39062500000000006,0.11510791366906474,0.0634920634920635,0.2553191489361702,0.1875,0.01270742989463411,0.022798513925168698,0.2773980365626526,0.28663652173913046
6338,0.6422018348623854,0.6091370558375634,0.537037037037037,0.4923076923076923,0.4587155963302752,0.5685279187817258,0.42411758328820026,0.33900447384556964,0.5322513094314557,0.4716095203159054
6339,0.3759398496240602,0.39999999999999997,0.13740458015267176,0.1592920353982301,0.2255639097744361,0.2782608695652174,0.023121356455630446,0.01596345418808635,0.22815565459347292,0.1906184585188516
6340,0.5,0.3518518518518518,0.19402985074626866,0.09433962264150944,0.22058823529411767,0.2037037037037037,0.08368860203763771,0.07135716548794113,0.41332056288219265,0.2723476190977744
6341,0.4356435643564357,0.4022346368715084,0.18000000000000002,0.14689265536723162,0.29702970297029707,0.1787709497206704,0.12424633326698585,0.018986084884399197,0.3002475628912119,0.2141661299546636
6342,0.5,0.4318181818181818,0.3090909090909091,0.23255813953488372,0.3571428571428571,0.3181818181818182,0.165251323503471,0.1171840019034402,0.41916814235736183,0.30431274149467535
6343,0.5818181818181818,0.626865671641791,0.28220858895705525,0.2727272727272727,0.3636363636363636,0.3582089552238806,0.11385134834289475,0.11033539024588332,0.5009254766654087,0.42202068272414034
6344,0.3661971830985915,0.3875968992248062,0.1142857142857143,0.1732283464566929,0.19718309859154928,0.21705426356589147,0.03363180396149363,0.10308206405717904,0.2586532510557739,0.2809375
6345,0.46078431372549017,0.5,0.2277227722772277,0.2524271844660194,0.24509803921568626,0.2980769230769231,0.14376115207356685,0.1800220968487442,0.30726063403656795,0.3305785123966942
6346,0.40707964601769914,0.44339622641509435,0.125,0.11428571428571428,0.22123893805309736,0.2735849056603774,0.05268603555111854,0.03381355250467576,0.21004995209836722,0.2206710905220984
6347,0.26000000000000006,0.4155844155844156,0.061224489795918366,0.10666666666666665,0.21999999999999997,0.31168831168831174,0.01752576855708988,0.02619861362665576,0.25242702444330894,0.2818080357142857
6348,0.5194805194805195,0.6666666666666667,0.18666666666666665,0.3125,0.23376623376623376,0.5454545454545455,0.022430439944970973,0.15082713742973322,0.41981516957570597,0.48843082939547006
6349,0.3157894736842105,0.45652173913043476,0.125,0.15555555555555556,0.2280701754385965,0.28260869565217395,0.05687296077209306,0.09638393128778941,0.2846809080335702,0.25429530786673643
6350,0.3157894736842105,0.3777777777777778,0.02150537634408602,0.13636363636363635,0.18947368421052632,0.15555555555555556,0.010569223575148797,0.07401568312803569,0.21872781872781877,0.34851693091635244
6351,0.41481481481481486,0.5192307692307693,0.2406015037593985,0.2941176470588235,0.2814814814814815,0.3653846153846154,0.1299208363205361,0.16172367116518005,0.3490661896243291,0.382133762439657
6352,0.5609756097560976,0.46153846153846156,0.425,0.31578947368421056,0.4146341463414634,0.3333333333333333,0.19951806878708445,0.20580697296080874,0.5189056231911047,0.470999931383985
6353,0.3826086956521739,0.34146341463414637,0.07079646017699115,0.1,0.17391304347826086,0.17073170731707318,0.012027166877438742,0.013285100813912518,0.20120724346076463,0.12531129126265036
6354,0.48437500000000006,0.4462809917355372,0.1904761904761905,0.23529411764705885,0.359375,0.4132231404958678,0.04045816006401863,0.0996559792378351,0.39546013878802555,0.39912860018680135
6355,0.5346534653465348,0.4946236559139785,0.3636363636363636,0.37362637362637363,0.43564356435643564,0.45161290322580644,0.2778905781746279,0.2358248391156403,0.4059187706053545,0.3516276548426554
6356,0.3773584905660377,0.352112676056338,0.05095541401273885,0.08571428571428572,0.18867924528301885,0.18309859154929575,0.02197565743149845,0.023324762398620837,0.2265196494204128,0.20755445383615082
6357,0.4262295081967213,0.4799999999999999,0.15,0.1917808219178082,0.26229508196721313,0.37333333333333335,0.07095474107869794,0.1344272552228855,0.4188558767435773,0.3547190656565657
6358,0.5230769230769231,0.6701570680628273,0.25906735751295334,0.3492063492063492,0.3692307692307692,0.47120418848167545,0.18416297881522053,0.22681395805748694,0.34168793015681515,0.4024963767218679
6359,0.35036496350364965,0.5379310344827586,0.08888888888888889,0.2517482517482518,0.2043795620437956,0.3448275862068966,0.02076096350481966,0.1228383652851094,0.2145779660457128,0.3308881415079487
6360,0.4230769230769231,0.5517241379310346,0.1568627450980392,0.3764705882352941,0.2692307692307693,0.5057471264367815,0.08418140061598073,0.15419618238966504,0.28074548907882246,0.4884944788274542
6361,0.4545454545454546,0.6666666666666666,0.23255813953488372,0.5753424657534247,0.2954545454545454,0.6666666666666666,0.13775870873742263,0.4620295702946896,0.36451615176954033,0.6021540145259178
6362,0.3270440251572327,0.2647058823529411,0.089171974522293,0.029850746268656716,0.18867924528301885,0.14705882352941174,0.016888070936232128,0.018886731065394406,0.2512602394454946,0.16583803349151913
6363,0.7843137254901961,0.8658536585365854,0.7682119205298014,0.8395061728395061,0.7843137254901961,0.8658536585365854,0.5019830255541871,0.6415762988241597,0.611245736208097,0.7443895429621045
6364,0.3835616438356164,0.3790849673202614,0.16666666666666669,0.11920529801324502,0.2602739726027397,0.2091503267973856,0.024957053564805154,0.012964982478366032,0.34343157347804754,0.244672046348024
6365,0.3304347826086957,0.627906976744186,0.14159292035398233,0.30952380952380953,0.2608695652173913,0.5116279069767441,0.06086275868917421,0.12579787892324615,0.41126452865750923,0.569483132157227
6366,0.6067415730337078,0.5977011494252873,0.4367816091954023,0.42352941176470593,0.47191011235955055,0.4367816091954023,0.2802474552048564,0.27155862083605126,0.587248322147651,0.49888143176733785
6367,0.5273631840796019,0.35294117647058826,0.17085427135678394,0.10596026490066227,0.31840796019900497,0.23529411764705885,0.11105747837844436,0.038562606831876796,0.32165363545727754,0.16321159320666187
6368,0.6,0.606060606060606,0.46938775510204084,0.49484536082474223,0.54,0.5454545454545454,0.33138758738631074,0.361087254040069,0.4234823566431159,0.43430291119632164
6369,0.2921348314606741,0.36170212765957444,0.1379310344827586,0.17391304347826086,0.15730337078651688,0.2553191489361702,0.027365491531617377,0.09172809483526449,0.1710407560125294,0.25513182674199625
6370,0.5217391304347826,0.5869565217391304,0.33333333333333326,0.2666666666666666,0.43478260869565216,0.43478260869565216,0.1381042742846459,0.12037569546214977,0.3533115671641791,0.3904249094762873
6371,0.40697674418604646,0.41340782122905023,0.11764705882352942,0.12429378531073447,0.18604651162790697,0.1787709497206704,0.06868067816195174,0.054295727149483594,0.22947571155301663,0.23353344663577338
6372,0.5384615384615384,0.3963963963963964,0.328125,0.2568807339449541,0.4153846153846154,0.34234234234234234,0.18061313423737146,0.08506738538427973,0.3020988495880566,0.2289900924958396
6373,0.23214285714285715,0.23529411764705882,0.03636363636363636,0.07228915662650601,0.125,0.16470588235294117,0.019256112630012104,0.01754166837509809,0.08007117437722422,0.08411214953271029
6374,0.5811965811965812,0.6170212765957447,0.4521739130434782,0.5217391304347826,0.5641025641025641,0.6170212765957447,0.24565248403461573,0.34974636312344626,0.6796075311588439,0.6518892630003742
6375,0.3225806451612903,0.47540983606557374,0.0261437908496732,0.15,0.1806451612903226,0.31147540983606553,0.004298183011125238,0.058698724581186724,0.1589595375722543,0.2591576165391831
6376,0.43200000000000005,0.4838709677419355,0.21138211382113822,0.24590163934426226,0.336,0.3709677419354839,0.126712778712759,0.15807972418103014,0.3089981936473935,0.3824659506890611
6377,0.425531914893617,0.4067796610169491,0.1726618705035971,0.12068965517241378,0.24113475177304966,0.25423728813559326,0.0674766861571751,0.05757177103786432,0.34486477517836406,0.1864406779661017
6378,0.45751633986928103,0.3697478991596639,0.1456953642384106,0.034188034188034185,0.22222222222222224,0.15126050420168066,0.07743930841570729,0.010261760898309416,0.35843933986150517,0.19579293290817984
6379,0.45255474452554745,0.5252525252525253,0.14814814814814814,0.18556701030927833,0.21897810218978103,0.2828282828282829,0.02587393082552437,0.015975217287979203,0.25150576606260294,0.2706965827266579
6380,0.5100671140939598,0.4492753623188406,0.31292517006802717,0.2058823529411765,0.4697986577181208,0.3768115942028985,0.11323337458241278,0.07074175421986278,0.4452649946555105,0.3701292438271605
6381,0.2545454545454545,0.32478632478632474,0.05555555555555555,0.06956521739130435,0.14545454545454548,0.22222222222222224,0.01365914929695545,0.02328139458321882,0.15461156838425977,0.25243624772313294
6382,0.5294117647058824,0.5652173913043479,0.2857142857142857,0.47058823529411764,0.43529411764705883,0.536231884057971,0.16309697867049983,0.20441856099881114,0.37176669484361796,0.3682766340108997
6383,0.5945945945945945,0.588235294117647,0.410958904109589,0.3880597014925373,0.5,0.5,0.37019517207018765,0.2702242671379078,0.5296744134450053,0.4342034827532935
6384,0.5,0.45,0.20408163265306123,0.23076923076923078,0.32,0.325,0.09135026220983568,0.09338767172037926,0.38142620232172464,0.3246363446547884
6385,0.43410852713178294,0.46601941747572817,0.15748031496062992,0.1782178217821782,0.23255813953488372,0.21359223300970875,0.056900547746537085,0.0655556926587826,0.3422252967789908,0.25196881939516036
6386,0.4482758620689655,0.503225806451613,0.23255813953488372,0.261437908496732,0.3563218390804598,0.4,0.09192987234776713,0.09119155883340171,0.2845939420113464,0.29975230843731787
6387,0.4444444444444444,0.15584415584415584,0.19130434782608696,0.02666666666666667,0.2564102564102564,0.1038961038961039,0.09764699418470968,0.002054162921767297,0.2798093971631206,0.03824091778202676
6388,0.49572649572649574,0.6788990825688074,0.2608695652173913,0.42990654205607476,0.3076923076923077,0.3486238532110092,0.2174635966945339,0.2817310663104025,0.38357997227326945,0.479774401773489
6389,0.32786885245901637,0.26490066225165565,0.11666666666666667,0.08053691275167785,0.19672131147540986,0.1456953642384106,0.028413960345557526,0.015518400861927148,0.299605926513,0.17431192660550457
6390,0.3636363636363637,0.37735849056603776,0.18518518518518515,0.1923076923076923,0.23636363636363636,0.24528301886792453,0.021859202100251704,0.024444458988757196,0.2726781857451404,0.21080959856470063
6391,0.4466019417475728,0.5301204819277109,0.2772277227722772,0.37037037037037035,0.3300970873786408,0.40963855421686746,0.2325045082159854,0.2189419160675175,0.3714280470570962,0.3613916947250281
6392,0.45360824742268047,0.4358974358974359,0.29473684210526313,0.23684210526315788,0.39175257731958757,0.358974358974359,0.2020375647039284,0.15158898694031206,0.4324549134295463,0.3563856204156479
6393,0.46296296296296297,0.31775700934579443,0.15094339622641512,0.05714285714285714,0.2777777777777778,0.205607476635514,0.03712045520336763,0.005943511191482252,0.28903597283618426,0.1262135922330097
6394,0.36000000000000004,0.34375,0.0945945945945946,0.11111111111111112,0.1466666666666667,0.18750000000000003,0.01106391053574782,0.07993383304121919,0.29344252124821646,0.31868633165301413
6395,0.6363636363636364,0.7478260869565218,0.4,0.5132743362831858,0.5454545454545453,0.6956521739130435,0.23602923994357272,0.2961135259137305,0.6094674847350217,0.6329337023609277
6396,0.3829787234042554,0.40506329113924044,0.15217391304347827,0.12987012987012989,0.276595744680851,0.27848101265822783,0.09172809483526449,0.10034636586453269,0.28956422018348627,0.27066145607179043
6397,0.581081081081081,0.5806451612903225,0.26027397260273966,0.32786885245901637,0.28378378378378377,0.3548387096774193,0.14477123906771977,0.1952224001802284,0.3951064424999541,0.36410347458683934
6398,0.49253731343283585,0.336283185840708,0.27272727272727276,0.1801801801801802,0.3283582089552239,0.21238938053097342,0.22645108454220003,0.01273341650300907,0.38265906066446403,0.1690909090909091
6399,0.2247191011235955,0.21686746987951808,0.04597701149425287,0.024691358024691357,0.1348314606741573,0.14457831325301204,0.00920704688493996,0.0057583984408872396,0.13975155279503104,0.1740506329113924
6400,0.5,0.608695652173913,0.32075471698113206,0.48888888888888893,0.46296296296296297,0.5652173913043479,0.20431201855110115,0.3195006792840513,0.5502257336343115,0.5459623247663551
6401,0.744186046511628,0.6545454545454547,0.5411764705882353,0.5153374233128833,0.5348837209302325,0.496969696969697,0.3647759598529509,0.34063408819022917,0.6961633663366338,0.5677045308371577
6402,0.41221374045801523,0.380952380952381,0.18604651162790697,0.11650485436893204,0.2137404580152672,0.20952380952380953,0.022859009072386,0.012653299443953998,0.3420815120250588,0.24293664383561642
6403,0.5,0.3516483516483517,0.22641509433962265,0.11235955056179776,0.35185185185185186,0.17582417582417584,0.0684822111499696,0.00985420055538068,0.2618918604121195,0.12885119315274526
6404,0.46268656716417905,0.4689655172413793,0.2121212121212121,0.20979020979020976,0.3283582089552239,0.3310344827586207,0.07022029315512798,0.09219946497839962,0.23439593548340373,0.23804907890882146
6405,0.33766233766233766,0.3389830508474576,0.09210526315789473,0.05172413793103448,0.1818181818181818,0.11864406779661017,0.02083817908849389,0.024727396818700065,0.26503053734521215,0.21191275655561373
6406,0.5614035087719298,0.43678160919540227,0.375,0.16470588235294117,0.5087719298245614,0.29885057471264365,0.21428686271965236,0.020655103296731734,0.5049773755656108,0.29382722195945665
6407,0.3,0.26153846153846155,0.14492753623188404,0.18750000000000003,0.2,0.24615384615384614,0.08218769658200474,0.16271301282394504,0.27014978601997147,0.21269510613473272
6408,0.5760869565217391,0.5978260869565218,0.3516483516483517,0.4065934065934066,0.44565217391304346,0.5108695652173914,0.2365017523277242,0.2746860585388596,0.4922779922779922,0.4460073891625617
6409,0.5441176470588235,0.46511627906976744,0.25373134328358204,0.14173228346456693,0.36764705882352944,0.21705426356589147,0.13709420506274905,0.10970556073783351,0.38753123798539024,0.25383211489065216
6410,0.36129032258064514,0.4823529411764706,0.13071895424836602,0.2142857142857143,0.24516129032258066,0.3411764705882353,0.05478072916477387,0.0873009035068632,0.26650009798157953,0.3785047062215443
6411,0.35789473684210527,0.2318840579710145,0.1075268817204301,0.0,0.16842105263157894,0.11594202898550725,0.012845402703346848,0.0072937701437943165,0.2742014742014742,0.09162303664921467
6412,0.35526315789473684,0.38578680203045684,0.14666666666666667,0.09230769230769231,0.2236842105263158,0.20304568527918782,0.09794399409837055,0.05356944839809149,0.20233196159122083,0.2712298052030308
6413,0.512,0.5438596491228069,0.2764227642276423,0.26785714285714285,0.43200000000000005,0.4385964912280702,0.16487449763604733,0.13364719735310193,0.44401544401544396,0.39689407582384173
6414,0.5346534653465347,0.3469387755102041,0.30303030303030304,0.16666666666666666,0.4554455445544555,0.24489795918367344,0.1794537706639092,0.11749577060207901,0.5605433255269321,0.33500653594771235
6415,0.3716814159292035,0.4000000000000001,0.05405405405405405,0.061224489795918366,0.21238938053097342,0.22,0.02562466328213329,0.0254330520086584,0.2417432542791645,0.24910037020736792
6416,0.31578947368421056,0.25531914893617025,0.14285714285714285,0.021739130434782608,0.2456140350877193,0.14893617021276595,0.07772822974236651,0.010240041382230006,0.31056381029920616,0.1942752208004197
6417,0.4740740740740741,0.5591397849462365,0.24060150375939848,0.4175824175824176,0.3407407407407408,0.4946236559139785,0.15392836452884984,0.1408513676102146,0.3458416005291005,0.37031992868462754
6418,0.5578231292517006,0.6046511627906976,0.2620689655172414,0.30588235294117644,0.31292517006802717,0.29069767441860467,0.12086038782520497,0.12587361446496373,0.46194434820220726,0.5511869593059785
6419,0.4375,0.41071428571428575,0.126984126984127,0.2,0.234375,0.32142857142857145,0.02193662655241014,0.07914421748349545,0.21814043487824242,0.31967306208608953
6420,0.3292682926829268,0.1917808219178082,0.1111111111111111,0.013888888888888888,0.18292682926829268,0.1232876712328767,0.06826230141593846,0.007191811551086733,0.26613010590015135,0.12266833537320437
6421,0.45945945945945943,0.4427480916030534,0.23287671232876717,0.17054263565891473,0.3108108108108108,0.32061068702290074,0.02950325426839176,0.024918875307768238,0.3808873720136519,0.30700174520069806
6422,0.4460431654676259,0.3851851851851852,0.20437956204379562,0.15037593984962408,0.302158273381295,0.2666666666666666,0.10983988867689345,0.05938702344685413,0.3335103846641357,0.3172620214066422
6423,0.48447204968944096,0.5029239766081872,0.18867924528301885,0.2011834319526627,0.2484472049689441,0.24561403508771928,0.07863014072876029,0.11506751372678657,0.2914102473615421,0.35619965628213424
6424,0.5241379310344828,0.631578947368421,0.22377622377622378,0.3571428571428571,0.30344827586206896,0.38596491228070173,0.0807160170582057,0.09716186143542549,0.4244150167956026,0.4369665249920966
6425,0.46017699115044247,0.4,0.18018018018018017,0.10752688172043012,0.2654867256637168,0.2736842105263158,0.025264011088484827,0.029877355754377805,0.3469960763133231,0.28818694187153415
6426,0.3,0.31460674157303375,0.08163265306122448,0.1149425287356322,0.21999999999999997,0.2696629213483146,0.026067261737789418,0.013263698019779047,0.1418936965811966,0.16753983846321766
6427,0.5608465608465608,0.43428571428571433,0.43850267379679136,0.2543352601156069,0.5396825396825397,0.3885714285714286,0.26305412902159553,0.14187131179177884,0.3900956598759964,0.2199870614180907
6428,0.4919786096256685,0.33,0.2054054054054054,0.0404040404040404,0.32085561497326204,0.15,0.17530363719318595,0.009646919009822483,0.3235196572309568,0.2341547129653002
6429,0.6504854368932038,0.5167464114832536,0.4215686274509804,0.19323671497584544,0.3398058252427184,0.3540669856459331,0.2482033536037793,0.13291185646645853,0.4414166306886593,0.30116305104087165
6430,0.3893805309734514,0.43956043956043955,0.19819819819819823,0.17977528089887637,0.3185840707964602,0.32967032967032966,0.08621854354019756,0.03617804849314351,0.3057230015333815,0.274668713034364
6431,0.509090909090909,0.37254901960784315,0.2962962962962963,0.12,0.45454545454545453,0.1764705882352941,0.14158166751086473,0.02894151969401414,0.38525963149078724,0.23331240845365137
6432,0.7755102040816325,0.6046511627906976,0.4583333333333333,0.3333333333333333,0.48979591836734687,0.4186046511627907,0.27443095148790736,0.16651089192246368,0.610795847750865,0.4052411305042207
6433,0.375,0.5052631578947367,0.19047619047619047,0.3010752688172043,0.23437499999999997,0.35789473684210527,0.0691791023737071,0.13920364696084753,0.2961783439490445,0.35106443714238594
6434,0.36879432624113473,0.37837837837837834,0.10071942446043167,0.12844036697247707,0.24113475177304963,0.23423423423423428,0.07046767556508142,0.09801203604201883,0.3428281510473292,0.30807453416149067
6435,0.42857142857142855,0.4931506849315069,0.14634146341463414,0.28169014084507044,0.30952380952380953,0.4383561643835616,0.08745036317348291,0.16215386935233797,0.23857903587443946,0.2937420178799489
6436,0.48854961832061067,0.5196850393700788,0.1550387596899225,0.22399999999999998,0.24427480916030533,0.3464566929133858,0.11118084650562053,0.13285815378564692,0.33516706820733533,0.33516215177114833
6437,0.38961038961038963,0.35135135135135137,0.14473684210526316,0.0410958904109589,0.2727272727272727,0.18918918918918917,0.07074516494304958,0.01689950247520802,0.26427278114922115,0.18181423741485023
6438,0.44961240310077516,0.3617021276595745,0.23622047244094488,0.13043478260869565,0.2790697674418604,0.1702127659574468,0.056489466455972914,0.02719192681733968,0.32306536438767847,0.19422476050953952
6439,0.2280701754385965,0.4123711340206186,0.10714285714285714,0.16842105263157894,0.19298245614035087,0.2268041237113402,0.06199353737001537,0.016274691520491442,0.16274385072094996,0.25180446194225725
6440,0.49295774647887325,0.5470085470085471,0.2,0.2956521739130435,0.23943661971830987,0.42735042735042733,0.10475820110727438,0.2034366926089755,0.45414523898986614,0.386137591630244
6441,0.6666666666666667,0.5142857142857143,0.47457627118644063,0.2912621359223301,0.6333333333333334,0.28571428571428564,0.28333551561441067,0.17351868882666902,0.5873534963982118,0.354369357204896
6442,0.5765765765765766,0.5454545454545454,0.2935779816513761,0.35051546391752575,0.46846846846846846,0.42424242424242425,0.19574586165872349,0.2563865958482954,0.4279387797550875,0.3994970530451866
6443,0.5737704918032787,0.6446280991735538,0.26666666666666666,0.2857142857142857,0.4098360655737705,0.4793388429752066,0.14873469100691794,0.14886100508338626,0.42900310870712566,0.48747037591741393
6444,0.4807692307692307,0.4356435643564357,0.2745098039215686,0.20202020202020204,0.4615384615384615,0.25742574257425743,0.14402590017591993,0.1549348296558271,0.41152954101562494,0.336734693877551
6445,0.6923076923076924,0.5039370078740157,0.34375,0.27199999999999996,0.47692307692307695,0.3149606299212599,0.13357141303579523,0.08497082397358878,0.44579247844328085,0.32068965517241377
6446,0.23214285714285718,0.18823529411764706,0.07272727272727272,0.0,0.1607142857142857,0.09411764705882353,0.016634301258803993,0.00611867791405416,0.22331957547169812,0.12562814070351758
6447,0.4423076923076923,0.40963855421686746,0.13725490196078433,0.09876543209876541,0.25000000000000006,0.24096385542168675,0.035133898735769345,0.033223535329124955,0.3514755011135858,0.22358593787165215
6448,0.4339622641509434,0.5934065934065933,0.23076923076923078,0.31460674157303375,0.37735849056603776,0.48351648351648346,0.07808830718684373,0.10663135316463938,0.36958430913348944,0.4808257015434874
6449,0.4615384615384615,0.4732824427480916,0.109375,0.17054263565891473,0.3230769230769231,0.2900763358778626,0.056409273727043255,0.039797157872404905,0.3356622499746167,0.33834276206322794
6450,0.6124999999999999,0.7244094488188975,0.4177215189873418,0.624,0.47500000000000003,0.6929133858267716,0.3146660996956415,0.4617311008721833,0.5710713645519702,0.5687594569794787
6451,0.4328358208955224,0.34426229508196726,0.19696969696969696,0.2,0.2985074626865672,0.22950819672131145,0.11320924790788618,0.12059855818206022,0.25642386214398466,0.22892778795485896
6452,0.5287356321839081,0.35135135135135137,0.09411764705882354,0.05555555555555556,0.3448275862068966,0.27027027027027023,0.013605128106514501,0.014577516118523641,0.2541921746073995,0.16723684210526313
6453,0.5899280575539568,0.6861313868613139,0.3795620437956204,0.42962962962962964,0.4748201438848921,0.5547445255474452,0.23632605599881545,0.2732566377318523,0.4881190692837645,0.5600052596975674
6454,0.39766081871345027,0.47826086956521735,0.14201183431952663,0.24999999999999994,0.2222222222222222,0.31884057971014496,0.057375571640273355,0.12855759590347116,0.235412881691484,0.3372177160931976
6455,0.5170068027210885,0.5652173913043479,0.3586206896551724,0.42647058823529416,0.4761904761904762,0.5072463768115941,0.30125975042124203,0.30293443499353107,0.4038719044930225,0.40774088634904204
6456,0.4628099173553719,0.4273504273504274,0.16806722689075632,0.20869565217391306,0.2809917355371901,0.27350427350427353,0.06454036835814261,0.09857802458552503,0.2511855855855856,0.19999999999999996
6457,0.4148148148148148,0.609375,0.12030075187969924,0.2698412698412698,0.22222222222222224,0.328125,0.04833035237203579,0.1381916081722832,0.23611111111111113,0.4059206826977143
6458,0.5362318840579711,0.4375,0.19117647058823528,0.12698412698412698,0.34782608695652173,0.265625,0.08791938262862611,0.040264052453174846,0.38491997091949776,0.2921077844311377
6459,0.547008547008547,0.5686274509803921,0.2956521739130435,0.3,0.3076923076923077,0.3529411764705882,0.14186651796116642,0.13171885530723176,0.44483958590144984,0.42234848484848486
6460,0.3878787878787879,0.40277777777777785,0.08588957055214723,0.14084507042253522,0.19393939393939394,0.25,0.021457406454912686,0.0319631735111964,0.21538709981782683,0.2233279132791328
6461,0.5750000000000001,0.6376811594202898,0.35443037974683544,0.4411764705882353,0.4625,0.5072463768115941,0.2594879051449672,0.3461192836349526,0.4315928451433413,0.4562681162625431
6462,0.5915492957746479,0.5906040268456376,0.3571428571428572,0.3945578231292517,0.4507042253521127,0.46979865771812085,0.18929677013827859,0.21973840842921916,0.4749826869806094,0.48305132276640367
6463,0.6607929515418502,0.42328042328042326,0.43555555555555553,0.25668449197860965,0.5198237885462555,0.34920634920634924,0.3305397184997516,0.14428984216937363,0.4380723290575452,0.26953831965339864
6464,0.4693877551020409,0.4473684210526316,0.20833333333333334,0.27027027027027023,0.32653061224489793,0.39473684210526316,0.09461481581126671,0.12026308956369981,0.3957282110091743,0.2765454007690032
6465,0.6358974358974359,0.5076142131979695,0.33160621761658027,0.15384615384615385,0.4307692307692308,0.22335025380710657,0.19339650177185477,0.022745813647461043,0.4730118044620176,0.2584711330553439
6466,0.598984771573604,0.5977011494252873,0.29743589743589743,0.3604651162790698,0.3553299492385787,0.4942528735632184,0.165288105856493,0.2910162542384558,0.3518324075328546,0.4468940338406956
6467,0.23655913978494625,0.26865671641791045,0.04395604395604396,0.09230769230769231,0.17204301075268816,0.20895522388059704,0.009584460320418755,0.012813098990837714,0.16495780149264144,0.06042296072507554
6468,0.24719101123595505,0.325,0.045977011494252866,0.05128205128205128,0.17977528089887637,0.225,0.013605128106514501,0.013145596357085685,0.1056338028169014,0.1435406698564593
6469,0.6016260162601627,0.42990654205607476,0.36363636363636365,0.2285714285714286,0.5040650406504066,0.24299065420560748,0.19993664129818595,0.10442300711528682,0.4546807041521629,0.31276137964430356
6470,0.5405405405405406,0.22929936305732482,0.3715846994535519,0.02580645161290323,0.4756756756756757,0.17834394904458598,0.32347685450011227,0.013900210784080934,0.4745613507312349,0.09174311926605505
6471,0.32,0.46315789473684216,0.13008130081300814,0.17204301075268819,0.24000000000000002,0.3368421052631579,0.09151790691361535,0.12273976694569742,0.26333611699527454,0.30762670565302147
6472,0.3454545454545454,0.4791666666666667,0.18518518518518517,0.2553191489361702,0.2545454545454546,0.31250000000000006,0.057612511582644195,0.08100614114154765,0.32017101407503484,0.40429752066115704
6473,0.31746031746031744,0.2028985507246377,0.16129032258064516,0.014705882352941176,0.23809523809523814,0.10144927536231885,0.08562587899437601,0.0031783691666762474,0.35469318032499675,0.14742014742014742
6474,0.39080459770114945,0.43410852713178294,0.20930232558139536,0.2677165354330709,0.22988505747126434,0.31007751937984496,0.13397321577797072,0.19706592065791795,0.3647738297199005,0.33372933450822423
6475,0.38095238095238093,0.2647058823529412,0.17073170731707318,0.1212121212121212,0.19047619047619047,0.2058823529411765,0.03319866468914289,0.030546368350136986,0.2605550819836534,0.16144501278772377
6476,0.26168224299065423,0.2524271844660194,0.07619047619047621,0.039603960396039604,0.1869158878504673,0.17475728155339806,0.053276409214924214,0.010052070847919934,0.19519093620331954,0.1461377870563674
6477,0.43678160919540227,0.4054054054054055,0.23529411764705885,0.2222222222222222,0.2988505747126437,0.3513513513513513,0.08858266023219527,0.09956611127608404,0.3680758017492711,0.25841750841750843
6478,0.4397905759162304,0.45882352941176474,0.1798941798941799,0.2380952380952381,0.17801047120418845,0.23529411764705882,0.02599032271019019,0.0319498061222705,0.2303646814093718,0.25070376498947927
6479,0.4948453608247423,0.48936170212765956,0.23157894736842105,0.21739130434782608,0.22680412371134023,0.25531914893617025,0.10523325272578579,0.07815969588948891,0.2900001608208296,0.2969534050179212
6480,0.3354838709677419,0.256,0.0915032679738562,0.06504065040650407,0.16774193548387095,0.144,0.030750729494035255,0.004867267213499497,0.13001083423618634,0.1249720044792833
6481,0.509090909090909,0.5680473372781065,0.26993865030674846,0.2994011976047904,0.32727272727272727,0.378698224852071,0.10483184242914244,0.10714525408794778,0.4220421393841168,0.4636079211826192
6482,0.38383838383838387,0.3950617283950617,0.20618556701030927,0.12658227848101264,0.32323232323232326,0.24691358024691357,0.1272854537329301,0.03488611533620711,0.3047909242713768,0.26417174354511164
6483,0.36231884057971014,0.2831858407079646,0.10294117647058823,0.1081081081081081,0.23188405797101447,0.21238938053097345,0.02384503694315138,0.0132253730664831,0.2810095846645368,0.17646144278606965
6484,0.5813953488372093,0.48648648648648646,0.40476190476190477,0.3055555555555556,0.46511627906976744,0.40540540540540543,0.23470561118047398,0.19209639246873658,0.5346988795518206,0.367938479739722
6485,0.41628959276018096,0.3909090909090909,0.11872146118721462,0.07339449541284404,0.1990950226244344,0.19090909090909092,0.029494732832950423,0.020762378943544813,0.19973573550403148,0.16748366013071894
6486,0.6206896551724138,0.5882352941176471,0.31578947368421045,0.32,0.4827586206896552,0.4901960784313725,0.1718670393231166,0.2035086443572585,0.4386471830111355,0.3224857270674448
6487,0.375,0.4036697247706422,0.1267605633802817,0.16822429906542058,0.19444444444444445,0.2935779816513761,0.01157282966716011,0.07411657171349126,0.32295746581460866,0.32225012400793657
6488,0.4313725490196078,0.36734693877551017,0.05999999999999999,0.041666666666666664,0.19607843137254902,0.14285714285714288,0.01122604871362541,0.026594139297659906,0.21749916234954508,0.2244857594936709
6489,0.5441176470588236,0.6194690265486725,0.2835820895522388,0.3243243243243243,0.39705882352941174,0.4601769911504424,0.1383038676986926,0.14780722923804207,0.4831514149451939,0.45672631405777886
6490,0.7413793103448275,0.9555555555555556,0.6666666666666666,0.9090909090909091,0.603448275862069,0.9555555555555556,0.4560392540743231,0.6707017326365118,0.7546532788915062,0.8104023297835531
6491,0.5892857142857143,0.3655913978494624,0.2909090909090909,0.15384615384615383,0.4107142857142857,0.1935483870967742,0.18085419676319783,0.04619633245566791,0.4364563960283342,0.1876918909156583
6492,0.5123152709359605,0.47337278106508873,0.23880597014925375,0.17964071856287425,0.28571428571428575,0.28402366863905326,0.14150895892793763,0.09367374596717638,0.3025432395180294,0.22684052843211752
6493,0.35714285714285715,0.39999999999999997,0.043478260869565216,0.01941747572815534,0.21428571428571427,0.19047619047619047,0.009525054267910674,0.011816076904381575,0.18965517241379312,0.15567765567765568
6494,0.464,0.481203007518797,0.2926829268292683,0.2595419847328244,0.27199999999999996,0.3308270676691729,0.1777303256179951,0.19813456629464965,0.33836799183593086,0.3709701492537314
6495,0.2653061224489796,0.2626262626262626,0.020833333333333332,0.061855670103092786,0.14285714285714288,0.16161616161616163,0.005844941052207697,0.021843646882190253,0.16506649266716383,0.1643312298935907
6496,0.4615384615384615,0.4415584415584416,0.15730337078651685,0.10666666666666667,0.21978021978021978,0.25974025974025977,0.03673648871860352,0.032491335533872824,0.33295095531818875,0.2559923778958981
6497,0.33613445378151263,0.2857142857142857,0.13675213675213677,0.03418803418803419,0.18487394957983194,0.15126050420168066,0.10832889462908372,0.011247006460229352,0.2871750433275563,0.1715137510326744
6498,0.5255474452554744,0.460431654676259,0.2074074074074074,0.2043795620437956,0.3795620437956204,0.37410071942446044,0.09506372371510702,0.12277263739256376,0.4080230966111043,0.36530278232405894
6499,0.5232558139534885,0.503225806451613,0.3411764705882353,0.33986928104575165,0.3720930232558139,0.3612903225806452,0.19681657177377612,0.16447669691713462,0.3434277711679556,0.2529102338710676
6500,0.348993288590604,0.453125,0.1360544217687075,0.20634920634920637,0.25503355704697983,0.34375,0.02652115240662404,0.03263285068930159,0.35469110420218636,0.30842526746748544
6501,0.11666666666666668,0.19801980198019803,0.01694915254237288,0.020202020202020204,0.08333333333333333,0.1188118811881188,0.005948648753224193,0.00502727015690302,0.13241510596007952,0.1306413301662708
6502,0.4923076923076923,0.5517241379310344,0.15625000000000003,0.19298245614035087,0.24615384615384614,0.3103448275862069,0.030603680659194655,0.038664320350794486,0.2796135896218952,0.3272289722368962
6503,0.4892086330935252,0.5906040268456376,0.21897810218978103,0.2585034013605442,0.2446043165467626,0.3087248322147651,0.04054198187493266,0.04064082005759375,0.2587855297157623,0.35732645875014263
6504,0.4324324324324324,0.39436619718309857,0.19444444444444445,0.17391304347826086,0.2972972972972973,0.19718309859154928,0.018256517093880095,0.017335685887215155,0.29708343545394067,0.23843591957567528
6505,0.5891472868217054,0.6732673267326733,0.34645669291338577,0.3636363636363636,0.41860465116279066,0.396039603960396,0.18849830472717563,0.1387184617651221,0.4935105436036306,0.5184516265314745
6506,0.5483870967741936,0.46601941747572817,0.180327868852459,0.17821782178217824,0.2903225806451613,0.23300970873786409,0.09866644266774938,0.08557156471575107,0.42310078938802087,0.26872533690715517
6507,0.3870967741935484,0.30769230769230765,0.06557377049180328,0.06741573033707866,0.24193548387096772,0.19780219780219782,0.01180825293522093,0.02452009343409667,0.2075812274368231,0.20276466227026185
6508,0.4566929133858268,0.6821705426356588,0.32,0.5354330708661417,0.39370078740157477,0.6046511627906976,0.2500001921777659,0.3646253386804164,0.34098111718184265,0.5329188824807131
6509,0.45161290322580644,0.3047619047619048,0.1639344262295082,0.05825242718446602,0.2903225806451613,0.19047619047619044,0.08814994905828351,0.015354279209960598,0.40685420484014706,0.17784883034026466
6510,0.39080459770114945,0.43076923076923074,0.14117647058823532,0.15873015873015875,0.27586206896551724,0.3692307692307692,0.015968781455606887,0.02321543580139898,0.2970473903847253,0.26520291106451216
6511,0.36486486486486486,0.41666666666666663,0.1095890410958904,0.1694915254237288,0.18918918918918917,0.23333333333333334,0.021785668309375592,0.07483954284567526,0.3056367682129778,0.30897018843474255
6512,0.48421052631578954,0.6578947368421052,0.30107526881720437,0.5675675675675677,0.37894736842105264,0.6578947368421052,0.1416110914766342,0.319176406638308,0.33998521803399856,0.47491039426523307
6513,0.42696629213483145,0.5,0.3218390804597701,0.35135135135135137,0.3595505617977528,0.4473684210526316,0.17961049390681635,0.23785199490513753,0.37135549872122753,0.4034231085526316
6514,0.5714285714285714,0.6371681415929203,0.4077669902912622,0.41441441441441446,0.5333333333333333,0.5663716814159293,0.19741756460080034,0.28354021329080137,0.451797176778005,0.6256714616586674
6515,0.4032258064516129,0.4102564102564103,0.06557377049180328,0.10434782608695653,0.22580645161290322,0.20512820512820515,0.01233587164568812,0.0268935627146869,0.26431710336652275,0.21437617260788
6516,0.224,0.3076923076923077,0.08130081300813008,0.1587301587301587,0.176,0.2461538461538462,0.04225441199726873,0.0993086778783572,0.30892294205903675,0.28276271689788307
6517,0.45283018867924524,0.4871794871794872,0.22929936305732487,0.24675324675324672,0.31446540880503143,0.32051282051282054,0.1580645109858484,0.16895702635994925,0.31057139642998227,0.31279931175587883
6518,0.3956043956043956,0.4086021505376344,0.20224719101123595,0.15384615384615385,0.3516483516483517,0.34408602150537637,0.10604910825383697,0.06527169776804352,0.35819695664656914,0.3010021690231363
6519,0.4084507042253521,0.3089430894308943,0.2,0.11570247933884298,0.30985915492957744,0.1951219512195122,0.06750931059421865,0.05918304099733074,0.3389441233140655,0.25532268795741847
6520,0.5070422535211269,0.47761194029850745,0.2142857142857143,0.25757575757575757,0.38028169014084506,0.4029850746268657,0.10441603062226393,0.13907765285070137,0.5391646585421495,0.5030846830147653
6521,0.43181818181818177,0.40909090909090906,0.3023255813953488,0.2790697674418605,0.38636363636363635,0.3409090909090909,0.18904529044776755,0.1789073882121524,0.46420886075949364,0.3984494765888485
6522,0.303030303030303,0.5555555555555556,0.16494845360824742,0.3714285714285714,0.202020202020202,0.5555555555555556,0.10583909649415625,0.1588250129486602,0.2542131675529923,0.36513325953678477
6523,0.4909090909090909,0.4782608695652174,0.2222222222222222,0.17777777777777776,0.38181818181818183,0.3695652173913043,0.08468986399630453,0.06708423539334496,0.4682187757700265,0.3956334670620385
6524,0.4,0.273972602739726,0.17204301075268819,0.08450704225352113,0.37894736842105264,0.19178082191780824,0.08565616170543526,0.0371749241029078,0.38274041234140715,0.16220850480109741
6525,0.46969696969696967,0.4230769230769231,0.23076923076923075,0.21568627450980393,0.3333333333333333,0.32692307692307687,0.037811741544000556,0.036238746344836766,0.42854644522048985,0.36154672395273896
6526,0.5217391304347826,0.4666666666666667,0.2647058823529412,0.22033898305084745,0.2898550724637681,0.28333333333333327,0.1950715309824914,0.17230930080221232,0.42700439684296954,0.3253504
6527,0.7070707070707071,0.5301204819277109,0.4329896907216495,0.19753086419753085,0.5858585858585859,0.26506024096385544,0.26655957397226565,0.08175340974854192,0.6692021915127242,0.2646921641791045
6528,0.3816793893129771,0.36000000000000004,0.15503875968992248,0.16326530612244897,0.3053435114503817,0.23999999999999996,0.07251907869492152,0.042080748099272224,0.37742359767891687,0.2632030178326475
6529,0.3962264150943397,0.3888888888888889,0.21153846153846154,0.17142857142857143,0.33962264150943394,0.25,0.09417504864020931,0.016742195472121968,0.4040547007164473,0.2124362581325831
6530,0.41791044776119407,0.3548387096774194,0.1818181818181818,0.16393442622950818,0.2537313432835821,0.2903225806451613,0.07365532088915645,0.0860044923707455,0.3462756943932808,0.3051565377532229
6531,0.3120567375886525,0.2857142857142857,0.07194244604316548,0.04838709677419355,0.15602836879432624,0.17460317460317462,0.009472901162319088,0.007954016964666232,0.21651007650489115,0.18495326137478696
6532,0.5208333333333334,0.5813953488372092,0.23404255319148934,0.30952380952380953,0.4166666666666667,0.5116279069767442,0.045208381947192254,0.1620384468018578,0.5052661870503596,0.485969751251883
6533,0.3149606299212598,0.3695652173913043,0.064,0.06666666666666667,0.18897637795275593,0.2608695652173913,0.00835440367204085,0.01173391051492013,0.21357476635514022,0.1776890663118208
6534,0.3542857142857143,0.36363636363636365,0.05780346820809249,0.06578947368421051,0.16,0.16883116883116883,0.010637817998584088,0.009954177421889298,0.2005005005005005,0.18737934115336835
6535,0.2753623188405797,0.2888888888888889,0.1323529411764706,0.15909090909090912,0.18840579710144928,0.2,0.06968890768454987,0.07641835548926859,0.31828318671299377,0.2524221340789387
6536,0.40298507462686567,0.34693877551020413,0.18181818181818182,0.10416666666666667,0.2537313432835821,0.26530612244897955,0.03151410255598459,0.02783436069081935,0.3818551859099804,0.25352046783625737
6537,0.3725490196078432,0.48717948717948717,0.13999999999999999,0.23684210526315788,0.19607843137254902,0.38461538461538464,0.06296027325293001,0.03688596979583578,0.2126165280927186,0.275089605734767
6538,0.8739495798319329,0.6356589147286822,0.8376068376068377,0.4881889763779527,0.8739495798319329,0.5426356589147288,0.6402671174561634,0.3775489898343006,0.8026833062883717,0.6137616184234657
6539,0.41818181818181815,0.4210526315789474,0.16666666666666669,0.1290322580645161,0.2727272727272727,0.2105263157894737,0.038364476238093845,0.037130588992311093,0.39197836933279623,0.34957805907172995
6540,0.5931034482758621,0.6870229007633588,0.2517482517482517,0.41860465116279066,0.3586206896551724,0.48854961832061067,0.02475703552193373,0.23778113332349762,0.26783387662187613,0.5039279830389457
6541,0.45989304812834225,0.4285714285714286,0.15135135135135133,0.08888888888888888,0.23529411764705885,0.2527472527472528,0.11568045194466929,0.018619084915954494,0.31374520557862906,0.2008030652872678
6542,0.782608695652174,0.8275862068965517,0.7169811320754718,0.8251748251748251,0.7577639751552795,0.8275862068965517,0.5808071514303997,0.5617236655697754,0.6839296086355063,0.6249611653712157
6543,0.5161290322580646,0.425,0.1699346405228758,0.13924050632911394,0.3483870967741935,0.2625,0.052732853659064674,0.0483050764697627,0.371542393187082,0.2589902962349156
6544,0.577319587628866,0.5714285714285715,0.35789473684210527,0.3466666666666667,0.4329896907216495,0.49350649350649345,0.21520371644400021,0.27352610657756615,0.5334928229665071,0.46505201745689895
6545,0.4000000000000001,0.37593984962406024,0.1081081081081081,0.10687022900763359,0.20000000000000004,0.1954887218045113,0.05946834310812992,0.06893737695417133,0.2747118155619596,0.25838522888670384
6546,0.39062500000000006,0.44,0.17460317460317462,0.16326530612244897,0.34375,0.22,0.05996709316868627,0.09320775454024904,0.3418321299638989,0.3489797091865706
6547,0.3448275862068966,0.3414634146341463,0.09411764705882353,0.1,0.16091954022988506,0.1951219512195122,0.012804032109072836,0.030282756553424387,0.2486232588273405,0.29974388412964764
6548,0.4999999999999999,0.3863636363636364,0.1864406779661017,0.186046511627907,0.3,0.25,0.10057666874514395,0.08566290727684317,0.4121968283582089,0.17944812232702562
6549,0.6301369863013698,0.42592592592592593,0.486111111111111,0.339622641509434,0.5753424657534246,0.42592592592592593,0.3333421816571239,0.22752350616769074,0.6039110429447851,0.3324299909665763
6550,0.5034965034965034,0.5625,0.326241134751773,0.3650793650793651,0.44755244755244755,0.484375,0.23297088261863488,0.2800073672233029,0.3398967185231817,0.4169041669704461
6551,0.2637362637362637,0.380952380952381,0.06741573033707865,0.21951219512195122,0.17582417582417584,0.35714285714285715,0.05164611437214955,0.12101715869910856,0.1943381519274376,0.3312942216981132
6552,0.4201680672268908,0.44036697247706424,0.13675213675213677,0.11214953271028037,0.21848739495798322,0.25688073394495414,0.09033762441909504,0.03762561152834984,0.316270154470628,0.2792931872349646
6553,0.4927536231884058,0.4444444444444445,0.22058823529411764,0.16129032258064516,0.34782608695652173,0.25396825396825395,0.10440913197295655,0.09336275495075355,0.2849775784753363,0.25124390243902445
6554,0.24347826086956523,0.2708333333333333,0.053097345132743355,0.08510638297872339,0.12173913043478261,0.16666666666666666,0.007431759867405364,0.011322034491095223,0.1914459700120641,0.22942101715227323
6555,0.23655913978494625,0.15384615384615385,0.010869565217391302,0.0,0.09677419354838708,0.1118881118881119,0.006842112932662715,0.0035711303119415508,0.12746234067207418,0.07907542579075427
6556,0.32954545454545453,0.2585034013605442,0.04597701149425287,0.027586206896551724,0.1818181818181818,0.16326530612244897,0.01748834319820801,0.008762049826048678,0.1903206490738665,0.12345679012345681
6557,0.3779527559055118,0.5871559633027523,0.11200000000000002,0.3364485981308411,0.1732283464566929,0.40366972477064217,0.05435390805983895,0.22584235654496165,0.26257493306949137,0.4691030223341605
6558,0.43478260869565216,0.34567901234567905,0.17777777777777778,0.05063291139240507,0.2391304347826087,0.24691358024691357,0.0903351177214105,0.006400178381760218,0.3181789232336956,0.1388888888888889
6559,0.5392156862745098,0.37634408602150543,0.31683168316831684,0.09782608695652174,0.38235294117647056,0.19354838709677424,0.20214479490954254,0.051679294541488126,0.33989483065953646,0.2120354843352084
6560,0.48333333333333334,0.6206896551724138,0.23728813559322035,0.32941176470588235,0.31666666666666665,0.5517241379310345,0.13018200105419553,0.08061640699910833,0.42602141448295294,0.381036217303823
6561,0.3936170212765957,0.33333333333333337,0.07526881720430108,0.06756756756756756,0.18085106382978725,0.1866666666666667,0.02001547684704597,0.016821219863482836,0.2632999727668845,0.15288788221970553
6562,0.49704142011834324,0.6163522012578617,0.23952095808383234,0.3184713375796178,0.2603550295857988,0.3270440251572327,0.10670615598381523,0.15295435911105024,0.28598932399358595,0.34303836633663365
6563,0.4793388429752066,0.5714285714285714,0.2857142857142857,0.3300970873786408,0.34710743801652894,0.419047619047619,0.13324264237424419,0.13538615608303894,0.4534671354146265,0.4654197668287539
6564,0.37333333333333335,0.40277777777777773,0.14864864864864866,0.16901408450704225,0.25333333333333335,0.2638888888888889,0.09310138435943371,0.09423123305629216,0.2949369862307422,0.3045848418748641
6565,0.5669291338582678,0.5074626865671642,0.208,0.2121212121212121,0.25196850393700787,0.26865671641791045,0.07663112132365171,0.06434483791383647,0.4297381262749016,0.38070436507936506
6566,0.4881889763779527,0.5742574257425743,0.144,0.3434343434343435,0.2677165354330709,0.396039603960396,0.010520455852645319,0.19269921352418667,0.23623178644395054,0.3922594142259414
6567,0.4516129032258064,0.46551724137931033,0.18032786885245902,0.17543859649122806,0.25806451612903225,0.2758620689655173,0.027358549033432707,0.027455326996252572,0.2456959429206927,0.21293648967907075
6568,0.6095238095238095,0.40963855421686746,0.44660194174757284,0.14814814814814817,0.5523809523809524,0.26506024096385544,0.18982603897412179,0.03333168744598931,0.6089136327863118,0.22265738323179574
6569,0.4473684210526316,0.3875968992248062,0.1733333333333333,0.14173228346456693,0.2894736842105264,0.26356589147286824,0.0739634637283573,0.046232766098435074,0.31658899196315893,0.21253037486803722
6570,0.5562130177514792,0.4269662921348315,0.35928143712574845,0.19318181818181818,0.4142011834319526,0.3146067415730337,0.21588093603218766,0.09716338484466751,0.38377747793332206,0.2637921773619128
6571,0.4225352112676056,0.4105960264900662,0.18571428571428572,0.1610738255033557,0.323943661971831,0.2913907284768212,0.1071850651217019,0.0641768554614935,0.41671766804224664,0.4099356445117218
6572,0.4067796610169492,0.35555555555555557,0.09142857142857143,0.10526315789473684,0.1694915254237288,0.13333333333333333,0.009781981177172447,0.010185337335687591,0.18981284055910924,0.13595641982971865
6573,0.3382352941176471,0.3908045977011494,0.08955223880597013,0.1411764705882353,0.1764705882352941,0.1839080459770115,0.017460637807675018,0.03274259640701244,0.2854713313896987,0.2442013129102845
6574,0.5542168674698795,0.5289256198347108,0.36585365853658536,0.3697478991596638,0.5180722891566265,0.5123966942148761,0.2377294117729571,0.22786723280032933,0.5282662548280755,0.41268921095008054
6575,0.3652173913043478,0.3132530120481928,0.19469026548672566,0.14814814814814814,0.3130434782608696,0.2891566265060241,0.1392552200605864,0.0694613721162424,0.27443457403338956,0.1294297352342159
6576,0.5862068965517241,0.5384615384615384,0.27906976744186046,0.29687499999999994,0.367816091954023,0.4153846153846154,0.14263253939961906,0.1667471003306117,0.5275953211933585,0.41423926297249686
6577,0.6136363636363636,0.4907975460122699,0.4137931034482758,0.26086956521739135,0.4772727272727273,0.33128834355828224,0.2416080187944284,0.13021418219690964,0.39371101871101866,0.26958201615735866
6578,0.5625,0.4727272727272728,0.31746031746031744,0.2962962962962963,0.46875,0.38181818181818183,0.10741464500708194,0.16707647688311242,0.4472257653061224,0.3167775771357232
6579,0.5391304347826087,0.5806451612903226,0.24778761061946902,0.37362637362637363,0.36521739130434777,0.5161290322580645,0.1376349547193665,0.13737217908415186,0.388693851831848,0.3390614564286731
6580,0.5263157894736842,0.32558139534883723,0.2900763358778626,0.047619047619047616,0.42105263157894735,0.16279069767441862,0.14192358687467435,0.010814339360949084,0.549008356873823,0.12396694214876032
6581,0.48951048951048953,0.4225352112676057,0.14184397163120566,0.11428571428571428,0.22377622377622378,0.21126760563380284,0.011068305811835315,0.010649873582069685,0.2778714120516674,0.25182499051952983
6582,0.422360248447205,0.4,0.21383647798742136,0.1864406779661017,0.2732919254658386,0.3333333333333333,0.16956215202598485,0.09740350646786715,0.3117708691020189,0.21895594471612828
6583,0.4892086330935252,0.48695652173913045,0.20437956204379562,0.17699115044247787,0.40287769784172667,0.3826086956521739,0.1107087105181015,0.132572649265925,0.4485212053571428,0.37503181268689956
6584,0.34965034965034963,0.2736842105263158,0.12765957446808512,0.06451612903225806,0.23776223776223776,0.16842105263157894,0.01905010853582135,0.01133411985509906,0.28098114589053635,0.13392857142857145
6585,0.47706422018348627,0.3409090909090909,0.205607476635514,0.06976744186046512,0.36697247706422015,0.20454545454545456,0.12068409730926198,0.02358602471345951,0.3380604210188012,0.14102194240331253
6586,0.46979865771812085,0.3511450381679389,0.2993197278911564,0.17054263565891475,0.38926174496644295,0.2900763358778626,0.16631433194636686,0.058316439036926716,0.3775167785234899,0.21593500570125423
6587,0.6590909090909091,0.47058823529411764,0.4883720930232558,0.21686746987951808,0.5227272727272727,0.30588235294117644,0.2760324831898339,0.08217199674521214,0.6383619391749473,0.3848458904109589
6588,0.4067796610169491,0.3252032520325204,0.15517241379310345,0.08264462809917356,0.30508474576271183,0.1951219512195122,0.06402062950632383,0.07582819274227183,0.28726655247595634,0.2148643410852713
6589,0.44571428571428573,0.44578313253012053,0.15028901734104044,0.14634146341463414,0.28571428571428575,0.32530120481927716,0.10439500375334534,0.07180502841305429,0.2533688911232517,0.23066944424512054
6590,0.5333333333333333,0.48648648648648657,0.33183856502242154,0.2181818181818182,0.35555555555555557,0.3063063063063063,0.21103739819663514,0.08753612530508574,0.3750764525993883,0.3247227255926478
6591,0.5070422535211269,0.38848920863309355,0.15714285714285717,0.145985401459854,0.25352112676056343,0.2158273381294964,0.0311341850411372,0.0691791023737071,0.27889692301763064,0.2578000992063492
6592,0.40522875816993464,0.44,0.07947019867549669,0.13513513513513514,0.19607843137254902,0.19999999999999998,0.01861059133850144,0.0703435846580233,0.2535591477327506,0.35714878892733565
6593,0.5632183908045977,0.6012269938650308,0.40697674418604646,0.422360248447205,0.48275862068965514,0.4662576687116564,0.3376203418359602,0.31558265961431187,0.4432634492412433,0.4830316853777265
6594,0.5339805825242718,0.4585987261146497,0.28431372549019607,0.2193548387096774,0.3689320388349514,0.3439490445859873,0.15477442571945585,0.083644759549458,0.38161271709949596,0.255114942961647
6595,0.45333333333333337,0.4173913043478261,0.22972972972972974,0.1592920353982301,0.3066666666666667,0.26086956521739135,0.1613185987084509,0.06371363809273108,0.4149415692821369,0.2348731085092415
6596,0.5733333333333333,0.4571428571428572,0.2972972972972973,0.15942028985507248,0.37333333333333335,0.24285714285714283,0.22317727558061076,0.06780058424808516,0.37829764654222253,0.2946471806389796
6597,0.48717948717948717,0.5205479452054795,0.34210526315789475,0.3661971830985916,0.43589743589743585,0.4931506849315068,0.20672389141100156,0.23431016740298524,0.4204214734036958,0.44127888572333024
6598,0.6306306306306307,0.5346534653465347,0.4220183486238532,0.22222222222222224,0.5765765765765766,0.43564356435643564,0.25012616708532454,0.1629175286710577,0.6269076305220883,0.3695712403813985
6599,0.4285714285714286,0.38095238095238093,0.10526315789473685,0.0970873786407767,0.25974025974025977,0.2857142857142857,0.01234996468295851,0.014183266483433127,0.3074955340663092,0.2222047464261997
6600,0.38383838383838376,0.45333333333333337,0.10309278350515463,0.10958904109589042,0.2222222222222222,0.26666666666666666,0.06074215910478498,0.01703098401175542,0.29089861751152074,0.24557713052858685
6601,0.3300970873786408,0.36585365853658536,0.07920792079207921,0.12500000000000003,0.1553398058252427,0.19512195121951217,0.024173969064838246,0.029927660183149133,0.21796875,0.19323979591836737
6602,0.323943661971831,0.4,0.08571428571428572,0.07407407407407407,0.22535211267605634,0.2909090909090909,0.048537047456563856,0.014481282927844388,0.19010475901635204,0.19956422535584944
6603,0.5631067961165048,0.47933884297520657,0.3564356435643564,0.20168067226890757,0.5048543689320388,0.2975206611570248,0.04058524896335928,0.029246490371402034,0.3917996146435453,0.3837945752443895
6604,0.5714285714285715,0.46,0.3125,0.22448979591836735,0.4081632653061225,0.37999999999999995,0.1978416649277917,0.1340591378734407,0.5776439548924703,0.4323259134141683
6605,0.5774647887323944,0.4793388429752066,0.35714285714285715,0.20168067226890757,0.38028169014084506,0.3140495867768595,0.18941132134848707,0.12169309558466701,0.4175649590754691,0.32369490407873736
6606,0.39694656488549623,0.42424242424242425,0.18604651162790697,0.2268041237113402,0.32061068702290074,0.38383838383838387,0.06673553100475933,0.10257973212395492,0.43469785575048736,0.3445362696980494
6607,0.3300970873786408,0.5470085470085471,0.198019801980198,0.27826086956521734,0.31067961165048547,0.2905982905982906,0.10292719411861095,0.1721503454934914,0.18844472956176575,0.41704597177969954
6608,0.5108695652173914,0.5497076023391814,0.24175824175824176,0.272189349112426,0.40217391304347827,0.4327485380116959,0.21091658806809152,0.21628600606910525,0.33738556729821007,0.3624108517528802
6609,0.47727272727272724,0.4819277108433735,0.3023255813953489,0.19753086419753088,0.40909090909090917,0.38554216867469876,0.16641703409812225,0.09535418862956183,0.32756878702319664,0.3562358916478555
6610,0.32857142857142857,0.41726618705035967,0.15942028985507245,0.20437956204379565,0.18571428571428572,0.2589928057553957,0.08052337144200003,0.11243027421471463,0.17676977040816327,0.23088229751630043
6611,0.5,0.46938775510204084,0.2456140350877193,0.14583333333333334,0.2758620689655172,0.22448979591836735,0.09702512940200814,0.03515952239564359,0.4399955976702181,0.3104701735434996
6612,0.625,0.7291666666666667,0.38181818181818183,0.4893617021276596,0.6071428571428571,0.7083333333333334,0.2194660892214851,0.36120024170906706,0.5748693478754828,0.6410637219785789
6613,0.4933333333333333,0.4251968503937008,0.17567567567567569,0.144,0.27999999999999997,0.20472440944881892,0.033738691870892144,0.03548110599748449,0.42909141485264163,0.26398827270920294
6614,0.43312101910828027,0.6515151515151515,0.18064516129032257,0.3384615384615385,0.25477707006369427,0.30303030303030304,0.10566266480915001,0.24228028374387864,0.33065961382818826,0.46843518610969515
6615,0.4150943396226415,0.36220472440944884,0.17834394904458598,0.06399999999999999,0.2893081761006289,0.22047244094488191,0.06753891171662782,0.022414542516815607,0.2896381258870045,0.1855915034186481
6616,0.39080459770114945,0.38620689655172413,0.186046511627907,0.20979020979020982,0.29885057471264365,0.30344827586206896,0.14235821924320663,0.11231744336663167,0.23385989010989014,0.18726772372465056
6617,0.3841059602649007,0.4817518248175182,0.08053691275167785,0.08888888888888889,0.15894039735099338,0.21897810218978103,0.013134908289727968,0.012739368691815108,0.2502030958125778,0.26113188574301605
6618,0.49438202247191015,0.4166666666666667,0.25287356321839083,0.19999999999999998,0.3820224719101124,0.3888888888888889,0.10017151416252457,0.08974140616295216,0.36523919753086426,0.2608161069699531
6619,0.5346534653465347,0.6265060240963856,0.3232323232323232,0.5432098765432098,0.47524752475247517,0.6265060240963856,0.11512387454711383,0.3898285360075332,0.44570440130693834,0.6057029671762396
6620,0.6386554621848739,0.5161290322580646,0.42735042735042733,0.26229508196721313,0.6386554621848739,0.4193548387096774,0.26462184716637366,0.11838470240039828,0.6051872325924804,0.3599000734528983
6621,0.6046511627906976,0.562091503267974,0.39999999999999997,0.3973509933774835,0.46511627906976744,0.47058823529411764,0.30387903858834087,0.2441598941149048,0.4596601755068757,0.39078391963287706
6622,0.48062015503875966,0.5740740740740741,0.1889763779527559,0.3018867924528302,0.32558139534883723,0.40740740740740744,0.1366178390973048,0.19993489298864248,0.36411092985318105,0.3790868518704243
6623,0.3865546218487395,0.34188034188034183,0.17094017094017094,0.10434782608695653,0.2857142857142857,0.20512820512820512,0.03041406729862513,0.02101483109909321,0.1864723372893847,0.15181462189415898
6624,0.5057471264367817,0.36842105263157887,0.30588235294117644,0.18918918918918923,0.4827586206896552,0.2368421052631579,0.21996186965578798,0.12729992303943352,0.5315106885233567,0.2453155175113524
6625,0.36697247706422015,0.31818181818181823,0.11214953271028037,0.06976744186046513,0.25688073394495414,0.15909090909090912,0.06262411456218506,0.013859723619239785,0.2717401960784314,0.1326530612244898
6626,0.7808219178082192,0.624,0.6388888888888888,0.4065040650406504,0.6301369863013698,0.44799999999999995,0.42857389478490665,0.18043254346085616,0.5763457104148723,0.41212887779906904
6627,0.5362318840579711,0.46938775510204084,0.17647058823529407,0.16666666666666666,0.3043478260869565,0.3673469387755102,0.06204197079876287,0.11494580974774565,0.4144851440593673,0.334114190423251
6628,0.48543689320388345,0.5934065934065934,0.11881188118811882,0.3595505617977528,0.27184466019417475,0.46153846153846156,0.06941118912066327,0.08976255189322231,0.3412215075979739,0.46211000537923613
6629,0.4942528735632184,0.3502824858757062,0.27906976744186046,0.06857142857142856,0.3793103448275862,0.14689265536723167,0.2745472930871117,0.011816680168500446,0.3673514828730284,0.2170755917802909
6630,0.33009708737864074,0.45333333333333325,0.15841584158415842,0.1917808219178082,0.2912621359223301,0.4000000000000001,0.06135396682673574,0.10090835404165316,0.2238775510204081,0.3216138328530259
6631,0.5629629629629629,0.558139534883721,0.4210526315789474,0.3779527559055118,0.5037037037037038,0.3565891472868217,0.2403463790885244,0.20972190324224857,0.3934859503359038,0.3476521246361631
6632,0.6481481481481481,0.5714285714285714,0.30188679245283023,0.27083333333333337,0.38888888888888884,0.2653061224489796,0.2135288520580869,0.1896766276881907,0.4747424107384,0.3822255639097744
6633,0.6363636363636365,0.3586206896551724,0.37209302325581395,0.2097902097902098,0.5909090909090909,0.30344827586206896,0.2075698998720495,0.07212537521467227,0.5220548682087144,0.40832128514056226
6634,0.5148514851485148,0.6732673267326732,0.4040404040404041,0.5858585858585859,0.45544554455445546,0.6534653465346535,0.29383400531260145,0.41145205383420524,0.5643836413067181,0.786026447183472
6635,0.4444444444444444,0.39316239316239315,0.08064516129032258,0.10434782608695653,0.25396825396825395,0.20512820512820512,0.02522467829267037,0.025261100773458688,0.2788764805414552,0.2467882521790878
6636,0.5294117647058824,0.39999999999999997,0.32,0.17699115044247787,0.45098039215686275,0.24347826086956526,0.18952087984183785,0.09016861034977283,0.4536526066621036,0.26499711441022633
6637,0.5166666666666667,0.5396825396825397,0.288135593220339,0.2903225806451613,0.41666666666666663,0.4285714285714285,0.200726550812963,0.1367490133617851,0.4413740165035501,0.44469423261518776
6638,0.381578947368421,0.42553191489361697,0.21333333333333332,0.2158273381294964,0.27631578947368424,0.28368794326241137,0.10426599221250316,0.09118791384080184,0.3771953600914845,0.3988803853444743
6639,0.5882352941176471,0.5423728813559322,0.4102564102564103,0.3103448275862069,0.5378151260504201,0.45762711864406785,0.2588121701114676,0.11930634595267593,0.5189157740847928,0.3652627356598477
6640,0.43859649122807015,0.4273504273504274,0.17857142857142858,0.22608695652173913,0.2807017543859649,0.32478632478632474,0.03395354067092635,0.04255017110358963,0.3106658571139445,0.4166666666666667
6641,0.29457364341085274,0.4,0.06299212598425197,0.10958904109589042,0.15503875968992248,0.23999999999999996,0.008220511195949649,0.0206651003266767,0.2735514621073343,0.2228128238558486
6642,0.4539007092198581,0.5,0.2302158273381295,0.24590163934426232,0.36879432624113484,0.4193548387096774,0.08806373873603258,0.07591429624797454,0.3068576388888889,0.306017518493152
6643,0.873015873015873,0.7482993197278911,0.870967741935484,0.7448275862068965,0.873015873015873,0.7482993197278911,0.6485537806551035,0.5060697231061032,0.8316151202749141,0.7734575707154742
6644,0.25316455696202533,0.3103448275862069,0.1818181818181818,0.25,0.25316455696202533,0.3103448275862069,0.10031432963459587,0.15612734376432705,0.2941176470588236,0.29870922728065585
6645,0.49681528662420377,0.4098360655737705,0.25806451612903225,0.2,0.3057324840764331,0.3278688524590164,0.13550566307303136,0.031202853807876255,0.3353498907302859,0.22095721454454006
6646,0.7351351351351352,0.5487804878048781,0.5355191256830601,0.28395061728395066,0.572972972972973,0.3170731707317073,0.3988203604996026,0.14094238268435139,0.5668301814899688,0.27658485328152915
6647,0.513888888888889,0.5151515151515151,0.21126760563380284,0.1692307692307692,0.29166666666666663,0.3787878787878788,0.10268751219038222,0.10473448322968903,0.3665320083408616,0.3193467336683417
6648,0.4657534246575342,0.37662337662337664,0.18055555555555555,0.11842105263157895,0.3561643835616438,0.2597402597402597,0.06455601900880863,0.009881024768940868,0.4233768384289993,0.24133100644574612
6649,0.33333333333333337,0.19512195121951217,0.09433962264150945,0.05,0.1851851851851852,0.17073170731707316,0.015202633070158652,0.004894982216194422,0.23651945186882187,0.09586148648648649
6650,0.509090909090909,0.47058823529411764,0.28220858895705525,0.25,0.3393939393939394,0.32941176470588235,0.06432897656550304,0.07071999595949417,0.33644009720564744,0.3858783071717788
6651,0.5094339622641509,0.6585365853658536,0.2692307692307692,0.425,0.33962264150943394,0.5365853658536586,0.07278381544621965,0.16871838589669064,0.46505201745689906,0.5549984205221804
6652,0.4217687074829932,0.5272727272727273,0.16551724137931034,0.2592592592592593,0.21768707482993196,0.27272727272727276,0.05695564809941825,0.12052280769006096,0.29004169732646556,0.3102504409171076
6653,0.445859872611465,0.35616438356164387,0.21935483870967742,0.125,0.3439490445859873,0.1917808219178082,0.1377340050169325,0.04904596765227041,0.359390263943541,0.23504990141675305
6654,0.3636363636363636,0.2735042735042735,0.26153846153846155,0.05217391304347826,0.3333333333333333,0.11965811965811965,0.16141671447527073,0.0038746854543705096,0.43263707571801574,0.16260162601626016
6655,0.30952380952380953,0.4193548387096774,0.0,0.03333333333333333,0.16666666666666669,0.0967741935483871,0.0052021967661181456,0.007771324020744102,0.20676691729323307,0.20242914979757085
6656,0.38554216867469876,0.3466666666666667,0.24691358024691357,0.2191780821917808,0.3373493975903615,0.29333333333333333,0.13392750150580798,0.13565907333537272,0.31623237732431975,0.2582923080350182
6657,0.42857142857142855,0.5205479452054794,0.20833333333333331,0.3098591549295775,0.3469387755102041,0.410958904109589,0.1318666232389999,0.18918169476008084,0.346256149518631,0.3217459232496826
6658,0.5531914893617021,0.5547445255474452,0.41726618705035967,0.42962962962962964,0.5106382978723404,0.5255474452554745,0.2865144786908395,0.31279707152365877,0.5547502739225713,0.5306603773584907
6659,0.2962962962962963,0.3636363636363636,0.0427807486631016,0.13157894736842105,0.14814814814814814,0.2077922077922078,0.008892568706651005,0.039887866050774795,0.1537645811240721,0.18171554575523705
6660,0.45669291338582674,0.3103448275862069,0.17600000000000002,0.08771929824561404,0.39370078740157477,0.1724137931034483,0.10834844652102088,0.013064264215707113,0.37436091498978524,0.2036660520799131
6661,0.38,0.37209302325581395,0.163265306122449,0.07142857142857144,0.3,0.2558139534883721,0.037039826060455326,0.012362883593468847,0.3101922824230214,0.14473684210526316
6662,0.49101796407185627,0.5757575757575757,0.24242424242424243,0.24615384615384617,0.19161676646706585,0.21212121212121215,0.14971240190845053,0.11036700250945711,0.4295113508914414,0.3559165910944567
6663,0.45614035087719296,0.4631578947368421,0.2678571428571429,0.2150537634408602,0.3684210526315789,0.3368421052631579,0.11713021448750044,0.08122359477042183,0.3480007949318249,0.29901296289387175
6664,0.5130434782608695,0.45744680851063835,0.28070175438596495,0.3118279569892473,0.31304347826086953,0.30851063829787234,0.20400134032681408,0.1418290846593147,0.32023499161089225,0.25833596380471385
6665,0.47674418604651164,0.35955056179775274,0.27058823529411763,0.19318181818181818,0.3604651162790698,0.3146067415730337,0.21396429354426577,0.14785579310109612,0.323333620931242,0.22568250758341754
6666,0.4385026737967914,0.5543478260869565,0.1297297297297297,0.2967032967032967,0.21390374331550804,0.43478260869565216,0.044442150349137885,0.12540422464102235,0.237137306511249,0.3684485886169319
6667,0.540983606557377,0.6521739130434783,0.4,0.4888888888888889,0.5081967213114754,0.6086956521739131,0.3138217441207019,0.40630570686067324,0.6148557871520874,0.5848684210526316
6668,0.45783132530120485,0.30000000000000004,0.12345679012345677,0.0,0.21686746987951808,0.16666666666666669,0.029431253130712022,0.008859778526983579,0.44205182072829124,0.13432835820895522
6669,0.45454545454545453,0.42105263157894735,0.16923076923076924,0.17204301075268816,0.22727272727272727,0.25263157894736843,0.03295217597706448,0.0404123538556406,0.3425655976676385,0.3298996175908222
6670,0.4578313253012048,0.4197530864197531,0.1728395061728395,0.17721518987341772,0.28915662650602403,0.2716049382716049,0.09941963057247108,0.11324341166752507,0.3638328530259366,0.3551476856727346
6671,0.48920863309352514,0.4511278195488722,0.21897810218978103,0.19847328244274812,0.3165467625899281,0.2706766917293233,0.03130085267705899,0.025341772549481115,0.3268713861540865,0.19510706235912847
6672,0.42857142857142855,0.4367816091954023,0.2545454545454545,0.18823529411764706,0.35714285714285715,0.36781609195402293,0.09611672870481912,0.03924256072520281,0.3114805539274022,0.3506944444444444
6673,0.4339622641509434,0.5729166666666666,0.21904761904761902,0.4947368421052632,0.2641509433962264,0.53125,0.17332850123489962,0.2759799475795122,0.29764926572953015,0.4161048103330753
6674,0.3013698630136986,0.3125,0.08333333333333333,0.0425531914893617,0.20547945205479454,0.20833333333333334,0.00870342495170889,0.011628045402049763,0.2365537747597548,0.1659171573767847
6675,0.4565217391304348,0.4,0.13333333333333333,0.2222222222222222,0.26086956521739135,0.2153846153846154,0.014954983534942814,0.06154009727569707,0.29672240532179467,0.19913419913419914
6676,0.5294117647058824,0.32558139534883723,0.28358208955223874,0.09448818897637795,0.3676470588235294,0.2170542635658915,0.11471698194304066,0.02977763986454331,0.3147679099009272,0.2329347116185843
6677,0.4117647058823529,0.5333333333333333,0.12,0.18644067796610167,0.19607843137254902,0.3833333333333333,0.029299125013621228,0.11588952814536929,0.2169980579844441,0.358915593123574
6678,0.5151515151515152,0.41071428571428575,0.18461538461538463,0.09090909090909091,0.3181818181818182,0.21428571428571427,0.07800435568808961,0.015558197187775485,0.3083397449348349,0.2096559633027523
6679,0.23300970873786409,0.265625,0.07920792079207921,0.12698412698412698,0.1553398058252427,0.171875,0.02169547848686038,0.03917207908729671,0.23790829145728642,0.216279956503933
6680,0.32786885245901637,0.5263157894736842,0.14999999999999997,0.3225806451612903,0.18032786885245902,0.48421052631578954,0.05130341849639178,0.15280059829304715,0.3025369692036359,0.4830210772833724
6681,0.49599999999999994,0.2884615384615385,0.3252032520325204,0.09803921568627451,0.39999999999999997,0.23076923076923075,0.22791927505623433,0.044100680623254396,0.44633987567543154,0.13979963570127502
6682,0.5542168674698795,0.42857142857142855,0.3950617283950617,0.22222222222222224,0.5542168674698795,0.3571428571428571,0.22860414459682069,0.08657882127296133,0.5346988795518206,0.20793704076684938
6683,0.4107142857142857,0.3548387096774194,0.14545454545454548,0.0819672131147541,0.3035714285714286,0.22580645161290322,0.06506862264367295,0.02255124360535616,0.3553441411145128,0.2507158219320066
6684,0.37662337662337664,0.4186046511627907,0.11842105263157895,0.12598425196850394,0.20779220779220778,0.24806201550387597,0.025888195005685715,0.03136279150926081,0.239324023477029,0.23329114735189518
6685,0.558139534883721,0.6913580246913581,0.35714285714285715,0.5316455696202531,0.3023255813953488,0.46913580246913583,0.11334814685804001,0.30261548091791324,0.4710796374571531,0.5747422680412371
6686,0.6304347826086958,0.4130434782608695,0.23076923076923078,0.06593406593406594,0.3152173913043479,0.18478260869565216,0.12586614953058875,0.020231213523147846,0.40240497681335313,0.1914660831509847
6687,0.5483870967741935,0.4492753623188405,0.29508196721311475,0.1911764705882353,0.41935483870967744,0.3333333333333333,0.0831517454701064,0.10126528266541579,0.35830999066293184,0.35325174959061717
6688,0.3221476510067114,0.46268656716417916,0.06802721088435375,0.16666666666666669,0.21476510067114096,0.20895522388059704,0.01680184851134556,0.0231193648460396,0.23023798591980413,0.25645740564037317
6689,0.6315789473684211,0.6949152542372882,0.44274809160305345,0.41379310344827586,0.5864661654135338,0.5932203389830508,0.3049641108813031,0.28787032386695993,0.6905688958707362,0.6376134339865167
6690,0.3016759776536313,0.31868131868131866,0.07909604519774012,0.13333333333333333,0.1564245810055866,0.23076923076923075,0.04505428841274207,0.0512059587740629,0.16312989536915257,0.18844082054309325
6691,0.5,0.5255474452554745,0.30136986301369867,0.26666666666666666,0.4459459459459459,0.4087591240875913,0.13353972954126325,0.13111596343652956,0.3844623131903833,0.3371161548731642
6692,0.33663366336633666,0.43749999999999994,0.1414141414141414,0.2553191489361702,0.2376237623762376,0.31250000000000006,0.12211216505053811,0.2015451792128069,0.2710259124787734,0.4043761349629755
6693,0.3584905660377359,0.2653061224489796,0.15384615384615383,0.020833333333333336,0.1509433962264151,0.12244897959183673,0.10504708062072636,0.009781698624753966,0.34214444733570415,0.15513126491646775
6694,0.4924623115577889,0.46511627906976744,0.20304568527918782,0.11764705882352941,0.21105527638190957,0.27906976744186046,0.11967422905192555,0.06166222828530893,0.2881981874076736,0.2591213317564669
6695,0.6153846153846153,0.4426229508196721,0.421875,0.2833333333333333,0.4615384615384615,0.39344262295081966,0.2204202044481204,0.16715748677759942,0.5800803922587799,0.4216198844359627
6696,0.5128205128205128,0.39655172413793105,0.23376623376623376,0.08771929824561404,0.3717948717948718,0.22413793103448276,0.09571963289748207,0.025270141054291054,0.32958741938333774,0.2521681409544149
6697,0.4406779661016949,0.4615384615384615,0.25862068965517243,0.3137254901960784,0.288135593220339,0.30769230769230765,0.11146718335317658,0.14715923841732947,0.37478991596638656,0.40584415584415584
6698,0.36619718309859156,0.38,0.2142857142857143,0.16326530612244897,0.2676056338028169,0.26,0.13689700928362142,0.09540691936152061,0.3670220723232378,0.1823295179263566
6699,0.20634920634920634,0.3050847457627119,0.08064516129032258,0.13793103448275862,0.14285714285714288,0.22033898305084743,0.0077934712131394026,0.03779546091954056,0.2632594678049224,0.39457514044943826
6700,0.5398773006134969,0.64,0.3354037267080745,0.28378378378378377,0.44171779141104295,0.4533333333333333,0.2303665441746123,0.13133083971459533,0.43225238464951204,0.4996772706316276
6701,0.3962264150943397,0.44943820224719094,0.28846153846153844,0.3448275862068966,0.339622641509434,0.4044943820224719,0.1606708089279713,0.19943446503860682,0.4869855967078189,0.4647521809055022
6702,0.5352112676056338,0.5833333333333334,0.3,0.23728813559322032,0.32394366197183094,0.3666666666666667,0.20978166390545025,0.09588601539451158,0.4612671882408724,0.31306085821504326
6703,0.45762711864406785,0.5609756097560975,0.27586206896551724,0.325,0.42372881355932207,0.5609756097560975,0.12677718104235952,0.13890300351724783,0.34897970918657056,0.37268800813008124
6704,0.5166666666666666,0.4915254237288136,0.23728813559322032,0.22413793103448276,0.4000000000000001,0.35593220338983045,0.08237593849286895,0.07516061335228393,0.3353789068074782,0.3179694799127997
6705,0.37254901960784315,0.3333333333333333,0.1,0.10638297872340426,0.17647058823529413,0.14583333333333334,0.02455700153670776,0.022730902717635823,0.18947149396587595,0.18132016511708657
6706,0.4782608695652174,0.45544554455445546,0.2058823529411765,0.202020202020202,0.3333333333333333,0.27722772277227725,0.09396052864221141,0.02040347359034393,0.3168340434472547,0.2147493307139693
6707,0.4186046511627907,0.5348837209302325,0.23622047244094488,0.3333333333333333,0.3255813953488372,0.46511627906976744,0.0792484880346419,0.16450502416523957,0.47018795180722894,0.511849901250823
6708,0.3461538461538462,0.3287671232876712,0.2156862745098039,0.1408450704225352,0.25,0.1917808219178082,0.10572980734816882,0.012077447942491012,0.25583333333333336,0.19322239184466508
6709,0.3829787234042553,0.4482758620689656,0.14388489208633096,0.15789473684210525,0.2695035460992908,0.2241379310344828,0.06995337279283205,0.029997366899298283,0.286820871436256,0.3432625067240451
6710,0.44776119402985076,0.6554621848739496,0.16666666666666669,0.37606837606837606,0.3432835820895522,0.5546218487394957,0.026393866111382537,0.19148595700498594,0.26879730783274614,0.5538178206419055
6711,0.39999999999999997,0.4565217391304348,0.13559322033898305,0.13333333333333333,0.26666666666666666,0.32608695652173914,0.0557202829975756,0.08981708397405702,0.336196569655927,0.30805142300987176
6712,0.3823529411764706,0.304,0.11940298507462688,0.08130081300813008,0.25,0.22399999999999998,0.02605477172978195,0.014595758609734168,0.1922480620155039,0.11667394786660844
6713,0.47058823529411764,0.4722222222222222,0.22388059701492535,0.22535211267605634,0.3529411764705882,0.2638888888888889,0.04317549525881319,0.04661263601889857,0.36256257248131996,0.3709376783675799
6714,0.4324324324324324,0.4387096774193548,0.2602739726027397,0.26143790849673204,0.3243243243243243,0.30967741935483867,0.2046337263622768,0.1976933132451043,0.3695197229750076,0.400681617887231
6715,0.28037383177570097,0.3917525773195877,0.05714285714285715,0.06315789473684211,0.22429906542056074,0.288659793814433,0.011966751775324046,0.012138741234428381,0.1348747591522158,0.17489631084915958
6716,0.4367816091954023,0.4296296296296297,0.11627906976744186,0.12030075187969927,0.1839080459770115,0.2074074074074074,0.054908567995182504,0.03485811741883517,0.2558150498491407,0.22175058548009366
6717,0.5951219512195122,0.5555555555555555,0.3842364532019704,0.3625,0.351219512195122,0.38271604938271603,0.23823701726225255,0.19340591442850832,0.4443973118148499,0.3604661449991611
6718,0.34074074074074073,0.3191489361702128,0.13533834586466165,0.021739130434782608,0.2518518518518518,0.14893617021276598,0.039301991892703496,0.005982129067776496,0.3106350770026587,0.16375545851528384
6719,0.2905982905982906,0.2113821138211382,0.01739130434782609,0.0,0.11965811965811965,0.13008130081300814,0.005285839842238458,0.004988485688903123,0.11326860841423947,0.08828250401284107
6720,0.3609022556390977,0.4,0.12213740458015267,0.22556390977443608,0.2406015037593985,0.2814814814814815,0.07101213361060311,0.14334576707809601,0.349088311224407,0.4342936749583502
6721,0.4585987261146497,0.41830065359477125,0.18064516129032257,0.1324503311258278,0.2675159235668789,0.23529411764705882,0.10016148772159707,0.08944620046705093,0.2513733609385783,0.25231366029371016
6722,0.3384615384615385,0.2777777777777778,0.125,0.03773584905660378,0.1846153846153846,0.14814814814814817,0.06212658733909329,0.0056989542032516195,0.2954399486191394,0.12048192771084336
6723,0.5439999999999999,0.5179856115107914,0.40650406504065045,0.3503649635036496,0.432,0.38848920863309355,0.3128076861059103,0.32475442279493205,0.3938747453637736,0.42046792723421406
6724,0.7538461538461539,0.7259259259259259,0.7343749999999999,0.7067669172932332,0.7538461538461539,0.7259259259259259,0.47626641713713347,0.45020918509898544,0.748601840945775,0.7046760732174839
6725,0.6428571428571429,0.5578231292517006,0.463768115942029,0.28965517241379307,0.5285714285714286,0.35374149659863946,0.27214399233737513,0.12687969393220083,0.6119254580138934,0.5106685368731017
6726,0.7241379310344827,0.8256880733944953,0.5087719298245614,0.7289719626168225,0.6551724137931034,0.8256880733944953,0.3391497162240932,0.5180445473804851,0.620431756517636,0.7236301073407204
6727,0.6442953020134228,0.6363636363636364,0.40816326530612246,0.4210526315789474,0.38926174496644295,0.5064935064935064,0.21784444098206945,0.2057628920656869,0.596217105263158,0.5727421742808798
6728,0.39175257731958757,0.43956043956043955,0.16842105263157897,0.11235955056179776,0.2268041237113402,0.24175824175824176,0.06810310693071296,0.06384484125323968,0.3238396624472574,0.3835051546391753
6729,0.32075471698113206,0.24528301886792453,0.17307692307692307,0.03846153846153846,0.18867924528301888,0.1509433962264151,0.08533654358875632,0.021744490455731645,0.1884694830739274,0.21098108986728237
6730,0.8793103448275863,0.8,0.8596491228070174,0.7551020408163266,0.8793103448275863,0.8,0.6671393385646656,0.6121409427000775,0.8099134667387777,0.6735111186845019
6731,0.4133333333333333,0.38016528925619836,0.17567567567567569,0.16806722689075632,0.32,0.2644628099173554,0.02772435274500558,0.05952523922534138,0.3082357203236324,0.2920715905409783
6732,0.35185185185185186,0.3789473684210526,0.11320754716981132,0.17204301075268819,0.24074074074074073,0.23157894736842105,0.08156879226760765,0.09622960990811805,0.2101864341615676,0.23247533247533247
6733,0.33540372670807456,0.3529411764705882,0.0880503144654088,0.09523809523809526,0.11180124223602483,0.12941176470588234,0.021560051089360727,0.08231420989290734,0.1856432819701556,0.2437569691154734
6734,0.5656565656565656,0.4666666666666666,0.3917525773195876,0.2954545454545454,0.3636363636363637,0.3555555555555555,0.18725075919970366,0.16595431212603512,0.4790924369747898,0.3540598290598291
6735,0.5421686746987951,0.5764705882352941,0.23170731707317074,0.2738095238095238,0.3855421686746988,0.39999999999999997,0.1470379287226277,0.1501856478066314,0.3587790959645573,0.39518593433428595
6736,0.7999999999999999,0.6506024096385542,0.6530612244897959,0.5185185185185186,0.76,0.6265060240963856,0.4591601814819465,0.325513265402036,0.70173976273942,0.4619242640075974
6737,0.460093896713615,0.38947368421052636,0.17061611374407584,0.22340425531914893,0.1971830985915493,0.2105263157894737,0.017836878539025536,0.03468702265863132,0.18654738413478503,0.19494980359123856
6738,0.5306122448979592,0.559322033898305,0.27586206896551724,0.25862068965517243,0.3129251700680272,0.44067796610169496,0.15972506678536533,0.051328091969654016,0.4163492227864299,0.29375600655774775
6739,0.3953488372093023,0.4155844155844156,0.16666666666666666,0.18666666666666668,0.3023255813953488,0.28571428571428575,0.07879356782810766,0.10170214232156466,0.293755075994895,0.30181008075744925
6740,0.3859649122807018,0.5037037037037037,0.17751479289940827,0.3157894736842105,0.24561403508771928,0.3703703703703704,0.1273463549100155,0.16838233055409504,0.25655818323277696,0.3286061668939195
6741,0.2882882882882883,0.5833333333333334,0.16513761467889912,0.49152542372881364,0.21621621621621623,0.5666666666666667,0.12605968092174913,0.34457533487156955,0.28133294423368216,0.5928853754940712
6742,0.48648648648648646,0.47311827956989244,0.1639344262295082,0.11956521739130435,0.23783783783783782,0.25806451612903225,0.06828188389968533,0.06953081084925145,0.24434444997511193,0.24886511024643324
6743,0.463768115942029,0.4695652173913043,0.2647058823529412,0.21238938053097345,0.36231884057971014,0.3826086956521739,0.11442620155186638,0.04362593202035235,0.34243868793803955,0.2584822102114895
6744,0.40944881889763785,0.39316239316239315,0.20800000000000002,0.22608695652173913,0.31496062992125984,0.30769230769230765,0.11253543719906677,0.14724446797615603,0.3602362414960537,0.32899366643209005
6745,0.4172661870503597,0.411214953271028,0.21897810218978103,0.2476190476190476,0.28776978417266186,0.3364485981308411,0.053529807891917795,0.08609583710384033,0.21357476635514022,0.2629275286397662
6746,0.5693430656934307,0.33613445378151263,0.4740740740740741,0.15384615384615385,0.48175182481751827,0.2352941176470588,0.3787374695128378,0.1075900226114445,0.47964921944775724,0.2536894071846003
6747,0.4883720930232558,0.5675675675675675,0.21428571428571427,0.3055555555555556,0.27906976744186046,0.4324324324324324,0.029877355754377805,0.1778191604611669,0.36071428571428577,0.5075890442393745
6748,0.4489795918367347,0.3170731707317073,0.27083333333333337,0.15,0.36734693877551017,0.2926829268292683,0.22698589870227875,0.11606928497478756,0.4609368201757753,0.14917840375586852
6749,0.6458333333333334,0.609271523178808,0.4421052631578948,0.40268456375838924,0.4479166666666667,0.490066225165563,0.3095106031215692,0.2553691956671186,0.5614973262032086,0.43818932048211384
6750,0.42168674698795183,0.4461538461538461,0.12195121951219515,0.140625,0.2289156626506024,0.24615384615384617,0.06147401320055398,0.08665394741223759,0.3062094386149544,0.2759616399217539
6751,0.3763440860215053,0.46987951807228917,0.11956521739130435,0.21951219512195122,0.1935483870967742,0.26506024096385544,0.029121850275458,0.10353101960695889,0.21186244421890355,0.30897942842303133
6752,0.4623655913978495,0.41134751773049644,0.14130434782608697,0.11510791366906475,0.22580645161290322,0.24113475177304963,0.02244841879910023,0.011478989451171588,0.30775304928493996,0.1891504547841017
6753,0.5853658536585366,0.4722222222222222,0.23456790123456792,0.19718309859154928,0.23170731707317072,0.26388888888888884,0.09266128979203009,0.0416831958902628,0.36542269470907246,0.30823017978190387
6754,0.5298013245033112,0.671875,0.3221476510067114,0.46031746031746035,0.41059602649006627,0.578125,0.17861112432332413,0.30032116865906505,0.47212548564955337,0.5833419850498338
6755,0.4295302013422819,0.4247787610619469,0.1496598639455782,0.16216216216216214,0.28187919463087246,0.33628318584070793,0.04660378137843959,0.04079746939054862,0.30130895795246804,0.23977681322327482
6756,0.4509803921568628,0.5148514851485149,0.28,0.36363636363636365,0.4117647058823529,0.43564356435643564,0.15749131030957084,0.2028774994709225,0.33253675033231683,0.36837053035757134
6757,0.45569620253164556,0.6724137931034483,0.24358974358974358,0.5087719298245613,0.34177215189873417,0.6379310344827586,0.1453207170326445,0.34397393363650836,0.42720073103868406,0.5439322562860575
6758,0.35416666666666663,0.3582089552238806,0.0851063829787234,0.15384615384615385,0.22916666666666669,0.29850746268656714,0.024482899835578144,0.0813456905370648,0.30403461924837083,0.2562204446015822
6759,0.46153846153846156,0.3695652173913044,0.1348314606741573,0.08888888888888888,0.32967032967032966,0.2608695652173913,0.09994692320435417,0.07312765319030126,0.24313725490196078,0.1935265700483092
6760,0.4277456647398844,0.4936708860759493,0.1286549707602339,0.20512820512820512,0.2658959537572254,0.3417721518987342,0.04881933661511932,0.038253754782043105,0.2878702501408727,0.2986593807444853
6761,0.4646464646464647,0.4545454545454546,0.3092783505154639,0.3023255813953488,0.404040404040404,0.43181818181818177,0.17745058515664416,0.22571029068623835,0.45060173523649594,0.3937680306575001
6762,0.6491228070175439,0.6315789473684211,0.42857142857142855,0.4107142857142857,0.5263157894736843,0.28070175438596495,0.34152735729312633,0.26711215548109557,0.5551588827252033,0.48465232402937164
6763,0.6518518518518519,0.6451612903225806,0.37593984962406013,0.3442622950819672,0.41481481481481475,0.435483870967742,0.1997582171281484,0.2014949232265358,0.565966307022525,0.5413985553247151
6764,0.48951048951048953,0.4266666666666667,0.24113475177304963,0.22972972972972974,0.3636363636363636,0.3466666666666667,0.11902254566851884,0.1513533353074106,0.47787873641304346,0.40437271423045673
6765,0.37037037037037035,0.20000000000000004,0.1320754716981132,0.0,0.2962962962962963,0.1090909090909091,0.07860263587184375,0.0037723154915721355,0.3006597252327167,0.1020408163265306
6766,0.5894736842105264,0.8157894736842106,0.45161290322580644,0.7027027027027027,0.5052631578947367,0.7631578947368423,0.2588971462473137,0.5247574818133272,0.5944347826086956,0.7230634189159535
6767,0.3833333333333333,0.5161290322580645,0.1694915254237288,0.32967032967032966,0.3,0.45161290322580644,0.07718732486670885,0.12680676386575707,0.34925464989059085,0.40669099221875427
6768,0.37878787878787884,0.38834951456310685,0.13846153846153844,0.17821782178217824,0.25757575757575757,0.31067961165048547,0.07686803394620453,0.11835858958537739,0.29332039474626526,0.27535228230759967
6769,0.3714285714285714,0.35789473684210527,0.10144927536231883,0.04301075268817204,0.2142857142857143,0.16842105263157894,0.007731747693943985,0.0072768890665241785,0.262981762339639,0.14989293361884368
6770,0.24390243902439024,0.3389830508474576,0.049586776859504134,0.05172413793103449,0.14634146341463414,0.1864406779661017,0.005443871917443361,0.010221675090081372,0.10135135135135137,0.11965811965811965
6771,0.4444444444444445,0.4736842105263158,0.1443298969072165,0.2162162162162162,0.30303030303030304,0.36842105263157887,0.030205317787352918,0.06567310665707193,0.353715673198591,0.3847442888458124
6772,0.38636363636363635,0.4,0.09302325581395349,0.06349206349206349,0.25,0.24615384615384617,0.014481605402011412,0.014288300358350334,0.25308276344838726,0.20957746478873235
6773,0.49295774647887325,0.4,0.2857142857142857,0.22556390977443608,0.4366197183098592,0.34074074074074073,0.10801343464471497,0.0948291718376371,0.47849398567799456,0.3307496192871686
6774,0.4770642201834862,0.4791666666666667,0.16822429906542055,0.14893617021276595,0.2935779816513761,0.2916666666666667,0.07872991869200417,0.07325305707114936,0.2976536746170254,0.2751972072554748
6775,0.6071428571428571,0.5360824742268042,0.4,0.3157894736842105,0.5178571428571428,0.41237113402061853,0.2648634566399074,0.22156520732809756,0.5410347732843136,0.43821598174009935
6776,0.29310344827586204,0.35789473684210527,0.08771929824561404,0.17204301075268816,0.22413793103448273,0.2947368421052632,0.008953454363576497,0.09194540939657105,0.3339273837888796,0.3274415185772527
6777,0.6382978723404255,0.6666666666666667,0.3695652173913044,0.4109589041095891,0.5319148936170213,0.5599999999999999,0.09844700258497993,0.05182805652717696,0.5247058823529412,0.39497682455226135
6778,0.4161849710982659,0.3798882681564246,0.16374269005847955,0.13559322033898305,0.26589595375722547,0.1564245810055866,0.04821846799538404,0.0597703474631751,0.17606551274892981,0.2025083340108952
6779,0.5255474452554745,0.5439999999999999,0.2666666666666666,0.2926829268292683,0.32116788321167883,0.38399999999999995,0.12295562320066664,0.12273724219990101,0.4333219319491437,0.4323630136986301
6780,0.3711340206185567,0.24742268041237114,0.16842105263157894,0.021052631578947368,0.18556701030927836,0.14432989690721648,0.051759883921763,0.005113237542365033,0.3648536620530565,0.16549479166666667
6781,0.47120418848167545,0.5729166666666667,0.20105820105820107,0.25263157894736843,0.28272251308900526,0.3229166666666667,0.11548067636186787,0.17340279233607822,0.3321792198233562,0.40652600588812565
6782,0.5824175824175823,0.7500000000000001,0.37777777777777777,0.676056338028169,0.27472527472527475,0.5694444444444445,0.25670296500383494,0.5180515430115522,0.5388489785570711,0.6366831812255541
6783,0.47761194029850745,0.5504587155963303,0.19696969696969696,0.22429906542056074,0.3134328358208955,0.36697247706422015,0.13196445392113873,0.13871559027341823,0.3384038800705468,0.3918016211459708
6784,0.6666666666666667,0.5925925925925926,0.39999999999999997,0.4050632911392405,0.43137254901960786,0.4691358024691358,0.3175112526325742,0.21260266820807044,0.5449005466049492,0.427710645023213
6785,0.37037037037037035,0.2631578947368421,0.09433962264150943,0.05405405405405405,0.2222222222222222,0.1842105263157895,0.012135535443828315,0.007048793693474341,0.2646921641791045,0.0802139037433155
6786,0.4888888888888889,0.45783132530120485,0.23595505617977533,0.2073170731707317,0.24444444444444444,0.24096385542168672,0.1219659183783486,0.07160283503905404,0.28810060060060055,0.23152809560132215
6787,0.5,0.509090909090909,0.2077922077922078,0.26993865030674846,0.3205128205128205,0.3393939393939394,0.11217405785551501,0.14461822536769547,0.31329336981672673,0.35459120704314195
6788,0.5298013245033112,0.5270270270270271,0.3087248322147651,0.27397260273972607,0.4370860927152318,0.43243243243243246,0.15586671812592123,0.1148397552076213,0.48655578603495275,0.44866910437510055
6789,0.41237113402061853,0.43636363636363634,0.09375,0.13496932515337423,0.16494845360824742,0.23030303030303031,0.07433784360851849,0.04798563097547977,0.2503080821596477,0.2256947415050182
6790,0.2764227642276423,0.31884057971014496,0.06611570247933883,0.02985074626865672,0.1626016260162602,0.17391304347826086,0.008302169728235529,0.014893633076287466,0.22789643240663407,0.17884814049586775
6791,0.4897959183673469,0.6095238095238096,0.2206896551724138,0.3495145631067962,0.3537414965986395,0.4380952380952381,0.09157978700210123,0.20575118853427268,0.45382587685760417,0.46820597006641235
6792,0.43537414965986393,0.6534653465346535,0.17931034482758623,0.42424242424242425,0.3129251700680272,0.495049504950495,0.054094005790871716,0.26201619122177777,0.28892881145634086,0.48007440458671313
6793,0.41726618705035967,0.38150289017341044,0.1313868613138686,0.05847953216374269,0.27338129496402874,0.24277456647398843,0.05664012620630393,0.017831976724323722,0.2566448025347809,0.3054421768707483
6794,0.6285714285714286,0.3529411764705882,0.3300970873786408,0.16,0.5333333333333333,0.23529411764705882,0.134833287041775,0.03596506155564311,0.5691648192553048,0.31898619871691203
6795,0.5594405594405594,0.4761904761904762,0.21276595744680854,0.1941747572815534,0.32167832167832167,0.3238095238095238,0.10174688593592023,0.023740861932012386,0.35633919518550417,0.21893759873617694
6796,0.3478260869565217,0.38095238095238093,0.1764705882352941,0.15533980582524268,0.26086956521739135,0.26666666666666666,0.10562736171234449,0.09661292227629298,0.29258620167711075,0.2562905230624517
6797,0.39705882352941174,0.2891566265060241,0.20895522388059698,0.07407407407407407,0.32352941176470584,0.24096385542168675,0.09529159113699666,0.06856374867510526,0.40461898978575,0.19968541682270988
6798,0.36065573770491804,0.3777777777777778,0.14999999999999997,0.1590909090909091,0.19672131147540983,0.26666666666666666,0.07993564266443212,0.07190131304423057,0.30503498024431797,0.2286310004227679
6799,0.3584905660377358,0.38202247191011235,0.15384615384615385,0.16091954022988508,0.2830188679245283,0.2921348314606741,0.10133918279681271,0.11315979329135123,0.28035503256141414,0.28270866297468356
6800,0.40845070422535207,0.29508196721311475,0.12857142857142856,0.06666666666666667,0.2112676056338028,0.18032786885245902,0.028140840203529104,0.018426549072612503,0.2535241464329743,0.14987194206482382
6801,0.4715447154471545,0.4065040650406504,0.2644628099173554,0.18181818181818182,0.3252032520325203,0.2926829268292683,0.11241663979118593,0.0933206163189177,0.23470662061706057,0.21108360836083606
6802,0.2553191489361702,0.2117647058823529,0.06521739130434782,0.048192771084337345,0.1702127659574468,0.09411764705882353,0.026789089869570792,0.005899757044075416,0.1576596628679962,0.07641921397379912
6803,0.4,0.396551724137931,0.14814814814814814,0.12280701754385966,0.32727272727272727,0.3103448275862069,0.08984259076071976,0.061017867834616046,0.3312052206821821,0.3194780122343168
6804,0.2268041237113402,0.16216216216216214,0.0,0.0,0.16494845360824742,0.13513513513513511,0.006486155788333823,0.005260496830220582,0.13513513513513511,0.10403293638496615
6805,0.45217391304347826,0.6226415094339622,0.3185840707964602,0.4230769230769231,0.34782608695652173,0.5660377358490566,0.19808432862249653,0.3367885162704873,0.3737440882998539,0.5205761316872428
6806,0.4406779661016949,0.3111111111111111,0.10344827586206896,0.06818181818181818,0.2542372881355932,0.17777777777777778,0.024358810334374533,0.00982741071444631,0.26276259111237116,0.11919987434930891
6807,0.5106382978723404,0.5157894736842106,0.19354838709677422,0.23404255319148937,0.2659574468085107,0.3578947368421052,0.07913414757455066,0.16714255791591373,0.36727406880377356,0.3282916003280745
6808,0.6357615894039735,0.4878048780487804,0.5100671140939598,0.2644628099173554,0.38410596026490057,0.3252032520325204,0.3663771019221708,0.18047663883280973,0.6091294098845339,0.3499686126804771
6809,0.546448087431694,0.5524861878453038,0.2541436464088398,0.2569832402234637,0.29508196721311475,0.38674033149171266,0.0832559064441414,0.1181098755025937,0.2646921641791044,0.3119103850597436
6810,0.32786885245901637,0.40404040404040403,0.13333333333333333,0.1443298969072165,0.14754098360655737,0.24242424242424243,0.08147469246801813,0.10083614729849642,0.20276063100137182,0.2651464228899196
6811,0.3252032520325203,0.5289256198347106,0.049586776859504134,0.2521008403361345,0.16260162601626016,0.3305785123966942,0.010175050456794997,0.14566953259549156,0.2888202573496559,0.4472419028340081
6812,0.3333333333333333,0.35384615384615387,0.1911764705882353,0.20312500000000003,0.2608695652173913,0.27692307692307694,0.10718776990962171,0.11952895981652763,0.27570715474209656,0.2690904504538172
6813,0.2,0.19178082191780824,0.0,0.0,0.1,0.1095890410958904,0.0071362545831176565,0.006382895647342395,0.08413461538461539,0.06097560975609757
6814,0.39603960396039606,0.574468085106383,0.08080808080808081,0.30434782608695654,0.25742574257425743,0.48936170212765956,0.017636905168211956,0.22428305623073977,0.31759854098549195,0.4695434343434344
6815,0.4615384615384615,0.3692307692307692,0.1391304347826087,0.140625,0.23931623931623933,0.2153846153846154,0.025293693105258173,0.022562189839773806,0.2558333333333333,0.28903597283618426
6816,0.3025210084033613,0.2828282828282828,0.06837606837606838,0.08247422680412372,0.20168067226890757,0.18181818181818182,0.017392899283517418,0.02250110187024035,0.19941587086140863,0.17084001480202296
6817,0.3149606299212598,0.24691358024691357,0.112,0.0,0.22047244094488191,0.1728395061728395,0.036761726143807544,0.006722791268893393,0.2638510556496274,0.13192612137203166
6818,0.4713375796178344,0.5657894736842106,0.1935483870967742,0.22666666666666668,0.2802547770700637,0.2631578947368421,0.07529792071011587,0.09314976805085165,0.23432635429638854,0.2938737414470432
6819,0.410958904109589,0.3925233644859813,0.15277777777777776,0.1523809523809524,0.2054794520547945,0.2990654205607477,0.04364286552806763,0.01771577241380589,0.270185800694694,0.22459639126305794
6820,0.3625730994152047,0.46969696969696967,0.15384615384615383,0.12307692307692307,0.26900584795321636,0.2575757575757576,0.13465793470917356,0.06668721876940263,0.29434295303181873,0.22881210827685616
6821,0.49180327868852464,0.5139664804469274,0.18784530386740333,0.1694915254237288,0.33879781420765026,0.3016759776536313,0.14732123221468438,0.10941896714287942,0.3049179720314275,0.3626636965033077
6822,0.6333333333333333,0.7090909090909091,0.3220338983050847,0.42592592592592593,0.4833333333333334,0.5636363636363637,0.1947886203993148,0.2871422940847247,0.4817881227883124,0.5514922732098619
6823,0.5314685314685315,0.4444444444444445,0.326241134751773,0.26415094339622647,0.3776223776223776,0.31481481481481477,0.1316761736576793,0.21585221500709117,0.49515994639655025,0.37555850742663927
6824,0.6145833333333334,0.5348837209302325,0.28421052631578947,0.2588235294117647,0.2916666666666667,0.32558139534883723,0.1648924154115783,0.1396977588704452,0.3984973876698014,0.31659574468085105
6825,0.44274809160305345,0.3902439024390244,0.3255813953488372,0.18181818181818182,0.3969465648854961,0.2926829268292683,0.21769897651788855,0.1302630014117743,0.39715302491103205,0.30576869865054696
6826,0.29850746268656714,0.45,0.12121212121212123,0.13559322033898308,0.22388059701492535,0.2666666666666667,0.04655212514884056,0.035768462725596605,0.2485680214259183,0.3505659643139185
6827,0.5436893203883495,0.6590909090909091,0.1584158415841584,0.3488372093023256,0.34951456310679613,0.4772727272727273,0.03978078222155478,0.1405399776211328,0.3193349783197183,0.39535490605427975
6828,0.41600000000000004,0.37623762376237624,0.1951219512195122,0.24242424242424243,0.24000000000000005,0.27722772277227725,0.03726959709284965,0.04716385523414722,0.29016901408450707,0.2445297212127373
6829,0.26229508196721313,0.23529411764705882,0.11666666666666667,0.0,0.21311475409836067,0.11764705882352941,0.09486000320952537,0.005984599565984752,0.22055352055352054,0.10416666666666667
6830,0.23529411764705882,0.4266666666666667,0.06837606837606837,0.136986301369863,0.1680672268907563,0.32,0.006978065245536884,0.03177604227107873,0.14218009478672985,0.2113122567668022
6831,0.2857142857142857,0.16666666666666666,0.024390243902439025,0.0,0.16666666666666669,0.1111111111111111,0.010132385610082912,0.005927305348705561,0.1801801801801802,0.09374999999999999
6832,0.3972602739726027,0.3178807947019867,0.1388888888888889,0.06711409395973153,0.24657534246575344,0.17218543046357615,0.02376391319042782,0.009634499565783671,0.3079664395632737,0.25376928970299506
6833,0.25,0.3333333333333333,0.07936507936507936,0.1016949152542373,0.203125,0.19999999999999998,0.008287424277099725,0.012646071698454286,0.15561638280616383,0.2063012875042373
6834,0.5673758865248227,0.5,0.3165467625899281,0.28358208955223885,0.48226950354609927,0.411764705882353,0.1688220394764023,0.17201178900560649,0.4962751533466083,0.359154067454245
6835,0.47863247863247865,0.42857142857142855,0.22608695652173913,0.1951219512195122,0.2905982905982906,0.3333333333333333,0.11750340743966378,0.03940055161807914,0.3994970530451866,0.28152081144957974
6836,0.6235294117647059,0.5620915032679739,0.39285714285714285,0.2649006622516556,0.4823529411764706,0.3660130718954248,0.34500475896962685,0.07938710295622128,0.4541508475514778,0.3961728335568781
6837,0.35593220338983045,0.5915492957746479,0.0689655172413793,0.2571428571428572,0.20338983050847456,0.352112676056338,0.012892046754666356,0.15495554415397328,0.18410038912684418,0.4742069453762663
6838,0.4805194805194805,0.5230769230769231,0.2105263157894737,0.25,0.33766233766233766,0.3538461538461538,0.07896025707743007,0.09278063413338294,0.3559172695232795,0.3330460509390275
6839,0.5238095238095238,0.47619047619047616,0.19277108433734938,0.2206896551724138,0.33333333333333326,0.3401360544217687,0.06061487734405135,0.16109200078398647,0.38841872066946304,0.2820454337565945
6840,0.43537414965986393,0.345679012345679,0.2482758620689655,0.16250000000000003,0.21768707482993196,0.1728395061728395,0.13746856584627043,0.09047081233468729,0.33878360868156787,0.2203575795510786
6841,0.41379310344827586,0.45,0.2352941176470588,0.25641025641025644,0.41379310344827586,0.45,0.10151973215744818,0.10097533284009591,0.36947791164658633,0.3563856204156479
6842,0.375,0.4642857142857143,0.20634920634920637,0.14545454545454545,0.265625,0.25,0.10598780323809842,0.06789311587451442,0.257408928357545,0.2650927769652328
6843,0.3917525773195876,0.5517241379310345,0.16842105263157894,0.4,0.28865979381443296,0.5057471264367817,0.06500143297147369,0.18014267897960146,0.29839572192513364,0.4195026426860336
6844,0.5692307692307692,0.6373626373626373,0.34375,0.3820224719101124,0.43076923076923074,0.4835164835164836,0.21272095580091518,0.15812039715236065,0.49736909834424775,0.40837120045183817
6845,0.5104602510460251,0.43265306122448977,0.20253164556962028,0.1646090534979424,0.27615062761506276,0.2612244897959184,0.08361961187180088,0.06625638734044047,0.2503232771695454,0.25379034669856665
6846,0.3728813559322034,0.5196850393700787,0.10344827586206896,0.32,0.22033898305084745,0.4409448818897638,0.04906181826390554,0.24984257193140427,0.27388833992094863,0.4436289851565209
6847,0.39999999999999997,0.5225225225225225,0.22033898305084745,0.3119266055045871,0.26666666666666666,0.36036036036036034,0.09081625231038637,0.16234178728674326,0.37733529990167164,0.5485012993581224
6848,0.3644859813084112,0.2830188679245283,0.1320754716981132,0.06666666666666667,0.17757009345794394,0.14150943396226415,0.06487153915940141,0.015696055345503914,0.18935900335933906,0.14164183296971591
6849,0.509090909090909,0.5238095238095238,0.24074074074074076,0.31707317073170727,0.32727272727272727,0.380952380952381,0.15507833376340666,0.2623924764722929,0.5316613471848469,0.4588458581587546
6850,0.5222929936305732,0.5511811023622046,0.33548387096774196,0.4,0.42038216560509556,0.5039370078740157,0.24132786431856576,0.28460928289025306,0.5336127633424932,0.5331879400061218
6851,0.4444444444444444,0.4313725490196078,0.16129032258064516,0.18000000000000002,0.3650793650793651,0.37254901960784315,0.02929291946815824,0.03973275014163891,0.3398562393521436,0.29924852388620504
6852,0.5135135135135135,0.5070422535211268,0.34246575342465757,0.34285714285714286,0.36486486486486486,0.4507042253521127,0.23209656371835063,0.2446935053102291,0.4100216622962034,0.4186645235988599
6853,0.7222222222222221,0.6200000000000001,0.6261682242990655,0.5454545454545455,0.4722222222222222,0.54,0.4021062752703991,0.28891626814722465,0.5221755341842683,0.42110888582896844
6854,0.3882352941176471,0.425531914893617,0.16666666666666666,0.15053763440860213,0.27058823529411763,0.26595744680851063,0.08429376570899073,0.10236895460820186,0.2368800461361015,0.2904790850224247
6855,0.273972602739726,0.39669421487603307,0.09722222222222221,0.08403361344537814,0.1917808219178082,0.18181818181818182,0.05565793846337979,0.030978320909217746,0.2406535789097226,0.26490685965092553
6856,0.27956989247311825,0.2556390977443609,0.04395604395604395,0.03053435114503817,0.21505376344086025,0.13533834586466165,0.014727093431436971,0.00849921634794117,0.17685143418154803,0.2039813746849502
6857,0.3023255813953488,0.35616438356164387,0.11904761904761905,0.16901408450704225,0.23255813953488372,0.3013698630136986,0.07713181697031174,0.029296398918689483,0.2634340167882207,0.28863387434033655
6858,0.4897959183673469,0.411764705882353,0.24827586206896557,0.11940298507462688,0.36734693877551017,0.25,0.0585352600450657,0.0220925584469178,0.3744362674208096,0.29502657116451014
6859,0.4722222222222222,0.4197530864197531,0.2676056338028169,0.17500000000000002,0.40277777777777773,0.32098765432098764,0.10708246290421289,0.10627462596201588,0.25786343088270286,0.24074155211128762
6860,0.7636363636363637,0.3285714285714285,0.7239263803680981,0.05797101449275362,0.7515151515151515,0.21428571428571427,0.4874537727697391,0.020464026101734187,0.8039816232771821,0.21196164125481945
6861,0.5039370078740157,0.4770642201834862,0.384,0.29906542056074764,0.4251968503937008,0.40366972477064217,0.30081517457436696,0.22836431103713695,0.611336976806185,0.4688914939277783
6862,0.5732484076433122,0.35460992907801414,0.2709677419354839,0.07194244604316546,0.3439490445859873,0.18439716312056736,0.1307085191851789,0.011149250942091824,0.44702805819326435,0.1567064228569612
6863,0.42105263157894735,0.43243243243243246,0.1733333333333333,0.14678899082568805,0.26315789473684215,0.23423423423423423,0.0717900175814847,0.029344544468831443,0.2808094105656532,0.2593783686669062
6864,0.3466666666666667,0.3649635036496351,0.09459459459459459,0.08888888888888888,0.24000000000000005,0.1897810218978102,0.020943843746071732,0.01981574890787891,0.2008538164728501,0.19718521017222324
6865,0.44000000000000006,0.5714285714285713,0.22448979591836732,0.2921348314606741,0.33999999999999997,0.3956043956043956,0.12146971409579893,0.15445410847073884,0.2572874493927126,0.43353086419753095
6866,0.4230769230769231,0.43859649122807015,0.2745098039215686,0.19642857142857145,0.40384615384615385,0.28070175438596495,0.17946797172178303,0.11718650491182282,0.24442239858906523,0.29559021760061627
6867,0.4285714285714286,0.4210526315789474,0.14583333333333334,0.1935483870967742,0.28571428571428575,0.3368421052631579,0.030891581672482227,0.12041494936658495,0.3126050420168067,0.28511469414893614
6868,0.37209302325581395,0.3622047244094488,0.09448818897637795,0.096,0.26356589147286824,0.2362204724409449,0.043405622553443046,0.04384256821443283,0.28224064583239733,0.2736560770338919
6869,0.35460992907801414,0.30107526881720426,0.15827338129496404,0.13186813186813187,0.28368794326241137,0.23655913978494625,0.07533521010895741,0.08744696708014982,0.30953821334946563,0.2283341371887021
6870,0.59375,0.5826771653543307,0.28571428571428575,0.32,0.37500000000000006,0.4094488188976378,0.1047540150659162,0.12455368368876239,0.47377012185948536,0.500392464678179
6871,0.2061855670103093,0.2061855670103093,0.08421052631578949,0.08421052631578949,0.18556701030927833,0.18556701030927833,0.04114212836378983,0.04114212836378983,0.1824845679012346,0.1824845679012346
6872,0.40336134453781514,0.3220338983050847,0.10256410256410257,0.10344827586206895,0.2521008403361345,0.1694915254237288,0.05601748457840769,0.05290554280764955,0.24747767857142858,0.1718967156755175
6873,0.3137254901960784,0.36585365853658536,0.08,0.15,0.17647058823529413,0.29268292682926833,0.009680725341678643,0.07195213544257117,0.1783835998712032,0.27435574093833864
6874,0.6885245901639344,0.7154471544715446,0.45,0.4793388429752066,0.6065573770491803,0.6341463414634146,0.3783272770616016,0.380858035373966,0.625,0.637423160816974
6875,0.5521472392638037,0.5428571428571428,0.2732919254658385,0.2898550724637681,0.4171779141104294,0.45714285714285713,0.10470874523733069,0.11313429967223497,0.4087795339272486,0.34136980685131196
6876,0.5048543689320388,0.3516483516483517,0.2772277227722772,0.06741573033707865,0.4077669902912622,0.21978021978021978,0.21074502026949388,0.015525263673544724,0.4571530522617479,0.18057245886860493
6877,0.3826086956521739,0.33333333333333326,0.12389380530973451,0.1320754716981132,0.20869565217391306,0.2037037037037037,0.028419556369877374,0.02925410223359826,0.2984469093891587,0.25130975769482644
6878,0.4961240310077519,0.46296296296296297,0.2047244094488189,0.1509433962264151,0.21705426356589147,0.3518518518518518,0.0889479631634868,0.09282544875210458,0.3378169883303411,0.2605757009345795
6879,0.23913043478260868,0.27027027027027023,0.0,0.0,0.13043478260869568,0.2162162162162162,0.005598047878805489,0.00732573993509772,0.1510989010989011,0.12968299711815562
6880,0.44329896907216493,0.4725274725274725,0.20833333333333331,0.2333333333333333,0.36082474226804123,0.3516483516483517,0.14637357684643473,0.15189829163968704,0.32578729334461376,0.34433703305883756
6881,0.4044943820224719,0.463768115942029,0.13636363636363638,0.2058823529411765,0.23595505617977527,0.30434782608695654,0.04541854813964726,0.06936893753053408,0.28408467864757847,0.29266876021241833
6882,0.35151515151515156,0.3787878787878788,0.1226993865030675,0.20000000000000004,0.2545454545454546,0.3333333333333333,0.0789896668660556,0.17778131205151854,0.206043956043956,0.2342915790824131
6883,0.6774193548387097,0.8043478260869565,0.540983606557377,0.7555555555555555,0.6129032258064515,0.8043478260869565,0.34926496400285006,0.4489634481880857,0.6272794616792325,0.6297837532540883
6884,0.3232323232323232,0.40404040404040403,0.10309278350515463,0.16494845360824742,0.18181818181818182,0.30303030303030304,0.057446387286086247,0.07560369744522255,0.23744680851063832,0.3262411347517731
6885,0.25806451612903225,0.463768115942029,0.021978021978021976,0.208955223880597,0.12903225806451613,0.3768115942028986,0.00876496357013749,0.13230152143737722,0.16034985422740525,0.37749912922326717
6886,0.5534591194968553,0.5,0.2165605095541401,0.19047619047619047,0.33962264150943394,0.34375,0.1002892660650601,0.03827314741568167,0.3882031745531476,0.27186846529172987
6887,0.4242424242424242,0.3488372093023256,0.16494845360824742,0.09523809523809525,0.24242424242424246,0.18604651162790697,0.06392177688561133,0.017812705640334513,0.3293165573867328,0.27555555555555555
6888,0.6105263157894736,0.523489932885906,0.3191489361702128,0.29931972789115646,0.3368421052631579,0.38926174496644295,0.17325335158870867,0.10599046645304541,0.447686383107611,0.3399047590171949
6889,0.4,0.22784810126582278,0.07766990291262135,0.0,0.20952380952380953,0.1518987341772152,0.010821339066948387,0.005659781267062267,0.17241379310344826,0.048661800486618
6890,0.4672897196261682,0.37362637362637363,0.2285714285714286,0.24719101123595508,0.33644859813084116,0.3076923076923077,0.04499282615104464,0.030256042763474593,0.28140106034617185,0.2327224679726547
6891,0.36619718309859156,0.46428571428571425,0.17391304347826086,0.33333333333333326,0.2816901408450704,0.46428571428571425,0.10422323780099492,0.23440058276054604,0.37892151389974316,0.4711111111111111
6892,0.4651162790697674,0.4307692307692308,0.23809523809523808,0.2222222222222222,0.39534883720930236,0.3076923076923077,0.07180344843678853,0.048540905267463956,0.4827104810996563,0.3536031228080876
6893,0.4444444444444444,0.5090909090909091,0.20869565217391306,0.35185185185185186,0.25641025641025644,0.3818181818181818,0.13447097741032654,0.23269866663836722,0.3716701482850222,0.42765055947141545
6894,0.5154639175257731,0.5420560747663551,0.16842105263157894,0.1904761904761905,0.3711340206185567,0.42990654205607476,0.15318500535118462,0.020187175614022803,0.32206632653061223,0.4000565784200476
6895,0.23008849557522124,0.38235294117647056,0.07207207207207207,0.1818181818181818,0.1415929203539823,0.2647058823529412,0.011325913082279102,0.023308505703365075,0.23002006558018895,0.22862675007447125
6896,0.3443708609271523,0.3225806451612903,0.08053691275167785,0.0784313725490196,0.1456953642384106,0.15483870967741936,0.007545982689156253,0.009931071719387913,0.2027543540482723,0.21529055156869348
6897,0.30645161290322576,0.5,0.03278688524590164,0.14285714285714285,0.17741935483870966,0.23437499999999997,0.022083423350294323,0.0363247731133674,0.18670343137254905,0.31578329025544627
6898,0.4605263157894737,0.5111111111111111,0.24,0.23595505617977527,0.32894736842105265,0.36666666666666664,0.12305020029713093,0.16733891605076365,0.2872746067204556,0.30379405643914925
6899,0.45544554455445546,0.30303030303030304,0.16161616161616163,0.0,0.27722772277227725,0.15151515151515152,0.0928821106857487,0.007507658128810076,0.40480816355107474,0.1729916522680434
6900,0.42016806722689076,0.4666666666666667,0.2905982905982906,0.36363636363636365,0.3025210084033613,0.39999999999999997,0.2113517751625237,0.2869206350577823,0.4117796585896775,0.4240898368552152
6901,0.4716981132075472,0.47311827956989244,0.15384615384615385,0.1978021978021978,0.30188679245283023,0.27956989247311825,0.03153335767296091,0.09355058894497456,0.3497651606467434,0.34669411689866353
6902,0.39215686274509803,0.42647058823529416,0.11920529801324505,0.07462686567164178,0.19607843137254902,0.1911764705882353,0.02270266030957445,0.020100940889369433,0.32241468015777736,0.272926434757683
6903,0.43200000000000005,0.5918367346938775,0.19512195121951217,0.31249999999999994,0.272,0.3673469387755102,0.10992708942897608,0.11578004334848782,0.2609603340292276,0.41272139067943725
6904,0.41726618705035967,0.37593984962406013,0.145985401459854,0.0916030534351145,0.27338129496402874,0.16541353383458648,0.027830590891454527,0.0558377806523616,0.33435753896015064,0.21992465640006625
6905,0.45161290322580644,0.4736842105263158,0.1639344262295082,0.17857142857142855,0.25806451612903225,0.2982456140350877,0.07135271445334077,0.07306792618679643,0.3341853137860083,0.3305805796863218
6906,0.3111111111111111,0.49425287356321845,0.06741573033707865,0.2441860465116279,0.15555555555555556,0.28735632183908044,0.016722291478312598,0.10852941850082758,0.19877755948482861,0.2791222757016927
6907,0.4655172413793103,0.5045045045045045,0.2631578947368421,0.2752293577981651,0.3448275862068965,0.3963963963963964,0.17254721739376921,0.20140781435387106,0.3563218390804598,0.441953488372093
6908,0.5112781954887219,0.5526315789473685,0.24427480916030533,0.30666666666666664,0.3609022556390977,0.381578947368421,0.10901337753845755,0.18524506893333,0.37006876291322316,0.4761599999999999
6909,0.31304347826086953,0.20967741935483875,0.17699115044247787,0.0,0.31304347826086953,0.14516129032258066,0.03131205728109253,0.004432329406944559,0.2586947997104247,0.12264150943396226
6910,0.6451612903225806,0.515625,0.5573770491803278,0.3968253968253968,0.48387096774193544,0.421875,0.4165459253217971,0.3199482323612017,0.4214097427963467,0.31179592535524736
6911,0.1794871794871795,0.11764705882352941,0.026315789473684213,0.0,0.10256410256410257,0.08823529411764705,0.009417632649968437,0.005927305348705561,0.11661442006269591,0.08038585209003217
6912,0.49275362318840576,0.5,0.17647058823529413,0.1694915254237288,0.3043478260869565,0.3666666666666667,0.06965890168935604,0.07825899302954276,0.37799733570159855,0.31251359641489734
6913,0.24390243902439027,0.28125,0.025,0.06451612903225806,0.19512195121951217,0.1875,0.011125382292406935,0.007928568066907735,0.09695290858725764,0.16877185470634415
6914,0.5319148936170214,0.5176470588235295,0.19565217391304346,0.24096385542168675,0.42553191489361697,0.47058823529411764,0.036335489399370265,0.04709946034288163,0.33098958333333334,0.443048128342246
6915,0.5168539325842696,0.3225806451612903,0.29885057471264365,0.13333333333333333,0.40449438202247195,0.2903225806451613,0.14405591864498601,0.015021239977027565,0.5784469696969697,0.1582811342358726
6916,0.4461538461538462,0.30303030303030304,0.12499999999999997,0.08247422680412371,0.2615384615384615,0.16161616161616163,0.025159720991843205,0.02724764220463451,0.25436179981634527,0.11811023622047244
6917,0.34042553191489355,0.2677165354330709,0.10071942446043167,0.096,0.2269503546099291,0.1889763779527559,0.021298760874474493,0.042710908430010866,0.2711682945154019,0.1654688145394465
6918,0.54,0.519774011299435,0.2626262626262626,0.26285714285714284,0.24000000000000002,0.2598870056497175,0.19995501426777978,0.17243022454890436,0.39493158388003746,0.3550174164765463
6919,0.3305785123966942,0.35294117647058826,0.1176470588235294,0.16867469879518074,0.1652892561983471,0.23529411764705882,0.06526570137860316,0.07248966581132951,0.259236009392946,0.26568825910931176
6920,0.3711340206185567,0.2608695652173913,0.14736842105263157,0.05970149253731343,0.22680412371134023,0.17391304347826086,0.0272142269934297,0.03135031334289069,0.24039691064395688,0.1845232184821103
6921,0.4070796460176991,0.5301204819277109,0.2702702702702703,0.37037037037037035,0.3893805309734514,0.5060240963855422,0.13907714309821104,0.22991703580981074,0.48572648293221116,0.516391820580475
6922,0.6583850931677019,0.49275362318840576,0.540880503144654,0.3088235294117647,0.6086956521739131,0.40579710144927533,0.4845787964329645,0.2182858879053486,0.5893055885850178,0.3359172046913203
6923,0.6572769953051644,0.5980392156862745,0.35071090047393366,0.3069306930693069,0.39436619718309857,0.3627450980392157,0.21489358645893936,0.16834606115327275,0.38594091896982247,0.4113100704009794
6924,0.404040404040404,0.2121212121212121,0.06185567010309279,0.0,0.26262626262626265,0.15151515151515152,0.013282627924914574,0.0058776426178306215,0.28493670230667667,0.06313131313131314
6925,0.2882882882882883,0.30434782608695654,0.09174311926605504,0.11111111111111112,0.19819819819819823,0.21739130434782608,0.03026857534381489,0.09581016132303073,0.2597736625514403,0.20451677472694835
6926,0.4230769230769231,0.4000000000000001,0.1568627450980392,0.0273972602739726,0.2692307692307692,0.21333333333333332,0.03762219676119318,0.011726943778897074,0.2659390159390159,0.20768660320088297
6927,0.5569620253164557,0.47058823529411764,0.20779220779220778,0.1818181818181818,0.379746835443038,0.3235294117647059,0.120814341082993,0.09975648968250406,0.42762641088187864,0.3533635676492819
6928,0.6126126126126126,0.5636363636363636,0.34862385321100914,0.37037037037037035,0.4324324324324324,0.39999999999999997,0.213849535467408,0.232586309033584,0.502676476860738,0.5331623931623933
6929,0.6322580645161291,0.7154471544715446,0.4313725490196078,0.5785123966942148,0.5677419354838709,0.6504065040650406,0.2984526598708757,0.36540458331502645,0.5700059483435049,0.5546803285435494
6930,0.4565217391304348,0.4600000000000001,0.2444444444444444,0.22448979591836735,0.4130434782608695,0.36,0.13801624159491693,0.08048862002869049,0.33053402239448754,0.40239815142494323
6931,0.6163522012578616,0.38333333333333336,0.2547770700636942,0.1016949152542373,0.3018867924528302,0.21666666666666667,0.1365334017986438,0.018782685909101853,0.5211659019406013,0.1807965860597439
6932,0.5862068965517242,0.4594594594594595,0.3333333333333333,0.19444444444444448,0.3448275862068966,0.3513513513513514,0.18525760181915066,0.10701975315023132,0.5919603079803718,0.2740475422674713
6933,0.42696629213483145,0.45783132530120485,0.36781609195402304,0.3950617283950617,0.4044943820224719,0.43373493975903615,0.25248448859563327,0.2703857410252612,0.4554507521301589,0.44911771239963183
6934,0.5649717514124294,0.5714285714285714,0.27428571428571424,0.33103448275862063,0.3502824858757062,0.4217687074829932,0.224399069265571,0.180483574976542,0.3854015247041898,0.3734423338248475
6935,0.4324324324324324,0.38596491228070173,0.05555555555555555,0.07272727272727271,0.24324324324324323,0.17543859649122806,0.01974391456026227,0.014042497833640191,0.24625353743246725,0.17933238636363635
6936,0.3181818181818182,0.3908045977011494,0.1076923076923077,0.11764705882352941,0.2121212121212121,0.20689655172413793,0.07271242522097128,0.009689263524180173,0.2670853364028257,0.12024048096192386
6937,0.3194444444444445,0.4672897196261682,0.11267605633802817,0.2285714285714286,0.25,0.35514018691588783,0.04525829232032516,0.12022370617076084,0.2484931796552818,0.3519559394922479
6938,0.22413793103448276,0.2476190476190476,0.05263157894736842,0.019417475728155338,0.13793103448275865,0.13333333333333333,0.004497925365292407,0.005488673667067168,0.11627906976744186,0.11930585683297179
6939,0.3764705882352941,0.47058823529411764,0.048192771084337345,0.14457831325301204,0.21176470588235294,0.3529411764705882,0.025123761351116235,0.06688071957304445,0.26211859527921705,0.277099609375
6940,0.5483870967741935,0.32727272727272727,0.32786885245901637,0.12962962962962962,0.4516129032258064,0.16363636363636364,0.14847729231660367,0.049612321032768324,0.3827160493827161,0.17659651351232974
6941,0.3114754098360656,0.3,0.06666666666666665,0.10256410256410256,0.2459016393442623,0.19999999999999998,0.007901107171057957,0.01351257300846628,0.23404834360078183,0.19433551198257085
6942,0.3875,0.463768115942029,0.07594936708860758,0.22058823529411764,0.2,0.33333333333333337,0.011037473284624797,0.14985568816919248,0.2321524074583699,0.27534757810238397
6943,0.4893617021276596,0.23809523809523808,0.15217391304347827,0.024390243902439025,0.40425531914893614,0.16666666666666666,0.0880199769976469,0.012827520446458044,0.3734248646186024,0.14813519813519813
6944,0.46478873239436624,0.5737704918032787,0.1714285714285714,0.24999999999999994,0.25352112676056343,0.34426229508196726,0.034488905297028076,0.14163394810604057,0.2987322893363162,0.46691256533101044
6945,0.5172413793103448,0.5384615384615384,0.2441860465116279,0.2597402597402597,0.2758620689655173,0.3076923076923077,0.11850913666820098,0.1167136077830026,0.38537851037851034,0.2868714451374595
6946,0.4426229508196721,0.23655913978494622,0.16666666666666669,0.06593406593406592,0.2459016393442623,0.1075268817204301,0.07798145700495682,0.0250640759266062,0.35459655211437624,0.18529843444227007
6947,0.5955056179775281,0.5521472392638038,0.4431818181818182,0.38509316770186336,0.3595505617977528,0.3926380368098159,0.2907097347382907,0.219118453408884,0.4666136005369043,0.4427486372978286
6948,0.532258064516129,0.6122448979591836,0.22950819672131148,0.35416666666666663,0.4032258064516129,0.5510204081632654,0.11902354063312222,0.23410301113124002,0.45709044102399315,0.48494515066814714
6949,0.4905660377358491,0.40384615384615385,0.23076923076923075,0.1568627450980392,0.41509433962264153,0.25,0.08481125286368213,0.036335489399370265,0.4153762505437147,0.34957805907172995
6950,0.4646464646464646,0.4752475247524753,0.22680412371134023,0.2828282828282828,0.3232323232323232,0.37623762376237624,0.09210985163597842,0.10430344972084833,0.44244384693961414,0.5280357757137942
6951,0.26519337016574585,0.2598870056497175,0.022346368715083796,0.02285714285714286,0.08839779005524862,0.14689265536723164,0.004057884960829596,0.007228653372319255,0.1312785388127854,0.1483455021591717
6952,0.6702702702702702,0.5294117647058824,0.49180327868852464,0.2976190476190476,0.5405405405405405,0.36470588235294116,0.37945009229056875,0.2822792934622831,0.5511758076634111,0.3980433399782654
6953,0.4583333333333333,0.42748091603053434,0.16901408450704225,0.17054263565891473,0.25,0.1984732824427481,0.07465312683635363,0.07057754333249523,0.30959852459182746,0.2916711509715994
6954,0.29357798165137616,0.3461538461538462,0.13084112149532712,0.11764705882352941,0.2568807339449541,0.23076923076923078,0.05470802390677084,0.05173348757293581,0.3112962721159496,0.32853059901588144
6955,0.3877551020408163,0.7333333333333333,0.2916666666666667,0.6206896551724138,0.3673469387755102,0.7333333333333333,0.17567200159268137,0.44733790783871763,0.4916277258566979,0.734446360703906
6956,0.3458646616541354,0.5,0.12213740458015267,0.2698412698412698,0.16541353383458646,0.35937500000000006,0.03337405969538271,0.16140019911396977,0.2697459931904999,0.4035739713487673
6957,0.30508474576271183,0.3364485981308411,0.10344827586206898,0.09523809523809525,0.22033898305084745,0.205607476635514,0.012169901961263819,0.01121717244991147,0.14200298953662183,0.15066101534481127
6958,0.49180327868852464,0.3669724770642202,0.21666666666666667,0.11214953271028036,0.26229508196721313,0.23853211009174313,0.06657674437485182,0.01476040573087342,0.36849248140708973,0.21870809636103022
6959,0.17391304347826086,0.26865671641791045,0.08888888888888888,0.12307692307692307,0.15217391304347827,0.1791044776119403,0.02586673789307505,0.04359694192213402,0.22492536109093844,0.22615658362989324
6960,0.6153846153846154,0.5263157894736842,0.3404255319148936,0.24427480916030533,0.5034965034965034,0.40601503759398494,0.16513054121717993,0.14702401484309624,0.41846073823423924,0.3030059394466174
6961,0.467065868263473,0.4342105263157895,0.14545454545454545,0.08,0.23952095808383236,0.2368421052631579,0.049534627246055396,0.012703814975717228,0.3433913388834501,0.25041412720737616
6962,0.48484848484848486,0.5050505050505051,0.24742268041237117,0.3505154639175258,0.3636363636363637,0.4040404040404041,0.13399215700460074,0.19367671688271212,0.3002354788069074,0.3236613593018552
6963,0.5571428571428572,0.5693430656934306,0.1884057971014493,0.23703703703703705,0.3,0.33576642335766427,0.03469407981308928,0.09481721420855649,0.3635833266275046,0.37383478810226783
6964,0.5350318471337578,0.5210084033613445,0.25806451612903225,0.29059829059829057,0.2165605095541401,0.40336134453781514,0.156771393058685,0.1085091419271498,0.41126452865750923,0.36090708332179544
6965,0.38775510204081637,0.35616438356164387,0.10416666666666667,0.16901408450704225,0.22448979591836737,0.24657534246575347,0.02226127616878785,0.03408981146282771,0.30681004699803927,0.28863387434033655
6966,0.5714285714285714,0.5333333333333334,0.29213483146067415,0.3013698630136986,0.37362637362637363,0.45333333333333325,0.050364817641207406,0.10670324677715283,0.36740576496674054,0.3510320964085431
6967,0.49289099526066354,0.5673076923076922,0.23923444976076558,0.27184466019417475,0.3412322274881517,0.34615384615384615,0.10971688545109086,0.09814100527643058,0.2760548896972376,0.33941605839416056
6968,0.20224719101123595,0.1791044776119403,0.13793103448275862,0.030769230769230767,0.20224719101123595,0.08955223880597014,0.05179856623054045,0.004701712638603976,0.3287760416666668,0.14534883720930233
6969,0.375,0.32653061224489793,0.10909090909090909,0.10416666666666667,0.26785714285714285,0.20408163265306126,0.014171546408113913,0.015330526075801269,0.3109735849056604,0.2776256737314522
6970,0.409090909090909,0.5252525252525252,0.19999999999999998,0.288659793814433,0.30303030303030304,0.4444444444444445,0.08695585367072416,0.23214013000531947,0.3868165461724398,0.4381139489194499
6971,0.3061224489795918,0.33663366336633666,0.10416666666666667,0.12121212121212122,0.3061224489795918,0.25742574257425743,0.012988310144953831,0.026752894491451386,0.17310119924258363,0.23606143488323164
6972,0.5692307692307692,0.30107526881720426,0.265625,0.13186813186813187,0.4,0.19354838709677416,0.11741368553792739,0.026339619715784694,0.5020408110511405,0.22544642857142855
6973,0.5072463768115942,0.390625,0.22058823529411764,0.15873015873015875,0.34782608695652173,0.23437500000000003,0.11145338443360027,0.0204329196108826,0.35894216685177144,0.21772258916776757
6974,0.6095238095238094,0.34285714285714286,0.27184466019417475,0.11650485436893204,0.2095238095238095,0.22857142857142856,0.044377745393321705,0.02624308202742789,0.3360197368421053,0.22307389937106917
6975,0.5033112582781457,0.46017699115044247,0.20134228187919465,0.1801801801801802,0.304635761589404,0.26548672566371684,0.12231879876166162,0.1052300267794954,0.43785267261721555,0.29775943396226423
6976,0.481203007518797,0.5087719298245614,0.21374045801526717,0.17857142857142855,0.3759398496240602,0.4035087719298246,0.10154797158340674,0.10669747309595758,0.3448487828866486,0.3173627872655058
6977,0.42500000000000004,0.3888888888888889,0.1139240506329114,0.09859154929577466,0.225,0.19444444444444445,0.04398085473438986,0.04503583575448185,0.27288297964989694,0.2094287496658052
6978,0.5760000000000001,0.6728971962616823,0.30894308943089427,0.47619047619047616,0.28800000000000003,0.4112149532710281,0.1739762319203148,0.24729575836552034,0.46198884758364317,0.46693485086342224
6979,0.4556962025316455,0.6119402985074627,0.23076923076923075,0.3484848484848485,0.30379746835443033,0.3880597014925374,0.1333590737791846,0.1803483807279419,0.3518526858878605,0.3798045415349238
6980,0.411764705882353,0.6071428571428571,0.11940298507462686,0.4727272727272727,0.23529411764705882,0.41071428571428575,0.05256475068488743,0.3253075096897878,0.2883803278688524,0.5179080447635135
6981,0.7543859649122807,0.5961538461538461,0.4642857142857143,0.27450980392156865,0.6491228070175439,0.4038461538461538,0.3495772898735871,0.15156669734654307,0.6011930580337339,0.38902407866308486
6982,0.3209876543209877,0.2894736842105264,0.0625,0.06666666666666667,0.11111111111111112,0.11842105263157894,0.00975420574192092,0.02643027316159095,0.18225768677439863,0.16957453321089683
6983,0.38418079096045193,0.38372093023255816,0.16,0.09411764705882354,0.22598870056497178,0.22093023255813954,0.08001706575944197,0.009730724914544447,0.2979812524456677,0.1979565772669221
6984,0.46153846153846156,0.48543689320388356,0.1702127659574468,0.15841584158415842,0.2937062937062937,0.3883495145631068,0.024535004075750176,0.03192242062661983,0.4287925379253792,0.2516831683168317
6985,0.45595854922279794,0.41666666666666663,0.14659685863874344,0.14457831325301204,0.19689119170984457,0.2380952380952381,0.057034918351750806,0.0707365671655377,0.3054613714283312,0.24382656060376218
6986,0.453781512605042,0.35789473684210527,0.15384615384615385,0.08602150537634408,0.3025210084033613,0.21052631578947367,0.07839621745254671,0.005689013093035401,0.3196518581133966,0.15596330275229356
6987,0.4404761904761905,0.4260355029585799,0.15662650602409636,0.1317365269461078,0.30952380952380953,0.2958579881656805,0.13480861736624783,0.10206201509743212,0.27116556389351937,0.24240040327508247
6988,0.31137724550898205,0.3708609271523179,0.10909090909090909,0.1208053691275168,0.19161676646706585,0.21192052980132448,0.05379968833894422,0.014581057883623285,0.1569887706855792,0.1563100361177284
6989,0.3555555555555555,0.2890625,0.05970149253731344,0.03937007874015748,0.14074074074074075,0.1328125,0.011461447970216237,0.008187788979453395,0.16816387701804367,0.12635791238985095
6990,0.5517241379310346,0.3614457831325301,0.4235294117647059,0.14814814814814814,0.5057471264367815,0.24096385542168672,0.2292281598462137,0.13816591886424687,0.5522515862172228,0.2876628038149933
6991,0.6969696969696969,0.6580645161290322,0.5612244897959183,0.6405228758169935,0.5757575757575758,0.6451612903225806,0.4538682038869272,0.2686173415685165,0.5334377928756915,0.43781725888324874
6992,0.3414634146341463,0.3333333333333333,0.08641975308641975,0.09677419354838711,0.15853658536585366,0.2222222222222222,0.01798837522415741,0.013087429735271307,0.21646235411243986,0.1952926208651399
6993,0.3333333333333333,0.3655913978494624,0.12195121951219513,0.10989010989010989,0.26190476190476186,0.2580645161290323,0.011381305436860422,0.012051820812364165,0.15448429028675945,0.2048103411739775
6994,0.5025125628140702,0.5222929936305732,0.18274111675126906,0.21935483870967742,0.2512562814070351,0.2929936305732484,0.07084212516886473,0.056940567581846055,0.2832344308440473,0.3018505764717886
6995,0.5,0.49462365591397855,0.2181818181818182,0.15384615384615385,0.25,0.2580645161290323,0.10012102857869314,0.037922567985277066,0.3586647727272727,0.3025432395180294
6996,0.42975206611570244,0.36601307189542476,0.16806722689075632,0.1456953642384106,0.2644628099173554,0.24836601307189543,0.029009846236933902,0.024906131335938907,0.21888822605051797,0.2936761268781303
6997,0.36923076923076925,0.45454545454545453,0.10937499999999999,0.15384615384615383,0.23076923076923075,0.24242424242424243,0.02501238511559052,0.09234157636407771,0.2352406340433298,0.2928572505292082
6998,0.3305785123966942,0.3846153846153846,0.13445378151260504,0.19607843137254902,0.2644628099173554,0.3653846153846154,0.02163466974098698,0.0842160494068148,0.2583333333333333,0.3075698505523066
6999,0.6335403726708073,0.4918032786885246,0.36477987421383645,0.2099447513812155,0.33540372670807456,0.26229508196721313,0.1509368740058078,0.11369730217316912,0.4221732745961822,0.32600268791621495
7000,0.3689320388349514,0.2972972972972973,0.05940594059405941,0.027777777777777776,0.23300970873786406,0.16216216216216217,0.02698578453867092,0.01128305335035289,0.23140757782055504,0.1126126126126126
7001,0.46875,0.43956043956043955,0.30158730158730157,0.29213483146067415,0.328125,0.2857142857142857,0.12817488808787056,0.18701695000524562,0.43367346938775514,0.27978520525946005
7002,0.3157894736842105,0.36619718309859156,0.07142857142857144,0.14492753623188406,0.2105263157894737,0.28169014084507044,0.009634420923548383,0.019078767273902144,0.18028846153846154,0.2102000869943453
7003,0.520408163265306,0.4861878453038673,0.23711340206185566,0.18994413407821228,0.2959183673469388,0.29834254143646416,0.0805345007080556,0.060851621955875845,0.3444285612613504,0.3206563092290027
7004,0.4070796460176991,0.4731182795698925,0.14414414414414414,0.15384615384615385,0.23008849557522124,0.27956989247311825,0.013607016614799171,0.033246128899473676,0.2800400285309742,0.32569842386872644
7005,0.5211267605633803,0.4807692307692307,0.18571428571428572,0.07843137254901959,0.35211267605633806,0.3269230769230769,0.08655926346636002,0.028307603202750428,0.3801215646222411,0.24042465471036903
7006,0.46280991735537197,0.449438202247191,0.16806722689075632,0.16091954022988508,0.19834710743801653,0.17977528089887643,0.02880565376961208,0.02723168454215755,0.21212121212121213,0.15086206896551724
7007,0.6119402985074627,0.5161290322580646,0.45454545454545453,0.3114754098360656,0.5522388059701493,0.4032258064516129,0.2925135871594077,0.15104879383171677,0.5578512396694216,0.3401753558566284
7008,0.5294117647058824,0.5066666666666667,0.2142857142857143,0.21621621621621617,0.32941176470588235,0.28,0.15856515766287252,0.15331059548664636,0.38023426204438326,0.31150878261752457
7009,0.20512820512820512,0.5000000000000001,0.07894736842105263,0.37142857142857144,0.1794871794871795,0.4444444444444444,0.011064891248476136,0.2428093818797127,0.2104806131309699,0.49237060546875
7010,0.5142857142857142,0.65359477124183,0.20809248554913296,0.34437086092715224,0.26285714285714284,0.3529411764705882,0.08880523120458532,0.1395686501815162,0.3028069035740485,0.364708621091022
7011,0.6518518518518518,0.5584415584415584,0.5263157894736842,0.39473684210526316,0.637037037037037,0.40259740259740256,0.36606447760244704,0.3274297367161968,0.5411089629188975,0.5320945945945945
7012,0.38383838383838387,0.3421052631578948,0.288659793814433,0.1081081081081081,0.38383838383838387,0.23684210526315788,0.14515962951649863,0.027110629205574357,0.34978660908383685,0.25313212786354167
7013,0.6029411764705882,0.7663551401869159,0.43283582089552236,0.5523809523809524,0.5147058823529411,0.7102803738317756,0.22674117497780644,0.38259672250028365,0.525518348930801,0.5672411711598219
7014,0.6097560975609757,0.48192771084337344,0.4074074074074074,0.21951219512195122,0.3658536585365854,0.34939759036144574,0.2906829316224072,0.12438216380922354,0.4648505768572939,0.3152662499793006
7015,0.18705035971223022,0.17283950617283952,0.014598540145985398,0.025316455696202535,0.10071942446043167,0.12345679012345678,0.0032771916370518284,0.0062589852960783475,0.14218009478672985,0.06793478260869566
7016,0.5241379310344827,0.5671641791044777,0.26573426573426573,0.24242424242424246,0.39999999999999997,0.3582089552238806,0.14516389496555823,0.11588952814536929,0.4232035288958641,0.4054545454545455
7017,0.6405228758169934,0.5038167938931297,0.31788079470198677,0.34108527131782945,0.3790849673202614,0.36641221374045807,0.25851196838877377,0.21565764919118813,0.44600823045267496,0.3870696120094201
7018,0.2937062937062937,0.3185840707964602,0.09929078014184396,0.05405405405405406,0.18181818181818182,0.23008849557522124,0.009848694633790704,0.008896960299807796,0.2701510721247563,0.19478681418219462
7019,0.5317919075144509,0.5301204819277109,0.22222222222222224,0.23170731707317074,0.3468208092485549,0.3373493975903615,0.1412913394824154,0.13750680097746282,0.2941913864479952,0.29053871235875267
7020,0.4819277108433735,0.5747126436781609,0.14634146341463414,0.18604651162790697,0.30120481927710846,0.367816091954023,0.03506428094574096,0.03060347985299183,0.35640665050604226,0.3859002528662264
7021,0.4740740740740741,0.5384615384615384,0.16541353383458648,0.17647058823529413,0.1925925925925926,0.25,0.024503568451429897,0.04725975658934241,0.32437188004698275,0.3730463066882821
7022,0.42477876106194684,0.4173913043478261,0.16216216216216217,0.10619469026548671,0.23008849557522124,0.20869565217391306,0.07670929098771243,0.0627543365937056,0.32810921717171715,0.2770671506352087
7023,0.45045045045045046,0.29357798165137616,0.25688073394495414,0.07476635514018691,0.2162162162162162,0.1834862385321101,0.08001187581775121,0.010863917763929901,0.22375939849624063,0.13447465592480698
7024,0.8,0.7118644067796611,0.7346938775510204,0.6206896551724138,0.8,0.6779661016949152,0.4750101139812394,0.3858353617943239,0.7561098211207782,0.7171650761394349
7025,0.367816091954023,0.3902439024390244,0.18823529411764708,0.2,0.3448275862068966,0.3658536585365854,0.08570827906588853,0.0960416774308632,0.3726403823178018,0.37771722676354835
7026,0.3098591549295775,0.2222222222222222,0.20289855072463767,0.03846153846153846,0.3098591549295775,0.18518518518518517,0.11644216046403798,0.007939087147543497,0.3390953252160747,0.1214574898785425
7027,0.6794871794871795,0.4714285714285714,0.4545454545454546,0.2318840579710145,0.44871794871794873,0.22857142857142856,0.2911282613373636,0.0772010170654305,0.5600824140827086,0.3019736673582828
7028,0.5603864734299517,0.5029239766081871,0.3804878048780488,0.42603550295857995,0.4444444444444445,0.47953216374269003,0.2476137898799723,0.15666450006260094,0.3370979110598488,0.28494900983130456
7029,0.4615384615384615,0.38834951456310685,0.14062499999999997,0.05940594059405941,0.26153846153846155,0.2524271844660194,0.02755873830973903,0.016649208479949475,0.3973696043165467,0.25145037369989026
7030,0.5,0.5897435897435898,0.17073170731707318,0.2105263157894737,0.35714285714285715,0.41025641025641024,0.039568076518797776,0.04347888236269329,0.23850591372912797,0.32071550729825393
7031,0.43564356435643564,0.49382716049382713,0.2222222222222222,0.25316455696202533,0.23762376237623764,0.2716049382716049,0.14215774923063595,0.15322053002079788,0.40159283627041464,0.32978708580664945
7032,0.4626865671641791,0.48214285714285715,0.21212121212121213,0.21818181818181817,0.22388059701492538,0.26785714285714285,0.0268905144013476,0.07819364188971545,0.3084187261402451,0.2796992481203008
7033,0.48000000000000004,0.5531914893617021,0.2040816326530612,0.28260869565217384,0.24000000000000002,0.36170212765957444,0.08400635914050157,0.09693770419695945,0.3475303164744159,0.38774570024570026
7034,0.6103896103896104,0.4409448818897638,0.32894736842105265,0.208,0.36363636363636365,0.3307086614173228,0.1396490889495134,0.1339640758516604,0.4508325523055473,0.2508169934640523
7035,0.5360824742268041,0.39080459770114945,0.23157894736842105,0.1176470588235294,0.3711340206185567,0.22988505747126436,0.11099472319966315,0.016095596506318654,0.3761019283746557,0.18140589569160998
7036,0.5354330708661417,0.588235294117647,0.32,0.2891566265060241,0.3149606299212598,0.42352941176470593,0.11208608713294321,0.044399804281288625,0.4129672897196262,0.31234221083845143
7037,0.622754491017964,0.43697478991596633,0.4363636363636364,0.25641025641025644,0.5149700598802396,0.3025210084033614,0.36430474354911613,0.08634677542920972,0.5694299768518519,0.26899857954545453
7038,0.4565217391304347,0.45161290322580644,0.2222222222222222,0.26666666666666666,0.32608695652173914,0.38709677419354843,0.07328108932022158,0.1360332610006539,0.44792100152587044,0.3780106038398205
7039,0.5333333333333332,0.5384615384615384,0.16541353383458646,0.234375,0.34074074074074073,0.3076923076923077,0.059014810923046994,0.10269798251207454,0.24256736300333034,0.254465501746076
7040,0.5070422535211269,0.5546218487394958,0.24285714285714288,0.2393162393162393,0.38028169014084506,0.42016806722689076,0.11372806322542806,0.12973597640520138,0.3653426110315067,0.3759442975372839
7041,0.45454545454545453,0.5535714285714286,0.29629629629629634,0.3818181818181818,0.38181818181818183,0.46428571428571425,0.21643504124733515,0.27185773090707593,0.3133791012578891,0.45426320791937164
7042,0.44102564102564107,0.5502645502645503,0.227979274611399,0.2887700534759358,0.3282051282051282,0.40211640211640215,0.16606356568170036,0.17783301412805516,0.26874076112558754,0.3304973821989529
7043,0.6250000000000001,0.5063291139240506,0.5128205128205129,0.38961038961038963,0.6,0.4556962025316455,0.4107461676525935,0.26405854414176494,0.5632633671900252,0.48116703241356984
7044,0.5133689839572193,0.5,0.2594594594594594,0.19277108433734938,0.3101604278074866,0.23809523809523808,0.14975192044701524,0.06396911847168042,0.3843857634902412,0.28763566481191677
7045,0.4926108374384236,0.48704663212435234,0.17910447761194032,0.14659685863874347,0.23645320197044334,0.22797927461139894,0.10702269877048796,0.0719030858736558,0.29890732482153215,0.2685344514190155
7046,0.49253731343283585,0.39999999999999997,0.24242424242424243,0.14634146341463414,0.3432835820895523,0.288,0.16234920100007627,0.05969404844605051,0.4162763100368497,0.29406625663964214
7047,0.5185185185185186,0.5314685314685315,0.24060150375939848,0.24113475177304966,0.2814814814814815,0.25174825174825183,0.10399666779732511,0.09423796410678352,0.34702737824507524,0.40189418045815223
7048,0.5309734513274337,0.553191489361702,0.25225225225225223,0.21739130434782608,0.4070796460176991,0.44680851063829785,0.13334708422802907,0.040361189020816104,0.4136690647482015,0.21375464684014872
7049,0.41818181818181815,0.6172839506172839,0.16666666666666666,0.27848101265822783,0.2545454545454546,0.4197530864197531,0.05785509594341803,0.04063049413970033,0.25263082795277,0.3012129562093092
7050,0.46969696969696967,0.4888888888888889,0.23076923076923075,0.27067669172932335,0.25757575757575757,0.29629629629629634,0.08802566763785752,0.1123227015371573,0.306872556768419,0.39786096256684494
7051,0.5628140703517588,0.576271186440678,0.3553299492385787,0.4114285714285714,0.4723618090452262,0.5084745762711864,0.2982885674341496,0.2798131868011791,0.4059975471138507,0.4026613861386139
7052,0.5142857142857142,0.5599999999999999,0.4077669902912621,0.4285714285714286,0.380952380952381,0.52,0.26096848935284717,0.2892242230104613,0.5644458335503812,0.6473703562286991
7053,0.4583333333333333,0.2773722627737226,0.19718309859154926,0.08888888888888888,0.25,0.18978102189781024,0.11838685708664085,0.010001343308140873,0.3920366667924101,0.23031193901709293
7054,0.661764705882353,0.99009900990099,0.5522388059701493,0.9696969696969697,0.6176470588235294,0.99009900990099,0.33493189614306434,0.7274916121811253,0.6241960380756366,0.8507441213613184
7055,0.6470588235294117,0.6751592356687898,0.5,0.6451612903225806,0.5294117647058824,0.6624203821656051,0.3009776608247624,0.2926208458692882,0.3731487899121397,0.40561464097764754
7056,0.6285714285714286,0.6107784431137724,0.46242774566473993,0.42424242424242425,0.5028571428571429,0.43113772455089827,0.33551946921378734,0.3068447371629805,0.5580634740983613,0.49130565892008765
7057,0.4462809917355372,0.4509803921568628,0.21848739495798322,0.14,0.39669421487603307,0.3725490196078432,0.08828528448332859,0.03429545250720309,0.42276313430159596,0.34626862122671237
7058,0.3760683760683761,0.3442622950819672,0.1391304347826087,0.13333333333333333,0.20512820512820515,0.21311475409836064,0.015103102626217772,0.014220927286416758,0.23229125445191928,0.26198015122873347
7059,0.5774647887323943,0.46153846153846145,0.34285714285714286,0.19858156028368795,0.4507042253521127,0.2937062937062937,0.23268045905815607,0.038478539927591135,0.5001666155418094,0.3208651085244991
7060,0.5054945054945056,0.5583756345177665,0.24444444444444444,0.25641025641025644,0.3516483516483517,0.2639593908629442,0.14756230577522306,0.15555437895512828,0.30917024977597724,0.35458535458535456
7061,0.5633802816901409,0.5217391304347826,0.40579710144927533,0.41791044776119407,0.5633802816901409,0.5217391304347826,0.3296580342054841,0.3252752488044725,0.47218051384718057,0.4518015646156161
7062,0.3382352941176471,0.5,0.11940298507462685,0.3191489361702128,0.2058823529411765,0.3958333333333333,0.021543395958284497,0.15131498871862206,0.259348760007811,0.3498879072738106
7063,0.543046357615894,0.5238095238095238,0.21476510067114093,0.27419354838709675,0.3841059602649007,0.38095238095238093,0.063028296917045,0.10736327056067102,0.4005754761067151,0.28363474734005606
7064,0.5227272727272727,0.5575757575757576,0.11494252873563218,0.1226993865030675,0.22727272727272724,0.23030303030303031,0.02610824131900458,0.02396495574268619,0.3256593297640294,0.29368865907327446
7065,0.5869565217391304,0.5066666666666667,0.28888888888888886,0.1095890410958904,0.5217391304347826,0.26666666666666666,0.18329857013961992,0.018555209289044104,0.5571663802978236,0.2522306467828418
7066,0.49523809523809526,0.5714285714285714,0.1941747572815534,0.27184466019417475,0.3619047619047619,0.3047619047619048,0.08209083972563957,0.13173432006946162,0.3642763712760532,0.49813194343775113
7067,0.2,0.11764705882352942,0.058823529411764705,0.030303030303030304,0.14285714285714285,0.11764705882352942,0.0102841703964427,0.00885154189240778,0.16336739037888465,0.07692307692307693
7068,0.4626865671641791,0.425531914893617,0.12121212121212123,0.19565217391304346,0.28358208955223885,0.3404255319148936,0.07817763482305151,0.15322266602922613,0.3466363636363636,0.268332009722523
7069,0.5777777777777778,0.537142857142857,0.2921348314606741,0.21965317919075147,0.4111111111111111,0.22857142857142856,0.1691287619159678,0.07356254150353352,0.4144007740617636,0.30602073365231264
7070,0.37795275590551186,0.35593220338983056,0.176,0.13793103448275862,0.2834645669291339,0.2033898305084746,0.06622596097986319,0.032154700552539016,0.21450680325550706,0.1692174607399521
7071,0.3676470588235294,0.4545454545454545,0.13432835820895522,0.16666666666666669,0.1911764705882353,0.3090909090909091,0.04079008857262735,0.06686493290930866,0.33896036814425246,0.3970435873200524
7072,0.6666666666666667,0.55,0.30588235294117644,0.28205128205128205,0.3448275862068966,0.39999999999999997,0.15867836898150614,0.13486236459346676,0.4442344045368621,0.3239740820734341
7073,0.3870967741935483,0.4720496894409938,0.10457516339869281,0.18867924528301888,0.19354838709677416,0.2608695652173913,0.02475703552193373,0.14442823847321315,0.1953611805947802,0.36137821362311157
7074,0.4864864864864865,0.3636363636363637,0.2201834862385321,0.16279069767441862,0.34234234234234234,0.2272727272727273,0.10948204849306496,0.11433340898829364,0.320593149540518,0.18375396728515625
7075,0.37500000000000006,0.25688073394495414,0.0851063829787234,0.03738317757009346,0.2708333333333333,0.11009174311926606,0.022042716406087945,0.00909956044080004,0.30229048295454547,0.2312784617979423
7076,0.7391304347826086,0.7956989247311828,0.5824175824175825,0.7282608695652174,0.4565217391304348,0.7311827956989246,0.3394018802378943,0.4915905715723341,0.5436284491356383,0.5880002241977222
7077,0.4242424242424242,0.5333333333333333,0.12307692307692307,0.25423728813559326,0.27272727272727276,0.3166666666666667,0.027646646087298245,0.11159474465523878,0.2557828154577774,0.3650485576992453
7078,0.6306306306306306,0.5,0.3302752293577982,0.2698412698412698,0.5225225225225225,0.40625000000000006,0.1963635089778259,0.18676627762544676,0.45221913969869315,0.45310457516339864
7079,0.5,0.5384615384615384,0.4390243902439024,0.4736842105263158,0.2857142857142857,0.5384615384615384,0.190918519464356,0.2084410460616661,0.6933719433719433,0.701066880528823
7080,0.4585987261146497,0.5217391304347826,0.14193548387096774,0.17647058823529413,0.2802547770700637,0.3478260869565218,0.0829315148434069,0.10452242069709325,0.34727992396649066,0.341108804647708
7081,0.6428571428571429,0.75,0.49090909090909085,0.5641025641025642,0.6071428571428571,0.725,0.23144048421011207,0.18529468432267746,0.5768600097895253,0.5152124638278429
7082,0.43478260869565216,0.4,0.34065934065934067,0.2774566473988439,0.358695652173913,0.3314285714285714,0.16303630777047717,0.11745623719588143,0.28420707388748945,0.23247062050549916
7083,0.5027322404371585,0.4,0.2099447513812155,0.1437908496732026,0.25136612021857924,0.21935483870967742,0.10258564491982336,0.05804927374668189,0.3446711711101783,0.2202480148608095
7084,0.39999999999999997,0.41975308641975306,0.1935483870967742,0.1518987341772152,0.2947368421052632,0.2716049382716049,0.07739907933856018,0.11445096238508763,0.39192618223760095,0.37063711911357333
7085,0.2945736434108527,0.22680412371134023,0.12598425196850394,0.08421052631578947,0.2325581395348837,0.18556701030927836,0.09108311323261806,0.04464167175828654,0.2125497576729535,0.1490653946419657
7086,0.3058823529411765,0.36065573770491804,0.07228915662650602,0.10169491525423728,0.21176470588235297,0.19672131147540986,0.023269866663836722,0.039292384191895235,0.26239316239316246,0.24717607973421923
7087,0.6216216216216217,0.676056338028169,0.47945205479452047,0.5,0.5675675675675675,0.619718309859155,0.39752092046193593,0.4480096012006685,0.5220256095795978,0.5684867392403278
7088,0.366412213740458,0.4,0.07751937984496124,0.14457831325301204,0.22900763358778622,0.25882352941176473,0.023238519812204494,0.042150641850805665,0.2882748713170039,0.21618150684931506
7089,0.5161290322580645,0.4158415841584159,0.30769230769230765,0.16161616161616163,0.34408602150537637,0.33663366336633666,0.1712766252338756,0.0963641879980878,0.4302323254557461,0.3790276416130964
7090,0.5789473684210525,0.623529411764706,0.2659574468085107,0.34523809523809523,0.3894736842105263,0.4705882352941176,0.09235645838911091,0.17725253089401422,0.33028881068096755,0.37022495044195236
7091,0.36496350364963503,0.4086021505376344,0.14814814814814814,0.15384615384615383,0.2773722627737226,0.3440860215053763,0.10240919790248573,0.07746741482791356,0.36837053035757134,0.34784685479129923
7092,0.5586592178770949,0.6322580645161291,0.24858757062146888,0.39215686274509803,0.3463687150837989,0.4774193548387097,0.16180117737912533,0.24590185118714525,0.3946717618282958,0.43931305305876245
7093,0.504201680672269,0.5546218487394958,0.23931623931623933,0.18803418803418803,0.33613445378151263,0.319327731092437,0.04833039221595111,0.046320556247849524,0.38388623604636296,0.34701520657835244
7094,0.6802721088435374,0.5774647887323944,0.4413793103448276,0.3142857142857143,0.5170068027210885,0.43661971830985913,0.317795144169289,0.10752012009455449,0.5143451450269632,0.36137821362311157
7095,0.38016528925619836,0.4247787610619469,0.13445378151260506,0.12612612612612611,0.2809917355371901,0.26548672566371684,0.014084041646526073,0.017973824252742576,0.21689419795221843,0.2476377814464857
7096,0.34343434343434337,0.3294117647058823,0.16494845360824745,0.14457831325301204,0.20202020202020202,0.1411764705882353,0.03062486680114502,0.028814963358243115,0.26802581863979846,0.21978808705612826
7097,0.352,0.4,0.16260162601626013,0.1836734693877551,0.224,0.22,0.08613204987193251,0.03156156628097228,0.21495780974928672,0.205524861878453
7098,0.39999999999999997,0.4067796610169491,0.18518518518518517,0.1896551724137931,0.23636363636363636,0.3220338983050847,0.07547026189949173,0.12859111639359208,0.2109726914414414,0.225354609929078
7099,0.5128205128205129,0.45685279187817257,0.2590673575129534,0.20512820512820512,0.38974358974358975,0.3147208121827411,0.12666155627755593,0.11572092177638306,0.32669277898245,0.25965270684371805
7100,0.2676056338028169,0.3692307692307692,0.07142857142857142,0.171875,0.15492957746478875,0.24615384615384614,0.009300818387539546,0.1015208975283013,0.20561641453660237,0.36903329322101885
7101,0.46896551724137925,0.35555555555555557,0.20979020979020976,0.1804511278195489,0.3586206896551724,0.28148148148148144,0.08032795598443561,0.0637960953197979,0.2904720556466031,0.14961313164463805
7102,0.5934065934065934,0.2941176470588235,0.4044943820224719,0.06060606060606061,0.5494505494505495,0.2058823529411765,0.24983006450101036,0.03156194448988436,0.5407435438741343,0.1885675629967868
7103,0.5595854922279793,0.5652173913043479,0.21989528795811517,0.2637362637362637,0.32124352331606215,0.391304347826087,0.08158673875328494,0.0808170383399749,0.28917096605159626,0.298636376589944
7104,0.380952380952381,0.2716049382716049,0.14634146341463414,0.0759493670886076,0.23809523809523808,0.19753086419753085,0.02840856719034977,0.028310852916881263,0.329923896499239,0.24474648817248365
7105,0.48,0.4545454545454546,0.30612244897959184,0.2558139534883721,0.4600000000000001,0.38636363636363635,0.16544958579580413,0.16720322190847908,0.4719353439519472,0.4018500461648646
7106,0.49572649572649574,0.46913580246913583,0.19130434782608696,0.1518987341772152,0.3418803418803419,0.345679012345679,0.08029622600587627,0.08237287895620475,0.4843525404301145,0.3716281332317605
7107,0.42857142857142855,0.36666666666666664,0.16129032258064516,0.11864406779661017,0.30158730158730157,0.3,0.05912656062622429,0.06856629530581142,0.2625502755846865,0.2542889908256881
7108,0.3724137931034483,0.33870967741935487,0.19580419580419584,0.11475409836065574,0.27586206896551724,0.2096774193548387,0.130742657476425,0.07438681343481453,0.4018761139572427,0.2422493331584241
7109,0.48447204968944096,0.6064516129032258,0.36477987421383645,0.49673202614379086,0.40993788819875776,0.5290322580645161,0.32559779492535235,0.44071482534893675,0.503394857280501,0.5930318125212273
7110,0.7239263803680982,0.7160493827160493,0.608695652173913,0.6,0.6993865030674847,0.691358024691358,0.40100758987639007,0.388366212069805,0.5729273601552061,0.5622052430357054
7111,0.19548872180451127,0.37499999999999994,0.07633587786259542,0.0851063829787234,0.16541353383458646,0.22916666666666669,0.025674911498736463,0.023719325010071624,0.1779293932338036,0.21801770739696338
7112,0.5824175824175823,0.5555555555555556,0.3888888888888889,0.41573033707865165,0.4945054945054944,0.5222222222222223,0.2486819858185371,0.24459376674512076,0.4093296789587128,0.3572090461893642
7113,0.48598130841121495,0.4466019417475728,0.1523809523809524,0.15841584158415842,0.24299065420560748,0.23300970873786409,0.029447209100632376,0.03457701909718398,0.3647058823529412,0.35115800476921566
7114,0.513888888888889,0.44800000000000006,0.29577464788732394,0.13008130081300814,0.3888888888888889,0.27199999999999996,0.20102545097310862,0.08767210132815903,0.4627609782190796,0.29810043852251644
7115,0.33707865168539325,0.29850746268656714,0.06896551724137932,0.030769230769230767,0.15730337078651685,0.14925373134328357,0.0063900701453506875,0.0076449269982975365,0.18314049586776862,0.09887005649717515
7116,0.2280701754385965,0.28571428571428575,0.07142857142857144,0.10416666666666666,0.15789473684210525,0.24489795918367344,0.04824077493405581,0.06319718071485787,0.18385922330097088,0.14816209281570727
7117,0.7032967032967034,0.5654450261780105,0.45555555555555555,0.35978835978835977,0.43956043956043955,0.37696335078534027,0.2678058341519931,0.24115025570791465,0.49233086531743026,0.4059430103195017
7118,0.43209876543209874,0.3577235772357723,0.1375,0.23140495867768596,0.23456790123456792,0.2926829268292683,0.07139040261766776,0.1585855443169414,0.3576020035479495,0.259947116595316
7119,0.5301204819277109,0.4473684210526316,0.271604938271605,0.3243243243243243,0.45783132530120485,0.4473684210526316,0.07423447100714539,0.2134152106157907,0.3444830494858612,0.3590845787133751
7120,0.2616822429906542,0.175,0.01904761904761905,0.025641025641025644,0.1308411214953271,0.125,0.005491392762473372,0.005258510702212364,0.16771488469601675,0.07865168539325842
7121,0.3695652173913043,0.26865671641791045,0.06666666666666667,0.061538461538461535,0.21739130434782605,0.1791044776119403,0.010112320187876412,0.006787181501568368,0.2543492063492064,0.10802469135802469
7122,0.4444444444444445,0.46315789473684205,0.20618556701030927,0.23655913978494625,0.36363636363636365,0.3789473684210526,0.11136317349785235,0.1423071532720465,0.4493611849171802,0.4807692307692307
7123,0.32592592592592595,0.4,0.10526315789473685,0.1935483870967742,0.22222222222222224,0.29473684210526313,0.030011855670069188,0.012711262772120278,0.19061514972419225,0.1206636500754148
7124,0.33082706766917297,0.3333333333333333,0.10687022900763357,0.14705882352941177,0.1954887218045113,0.26086956521739135,0.010261683555180498,0.04094120251101828,0.2530816248067855,0.3134313338442365
7125,0.5523809523809523,0.8,0.3883495145631068,0.7435897435897436,0.3619047619047619,0.8,0.17289396070634167,0.4761689276907041,0.49839215686274513,0.6656172660427567
7126,0.450261780104712,0.4331210191082802,0.15873015873015875,0.16774193548387095,0.20942408376963348,0.2038216560509554,0.07745809234418535,0.06467174332409209,0.3112010367255122,0.287033894060888
7127,0.37383177570093457,0.36585365853658536,0.19047619047619044,0.225,0.26168224299065423,0.29268292682926833,0.08269576405332207,0.07071775095476408,0.44912329045264027,0.3357200868513085
7128,0.5142857142857142,0.5636363636363636,0.20289855072463767,0.20370370370370372,0.2571428571428571,0.3090909090909091,0.03645372713977007,0.0763792214494763,0.40306314543889843,0.35747450078296356
7129,0.5426356589147288,0.484375,0.33070866141732286,0.2857142857142857,0.40310077519379844,0.34375,0.1570004104714948,0.14900330431731557,0.46204046154698575,0.4305073093067014
7130,0.37209302325581395,0.2857142857142857,0.16666666666666669,0.026666666666666665,0.27906976744186046,0.20779220779220778,0.0731214927375959,0.012892052267059946,0.2874368686868687,0.2014008385642617
7131,0.5242718446601943,0.4444444444444445,0.2156862745098039,0.15384615384615383,0.2912621359223301,0.2339181286549708,0.1049788372363791,0.01485435470786467,0.3056518523282737,0.21108122923018946
7132,0.4210526315789474,0.5681818181818183,0.17204301075268816,0.37209302325581395,0.3157894736842105,0.5227272727272726,0.03638187654901608,0.16948607140236896,0.20095309756709306,0.3157209196964549
7133,0.4413793103448276,0.4230769230769231,0.1678321678321678,0.12987012987012986,0.26206896551724135,0.2564102564102564,0.10339294278472702,0.05724238102684645,0.3470479911899351,0.36810551558752996
7134,0.25862068965517243,0.27199999999999996,0.15789473684210528,0.08130081300813008,0.1206896551724138,0.14400000000000002,0.03265533380763153,0.05382598430511784,0.17952310043497002,0.16532316630355845
7135,0.5333333333333333,0.5934065934065933,0.2711864406779661,0.2921348314606742,0.3333333333333333,0.5054945054945055,0.07538216285778104,0.10137137378443656,0.28840633620958434,0.3390953252160746
7136,0.3880597014925373,0.4098360655737705,0.15151515151515152,0.11666666666666667,0.2835820895522388,0.24590163934426226,0.06758583657764057,0.03369689489467111,0.3184931506849315,0.22614908720768837
7137,0.5964912280701753,0.40625,0.33928571428571425,0.19047619047619047,0.42105263157894735,0.234375,0.21034709301355342,0.09463064572970475,0.4838401223943394,0.3322431490834269
7138,0.3516483516483517,0.4761904761904762,0.0898876404494382,0.09836065573770493,0.26373626373626374,0.380952380952381,0.02727416950879918,0.017972209672057766,0.288370675201951,0.2676660787771899
7139,0.33599999999999997,0.3008849557522124,0.13008130081300812,0.0900900900900901,0.208,0.19469026548672566,0.06666049525566173,0.01903035925309474,0.28951325682627627,0.17319498486813664
7140,0.42187500000000006,0.39999999999999997,0.2698412698412698,0.20512820512820512,0.3125,0.35000000000000003,0.14654697719935672,0.031523163715960874,0.4993946731234867,0.18815804369976227
7141,0.5432098765432098,0.39062500000000006,0.2125,0.1111111111111111,0.34567901234567894,0.234375,0.09700268286970186,0.02920064475270876,0.42451703285782005,0.20938318887321103
7142,0.43312101910828027,0.43137254901960786,0.1935483870967742,0.21192052980132453,0.20382165605095545,0.20915032679738563,0.1153206052331875,0.12088214481984938,0.3085371376811595,0.35499562294567494
7143,0.6627218934911242,0.46706586826347307,0.502994011976048,0.29090909090909095,0.5680473372781065,0.37125748502994016,0.40620151488425443,0.2625186725391515,0.6218006277868595,0.4397867090174782
7144,0.6185567010309279,0.449438202247191,0.4210526315789474,0.22988505747126436,0.536082474226804,0.35955056179775285,0.3458701614430921,0.11314777983453553,0.5290924512298558,0.28837209302325584
7145,0.23404255319148934,0.29999999999999993,0.10869565217391304,0.1282051282051282,0.19148936170212766,0.25,0.08665815852041567,0.11393656301951627,0.2662037037037037,0.29305933152087
7146,0.3255813953488372,0.34710743801652894,0.09448818897637794,0.13445378151260506,0.17054263565891473,0.23140495867768593,0.00905081513680214,0.04242372044912787,0.2527931415929204,0.31213400900900906
7147,0.4634146341463415,0.6216216216216217,0.27499999999999997,0.33333333333333326,0.3902439024390244,0.5405405405405406,0.16229640216355307,0.19999012467593583,0.4395885320085773,0.4654494382022472
7148,0.6119402985074627,0.512396694214876,0.2727272727272727,0.21848739495798322,0.3432835820895523,0.31404958677685957,0.09112349735099357,0.12355418259805452,0.42022325708807,0.37831763698630144
7149,0.396694214876033,0.36036036036036034,0.08403361344537814,0.09174311926605504,0.23140495867768596,0.23423423423423423,0.02308480827931824,0.04517248302177802,0.2260404586681133,0.213785365557813
7150,0.4369747899159664,0.41059602649006627,0.20512820512820515,0.13422818791946312,0.25210084033613445,0.19867549668874174,0.09628686982734434,0.08018037715832978,0.3634865853870033,0.3318974648683003
7151,0.3488372093023256,0.28571428571428575,0.14285714285714285,0.08823529411764706,0.16279069767441862,0.2,0.013229269219304755,0.03330914317374546,0.25456053067993367,0.2503950879556465
7152,0.3541666666666667,0.34285714285714286,0.14893617021276595,0.0970873786407767,0.2708333333333333,0.24761904761904763,0.10445522730720382,0.014549786343353492,0.2838486438218551,0.2344726818062865
7153,0.5033112582781457,0.47058823529411764,0.1610738255033557,0.20512820512820515,0.23841059602649012,0.38655462184873957,0.07869987892353206,0.03879319614259978,0.3734255504374848,0.31300347078373425
7154,0.4657534246575342,0.6106870229007634,0.19444444444444442,0.31007751937984496,0.3561643835616438,0.366412213740458,0.0754791629755296,0.13722178258762405,0.34391650301612514,0.429108135462094
7155,0.591304347826087,0.4299065420560748,0.3893805309734513,0.17142857142857143,0.48695652173913045,0.2990654205607477,0.3033198473459423,0.13246096272643434,0.504550657317168,0.25240283723663226
7156,0.6608695652173913,0.5378151260504201,0.42477876106194684,0.3076923076923077,0.573913043478261,0.47058823529411764,0.30116083968159085,0.22337607675722188,0.6249100015447008,0.46451126615418886
7157,0.5125,0.5714285714285714,0.22784810126582278,0.2608695652173913,0.3,0.3142857142857143,0.10818181151530287,0.12809157644939223,0.4759026101057787,0.49440162102316637
7158,0.5714285714285715,0.3931623931623932,0.40579710144927533,0.17391304347826086,0.5142857142857142,0.2905982905982906,0.24236287157885392,0.09671168361455976,0.6835615431920719,0.3127458021271502
7159,0.36923076923076925,0.38016528925619836,0.140625,0.11764705882352941,0.30769230769230765,0.2809917355371901,0.07369081146140266,0.052090995550154125,0.445571085577088,0.3410456730769231
7160,0.5522388059701493,0.6029411764705882,0.2727272727272727,0.34328358208955223,0.4029850746268657,0.5294117647058822,0.04991230993327985,0.21717285649350487,0.3910653677220919,0.41922064399520637
7161,0.624113475177305,0.47058823529411764,0.4460431654676259,0.3076923076923077,0.5390070921985815,0.33613445378151263,0.28072177115867925,0.13553443873326057,0.42971711755371955,0.24974602317297429
7162,0.3259259259259259,0.326241134751773,0.045112781954887216,0.04316546762589928,0.2074074074074074,0.2127659574468085,0.018521860067971418,0.009666548807309586,0.1495448634590377,0.16691261662296483
7163,0.4761904761904762,0.5494505494505494,0.27184466019417475,0.3820224719101124,0.28571428571428564,0.32967032967032966,0.17961629257714642,0.23180680017494773,0.27507027027027026,0.37517343173431733
7164,0.6624203821656051,0.611111111111111,0.4903225806451613,0.38028169014084506,0.5859872611464967,0.4444444444444445,0.34006065153126086,0.31883699039041713,0.5925858028825229,0.48447874689144055
7165,0.6153846153846153,0.5333333333333332,0.3829787234042554,0.3389830508474576,0.32167832167832167,0.35,0.20027494839683035,0.13382324133581103,0.41283521239329324,0.34343157347804754
7166,0.5391304347826087,0.5789473684210525,0.19469026548672563,0.2142857142857143,0.27826086956521734,0.4035087719298246,0.13984400937580357,0.10386877253699929,0.3390051979438392,0.39941965486759684
7167,0.4875,0.5497076023391813,0.1518987341772152,0.35502958579881655,0.28750000000000003,0.4210526315789474,0.0352467966958154,0.2583866572261594,0.3572114191533495,0.5009486016628873
7168,0.4269662921348314,0.5106382978723405,0.18181818181818182,0.3021582733812949,0.3146067415730337,0.41134751773049644,0.12684460379950435,0.1547261102905119,0.28787772751661067,0.25562883026911803
7169,0.4356435643564357,0.4999999999999999,0.1818181818181818,0.2765957446808511,0.2376237623762376,0.3541666666666667,0.03886014932082902,0.24295213670742896,0.2878682951397633,0.36406914582276506
7170,0.43478260869565216,0.3571428571428572,0.08849557522123892,0.19512195121951217,0.19130434782608693,0.23809523809523808,0.010442194463269713,0.045760199452131944,0.1764705882352941,0.15093411996066863
7171,0.45614035087719296,0.4905660377358491,0.10650887573964497,0.14012738853503184,0.2923976608187135,0.3018867924528302,0.06617762054068453,0.0889479631634868,0.3078984040388249,0.30633198302469133
7172,0.5454545454545454,0.532258064516129,0.2411347517730496,0.21311475409836064,0.3776223776223776,0.3064516129032258,0.1264384355731825,0.01583130846440069,0.441011039466638,0.283471173438811
7173,0.3973509933774834,0.42592592592592593,0.1610738255033557,0.22641509433962265,0.304635761589404,0.3888888888888889,0.12392133600832103,0.17126045109241453,0.3455339456149829,0.32112521891418566
7174,0.43697478991596644,0.39215686274509803,0.18803418803418803,0.11999999999999998,0.35294117647058826,0.23529411764705882,0.08110105907196082,0.016602979347393815,0.30814578922204766,0.2136529053812194
7175,0.5762711864406779,0.5925925925925926,0.3448275862068966,0.32075471698113206,0.3559322033898305,0.35185185185185186,0.25639031444310895,0.3000575707127426,0.3686782089885135,0.41902848690384886
7176,0.4473684210526316,0.5161290322580646,0.18918918918918923,0.2,0.3684210526315789,0.4193548387096774,0.07903320424241257,0.1072049893226481,0.4439346070909183,0.5018616706355994
7177,0.3168316831683168,0.32989690721649484,0.06060606060606061,0.06315789473684212,0.13861386138613863,0.18556701030927836,0.026224692748244294,0.02597602077001889,0.21484374999999997,0.2062846580406654
7178,0.4885496183206106,0.4460431654676259,0.3720930232558139,0.36496350364963503,0.2748091603053435,0.4460431654676259,0.22584825025976651,0.3315574377539365,0.2912358208955224,0.38408059694696867
7179,0.6382978723404255,0.5,0.43478260869565216,0.2127659574468085,0.5744680851063829,0.39583333333333326,0.261520209578055,0.052031721484861855,0.4897854203409758,0.3370663153271849
7180,0.37288135593220334,0.31067961165048547,0.06896551724137931,0.09900990099009903,0.18644067796610167,0.21359223300970873,0.01120062606421828,0.026474748066323467,0.14731369150779894,0.1985925205334384
7181,0.5411764705882353,0.225,0.3373493975903615,0.0,0.4705882352941176,0.15,0.23325505861671608,0.0075794493470156,0.48593452002542914,0.11002444987775062
7182,0.6041666666666666,0.6699029126213591,0.4631578947368421,0.5196078431372549,0.5,0.5631067961165047,0.3543194396676119,0.4247358185027476,0.44962159478638947,0.4796723698783383
7183,0.38000000000000006,0.42696629213483145,0.24489795918367344,0.27586206896551724,0.34,0.38202247191011235,0.1556920691385818,0.18896098929394423,0.46477462925470875,0.4786673491509093
7184,0.47191011235955055,0.28915662650602414,0.4137931034482758,0.24691358024691357,0.44943820224719094,0.26506024096385544,0.20205619346302284,0.17867670397284946,0.388156327947757,0.2202906811057281
7185,0.3368421052631579,0.2777777777777778,0.08602150537634409,0.08571428571428572,0.23157894736842105,0.19444444444444445,0.013101376346591444,0.013769802397985408,0.2670071687554842,0.17386755936813472
7186,0.5413533834586466,0.3181818181818182,0.1679389312977099,0.11627906976744186,0.33082706766917297,0.25000000000000006,0.01437318952079703,0.030973892299186415,0.37542774685631825,0.15060728744939272
7187,0.509090909090909,0.4727272727272728,0.16666666666666669,0.2037037037037037,0.2727272727272727,0.2545454545454545,0.034157826245907824,0.1376349547193665,0.32863275294872824,0.3497288167527993
7188,0.7200000000000001,0.7338129496402878,0.5853658536585366,0.656934306569343,0.6400000000000001,0.7050359712230214,0.3813406293612107,0.41572698621818416,0.6774392120652507,0.8039336503471525
7189,0.3106796116504854,0.4468085106382979,0.15841584158415842,0.1739130434782609,0.2330097087378641,0.19148936170212766,0.022274532892183646,0.03419428033498081,0.28444809941520466,0.3670781893004115
7190,0.5764705882352941,0.5352112676056338,0.2261904761904762,0.1857142857142857,0.4,0.323943661971831,0.10557767795583453,0.09614533464232337,0.491375263847561,0.29989149971643403
7191,0.4,0.3870967741935484,0.17647058823529413,0.16666666666666669,0.34285714285714286,0.3870967741935484,0.030901532587310255,0.04354004419807858,0.30544354838709675,0.26275010874293164
7192,0.3880597014925373,0.35114503816793896,0.13636363636363635,0.1550387596899225,0.19402985074626866,0.21374045801526717,0.030490516656030763,0.030804840365902898,0.3181048824593129,0.28070115140058427
7193,0.3793103448275862,0.3564356435643564,0.07017543859649124,0.0606060606060606,0.22413793103448276,0.198019801980198,0.011611338506981091,0.01406140052757773,0.2968954485967719,0.28367296563451355
7194,0.5789473684210527,0.64,0.4133333333333334,0.472972972972973,0.5394736842105263,0.6000000000000001,0.3017029529565223,0.3583414889448643,0.5126727834989068,0.5140747396151363
7195,0.4413793103448276,0.4603174603174603,0.22377622377622378,0.25806451612903225,0.2482758620689655,0.25396825396825395,0.17768014974337362,0.15914083747105748,0.26332680472114023,0.26656830601092896
7196,0.4035087719298246,0.5174825174825175,0.125,0.21276595744680848,0.2456140350877193,0.26573426573426573,0.05978465439629916,0.08880041298374095,0.28732385992032816,0.4180206769939966
7197,0.5614035087719298,0.39506172839506176,0.21428571428571427,0.12658227848101267,0.3508771929824561,0.2962962962962963,0.0651453954268281,0.07303611305830765,0.440614364045117,0.2738611713665944
7198,0.3697478991596638,0.3762376237623762,0.03418803418803419,0.10101010101010101,0.20168067226890757,0.23762376237623764,0.011463393158760136,0.017432228564429518,0.2684581289456897,0.2100468783294268
7199,0.6466165413533835,0.7166666666666667,0.5343511450381679,0.5932203389830508,0.631578947368421,0.6499999999999999,0.30544710455249835,0.35862376541205704,0.6798159105851413,0.6967461918832387
7200,0.3300970873786408,0.2857142857142857,0.15841584158415842,0.14583333333333334,0.27184466019417475,0.22448979591836735,0.02809934127070495,0.0776768001529589,0.18947149396587595,0.1298254932900061
7201,0.45238095238095233,0.6176470588235293,0.2682926829268293,0.303030303030303,0.2857142857142857,0.411764705882353,0.14638501094227996,0.179364704966932,0.4295051353874883,0.3603704457561572
7202,0.3975155279503106,0.3971631205673759,0.11320754716981132,0.08633093525179857,0.21118012422360247,0.15602836879432622,0.02203756759323885,0.009072323434515596,0.24930206815721576,0.1422475106685633
7203,0.43333333333333335,0.4999999999999999,0.15254237288135594,0.19148936170212766,0.16666666666666666,0.31250000000000006,0.0744350630713977,0.09461323462277361,0.25716050309486604,0.2911265134984812
7204,0.43312101910828027,0.4132231404958678,0.11612903225806451,0.10084033613445378,0.2038216560509554,0.18181818181818182,0.019864849543379366,0.027811184500281947,0.25077066395663955,0.23052899468374718
7205,0.4339622641509434,0.4367816091954023,0.1346153846153846,0.18823529411764706,0.24528301886792453,0.27586206896551724,0.02753549267608319,0.09566568667516409,0.3341124295816852,0.283969465648855
7206,0.41333333333333333,0.5165562913907285,0.22972972972972971,0.2416107382550336,0.38666666666666666,0.42384105960264906,0.13948765249100353,0.14302003848235534,0.4475058037483721,0.5483227773868167
7207,0.7552447552447552,0.8333333333333334,0.6666666666666667,0.7887323943661972,0.46153846153846156,0.8333333333333334,0.515298278986593,0.6152677388365512,0.7558936428601943,0.8590784269928655
7208,0.5378151260504203,0.3826086956521739,0.23931623931623933,0.21238938053097345,0.3697478991596639,0.3130434782608696,0.12484596973571346,0.15069709523030048,0.41146218494950426,0.3103607034211535
7209,0.4225352112676056,0.36507936507936506,0.1285714285714286,0.16129032258064513,0.2112676056338028,0.1904761904761905,0.010171304274729271,0.06577737980407229,0.2567366482504605,0.33716499129643857
7210,0.5125,0.5185185185185185,0.27848101265822783,0.3458646616541353,0.45,0.4444444444444444,0.161438912071777,0.0967507722622498,0.3192111741212579,0.30059964893471647
7211,0.421875,0.36781609195402304,0.19047619047619047,0.11764705882352941,0.34375,0.2298850574712644,0.07944422747307898,0.01653651816726687,0.3560729927007299,0.19956169186938416
7212,0.43636363636363634,0.4791666666666667,0.12962962962962962,0.19148936170212766,0.23636363636363636,0.2916666666666667,0.115820014606489,0.10683419608328769,0.31283922478365705,0.2730275229357798
7213,0.2831858407079646,0.3269230769230769,0.018018018018018018,0.058823529411764705,0.1238938053097345,0.21153846153846154,0.00797747599484009,0.020992402287001503,0.14161220043572983,0.23698496659242763
7214,0.35135135135135137,0.31730769230769224,0.06363636363636364,0.08737864077669902,0.19819819819819823,0.22115384615384617,0.007193761323522924,0.030953393689050823,0.16334397230691058,0.166001276091514
7215,0.3611111111111111,0.45312500000000006,0.09859154929577464,0.20634920634920634,0.2361111111111111,0.29687499999999994,0.06053243161783007,0.15663201873902088,0.24675934998294394,0.24591940780230104
7216,0.4663212435233161,0.4198895027624309,0.0942408376963351,0.0893854748603352,0.24870466321243526,0.22099447513812154,0.04369218689924103,0.015262089178183115,0.2474684863458925,0.18078083098649736
7217,0.40287769784172667,0.5806451612903226,0.16058394160583941,0.41758241758241765,0.2446043165467626,0.27956989247311825,0.08346026712470195,0.24722597662229187,0.34597163120567376,0.4170459717796995
7218,0.48611111111111116,0.5391304347826086,0.16901408450704222,0.3185840707964601,0.3055555555555556,0.4347826086956521,0.057535210724550215,0.19770143764251233,0.4298166749338624,0.46514758929025046
7219,0.41818181818181815,0.54,0.2037037037037037,0.20408163265306123,0.3636363636363637,0.27999999999999997,0.07794610333107876,0.04666086420591673,0.3490542558486809,0.37926307238044654
7220,0.3649635036496351,0.38926174496644295,0.13333333333333333,0.2585034013605442,0.32116788321167883,0.37583892617449666,0.07834518534086846,0.1305061027468127,0.3328168044077135,0.4490599593495936
7221,0.7432432432432432,0.5673758865248227,0.6027397260273972,0.2877697841726619,0.6891891891891891,0.35460992907801414,0.5058071091789681,0.18728674627858763,0.7520100675350321,0.46173736589877823
7222,0.3857142857142857,0.4375,0.08695652173913043,0.20634920634920634,0.15714285714285714,0.328125,0.08702668445268603,0.07988533219728834,0.2285389221556886,0.25332842381156717
7223,0.5142857142857143,0.45303867403314924,0.1826923076923077,0.2122905027932961,0.19999999999999998,0.23204419889502764,0.030564761584480314,0.04698440642025245,0.2749171649464905,0.25626805888654136
7224,0.29333333333333333,0.33333333333333337,0.0547945205479452,0.125,0.15999999999999998,0.33333333333333337,0.014188431559477634,0.02011412998540049,0.18913690476190476,0.20983890394459498
7225,0.7083333333333333,0.7183098591549296,0.6197183098591548,0.6142857142857143,0.625,0.6338028169014084,0.4404320735893094,0.4335083370426965,0.5741076069278876,0.5619777794955763
7226,0.5904761904761905,0.6055045871559632,0.4077669902912621,0.3925233644859813,0.5523809523809523,0.5688073394495413,0.31141006338152494,0.254926765278924,0.5251672719377888,0.5331623931623933
7227,0.1904761904761905,0.26804123711340205,0.06451612903225806,0.042105263157894736,0.14285714285714285,0.16494845360824742,0.038593662433354436,0.01382815432569225,0.17599907063197023,0.10869565217391305
7228,0.5542168674698795,0.6153846153846153,0.3703703703703704,0.4473684210526316,0.3132530120481928,0.4615384615384615,0.1622964021635531,0.2310990061541649,0.48526056332654166,0.4688194699503199
7229,0.4413793103448276,0.3140495867768595,0.15384615384615383,0.06722689075630252,0.2758620689655172,0.18181818181818182,0.08231619276321142,0.021757005275562798,0.35654952076677315,0.1814358417463488
7230,0.3382352941176471,0.3333333333333333,0.02985074626865672,0.01694915254237288,0.17647058823529407,0.19999999999999998,0.009256688871996344,0.009221012894710497,0.24457543859649133,0.21494964352107213
7231,0.4444444444444445,0.3838383838383838,0.22608695652173913,0.10309278350515463,0.20512820512820512,0.2828282828282828,0.11360647944164982,0.014774310980141163,0.4570412147505423,0.25191873589164787
7232,0.4137931034482759,0.4958677685950412,0.1929824561403509,0.2521008403361345,0.3448275862068965,0.2479338842975206,0.07185977571847182,0.04296675983077916,0.34301689860834994,0.47443752312385545
7233,0.6142857142857143,0.5633802816901409,0.27536231884057977,0.3142857142857143,0.5142857142857143,0.4929577464788733,0.15291898798954534,0.1778770082721172,0.5074632352941176,0.4878446728666992
7234,0.43902439024390244,0.42038216560509556,0.17283950617283952,0.14193548387096774,0.28048780487804875,0.21656050955414013,0.12099786399361606,0.06597496203913551,0.28809735340877207,0.2638545104510451
7235,0.3181818181818182,0.4000000000000001,0.06976744186046512,0.14457831325301204,0.13636363636363635,0.21176470588235297,0.015315603358167423,0.0998948921577455,0.23554104477611942,0.33754132556675065
7236,0.452054794520548,0.43137254901960786,0.18055555555555555,0.21999999999999997,0.31506849315068497,0.2549019607843137,0.11248337299167142,0.10759252101594484,0.392492205838434,0.23255657085296974
7237,0.5225225225225225,0.4897959183673469,0.16513761467889912,0.18750000000000003,0.34234234234234234,0.3877551020408163,0.029617257430023716,0.09093826310359998,0.35640963616290167,0.3439022351705034
7238,0.4686192468619247,0.39090909090909093,0.1350210970464135,0.09174311926605504,0.2594142259414226,0.2090909090909091,0.10474693132010436,0.03901322326087974,0.1939158449575116,0.17085616731950146
7239,0.3741935483870968,0.4177215189873418,0.1699346405228758,0.11538461538461539,0.2580645161290322,0.16455696202531647,0.07612805450183993,0.02416882994411494,0.35712000000000005,0.3410456730769231
7240,0.391304347826087,0.23684210526315788,0.1777777777777778,0.05405405405405406,0.2608695652173913,0.10526315789473684,0.09730390930696271,0.012862102017890096,0.25764225181598066,0.15900503778337532
7241,0.37762237762237766,0.34965034965034963,0.07092198581560284,0.0425531914893617,0.20979020979020982,0.1818181818181818,0.011315052240282905,0.009090834531686628,0.22538008491987396,0.1980797912005966
7242,0.4772727272727273,0.5428571428571428,0.20930232558139533,0.2647058823529412,0.38636363636363635,0.39999999999999997,0.1406005899217114,0.19591247075997567,0.42082317073170733,0.3399711685228108
7243,0.2075471698113208,0.23157894736842105,0.057692307692307696,0.08602150537634408,0.1320754716981132,0.21052631578947367,0.007881920122879542,0.011382809806126881,0.2021739130434783,0.2467860422405877
7244,0.4081632653061224,0.4155844155844156,0.0625,0.08,0.30612244897959184,0.33766233766233766,0.021037114792227918,0.030002843173508643,0.27561401789796847,0.2486654252017381
7245,0.39999999999999997,0.5593220338983051,0.15254237288135594,0.3275862068965517,0.2833333333333333,0.4067796610169491,0.0934748138367647,0.23864975466579932,0.3040150384813158,0.5127349820572418
7246,0.4305555555555556,0.39285714285714285,0.18309859154929578,0.1636363636363636,0.2916666666666667,0.25,0.0990635584428824,0.03781489922254644,0.43349234580063756,0.30721769924427733
7247,0.5911949685534591,0.6583850931677019,0.445859872611465,0.5283018867924528,0.5534591194968554,0.6335403726708073,0.3631031360746804,0.3427584964153901,0.47169659992552493,0.5332509682611539
7248,0.5225225225225225,0.5714285714285714,0.3119266055045872,0.3689320388349515,0.41441441441441446,0.43809523809523815,0.2630405625835571,0.2506253166342458,0.3707075304708441,0.38507099180034643
7249,0.37333333333333335,0.33898305084745767,0.13513513513513514,0.10344827586206896,0.21333333333333335,0.288135593220339,0.05899875829945808,0.055990942289707135,0.37070391343350534,0.2479005167958656
7250,0.41904761904761906,0.4,0.23300970873786406,0.19354838709677422,0.26666666666666666,0.3157894736842105,0.1460163137440212,0.11336958836647044,0.3517421305439739,0.21835891651296432
7251,0.22222222222222224,0.19047619047619047,0.045454545454545456,0.07317073170731708,0.17777777777777778,0.19047619047619047,0.0047584037026681784,0.020723887289296177,0.14018691588785046,0.21849892220262593
7252,0.41830065359477125,0.3880597014925374,0.1324503311258278,0.0303030303030303,0.23529411764705882,0.1940298507462687,0.08182594292105122,0.008820212311822284,0.3041294642857143,0.19180673754685398
7253,0.44554455445544555,0.4682926829268293,0.18000000000000002,0.2068965517241379,0.26732673267326734,0.34146341463414637,0.07388926061929418,0.10594422860065272,0.27833633506663635,0.3611206414557283
7254,0.21818181818181817,0.24691358024691357,0.01851851851851852,0.0,0.10909090909090909,0.19753086419753085,0.004183305296447415,0.0065020699986389945,0.17779451137884875,0.14175257731958762
7255,0.5294117647058824,0.6,0.4059405940594059,0.48314606741573035,0.4215686274509804,0.4666666666666666,0.3309625998002473,0.3253241884904675,0.3882890365448505,0.4130969475819569
7256,0.6097560975609756,0.5987261146496815,0.34567901234567894,0.32258064516129026,0.475609756097561,0.445859872611465,0.17557797901343072,0.17113170761144936,0.5849590471027939,0.5535044953309137
7257,0.593939393939394,0.5072463768115941,0.4294478527607362,0.3676470588235294,0.5333333333333333,0.2608695652173913,0.3272778962505158,0.21211576661135784,0.5759267642472713,0.40729828202400575
7258,0.6351351351351352,0.576923076923077,0.32876712328767127,0.19607843137254902,0.40540540540540543,0.4038461538461538,0.14300043646688554,0.08984268689702027,0.47439780086660766,0.28620773813081496
7259,0.49729729729729727,0.6060606060606061,0.33879781420765026,0.35714285714285715,0.3783783783783784,0.37373737373737376,0.23954762543223385,0.29294364197034645,0.3740197223861997,0.4566856347285516
7260,0.6060606060606061,0.55,0.41237113402061853,0.37288135593220334,0.5454545454545454,0.4833333333333334,0.2586536090533073,0.23015898355197373,0.5241015962884328,0.5596339581211813
7261,0.65,0.5,0.3389830508474576,0.30158730158730157,0.39999999999999997,0.40625,0.1098640693749858,0.15184144708908676,0.4805893341792676,0.40385705564276986
7262,0.5822784810126583,0.6754966887417219,0.30769230769230765,0.4563758389261745,0.3164556962025316,0.5430463576158939,0.18017286989808745,0.29006362737894714,0.4661307735295198,0.5615417548366267
7263,0.6095238095238094,0.5925925925925924,0.2912621359223301,0.4556962025316456,0.26666666666666666,0.5925925925925924,0.13095746834087352,0.2595470813230385,0.369321922317314,0.42884721456150027
7264,0.49032258064516127,0.37500000000000006,0.23529411764705882,0.19999999999999998,0.2580645161290323,0.3214285714285714,0.15595652409443728,0.0633008333250215,0.36939206762028604,0.25152606310013714
7265,0.27118644067796605,0.24427480916030533,0.10344827586206898,0.046511627906976744,0.20338983050847456,0.12213740458015267,0.030209162320662716,0.019500068109363538,0.1600914205344585,0.1317829457364341
7266,0.5043478260869564,0.5333333333333333,0.2654867256637168,0.3181818181818182,0.34782608695652173,0.4222222222222222,0.18866698346840305,0.24036522931485457,0.44819277108433736,0.41166244725738393
7267,0.41904761904761906,0.45161290322580644,0.21359223300970875,0.15384615384615385,0.3428571428571429,0.3225806451612903,0.16135422707225625,0.11205543120145549,0.33273092369477913,0.2959810901765069
7268,0.22784810126582278,0.4460431654676259,0.0,0.3211678832116788,0.10126582278481011,0.3741007194244605,0.003999909995463237,0.30570240086970396,0.14423076923076922,0.4175045729019746
7269,0.6481481481481481,0.6904761904761904,0.4716981132075472,0.46341463414634143,0.5740740740740741,0.6904761904761904,0.28042641297553506,0.25728949704438037,0.6504124704571799,0.5391278565598857
7270,0.4,0.4885496183206107,0.1875,0.1395348837209302,0.30769230769230765,0.24427480916030536,0.10587742531448142,0.03482379538294019,0.26914206896551723,0.24807533054487269
7271,0.3783783783783784,0.2692307692307692,0.05504587155963303,0.058823529411764705,0.16216216216216217,0.15384615384615385,0.020320426781099656,0.020640723169314635,0.1569037656903766,0.10638297872340424
7272,0.3928571428571429,0.40540540540540543,0.18181818181818182,0.1388888888888889,0.3214285714285714,0.2972972972972973,0.07771383162565326,0.037785497085592895,0.4058653903323622,0.264945121856021
7273,0.7234042553191489,0.6256983240223464,0.5591397849462365,0.44067796610169485,0.7021276595744681,0.5474860335195529,0.3803709293078617,0.3034244531689302,0.5546983141032633,0.4570366814024104
7274,0.5689655172413793,0.4536082474226804,0.29824561403508776,0.18947368421052632,0.3448275862068966,0.26804123711340205,0.12528896089834737,0.034709247204129004,0.5406060606060608,0.348109243697479
7275,0.2735042735042735,0.3636363636363636,0.017391304347826087,0.06722689075630253,0.13675213675213674,0.1983471074380165,0.009457567414742235,0.012338428038250094,0.15315677600965127,0.22459639126305794
7276,0.4415584415584416,0.5942028985507246,0.1842105263157895,0.29411764705882354,0.3376623376623376,0.5362318840579711,0.09970706856766866,0.16191858102130358,0.4563112563973268,0.5461115968649671
7277,0.36649214659685864,0.4444444444444445,0.08465608465608467,0.18181818181818185,0.19895287958115185,0.2751322751322751,0.01061289778651537,0.14606767428257994,0.22691782069970842,0.3225301289237668
7278,0.4227642276422764,0.6434782608695652,0.14876033057851237,0.40707964601769914,0.2439024390243902,0.46956521739130436,0.035826445004837365,0.2689127089728566,0.32575626043405675,0.5176235997888686
7279,0.4716981132075472,0.32653061224489793,0.25,0.08333333333333334,0.41509433962264153,0.18367346938775508,0.10578785283110642,0.030514514284092718,0.39640591966173355,0.21594451867404718
7280,0.4070796460176991,0.3725490196078432,0.0900900900900901,0.05999999999999999,0.17699115044247785,0.17647058823529413,0.061323542024314226,0.052426726264130336,0.2571423482473639,0.18341918796731005
7281,0.4210526315789474,0.23255813953488375,0.14285714285714285,0.07142857142857142,0.19298245614035087,0.13953488372093023,0.07406385653377034,0.00897974009758081,0.3020330339448433,0.12419111383438194
7282,0.47863247863247865,0.3300970873786408,0.12173913043478263,0.1188118811881188,0.2905982905982906,0.19417475728155342,0.027561963677657828,0.011893907214415963,0.3250619434984783,0.1655899046008936
7283,0.2833333333333333,0.3505154639175258,0.03389830508474577,0.14736842105263157,0.16666666666666666,0.26804123711340205,0.008102754557285676,0.028354854401059677,0.16483516483516486,0.17441860465116282
7284,0.303030303030303,0.303030303030303,0.041237113402061855,0.0625,0.22222222222222224,0.27272727272727276,0.004863726726437654,0.008456949900335256,0.1527777777777778,0.10670731707317073
7285,0.5054945054945055,0.5970149253731343,0.29213483146067415,0.27692307692307694,0.4835164835164836,0.4477611940298507,0.19363523535754634,0.046923128627231726,0.40121065375302667,0.4758115757014031
7286,0.4858757062146893,0.6057142857142858,0.19428571428571428,0.38150289017341044,0.29378531073446323,0.4571428571428572,0.1580445050299844,0.34268750862134434,0.35661326894121165,0.444621723275739
7287,0.518918918918919,0.3684210526315789,0.24043715846994534,0.10638297872340424,0.3135135135135135,0.24210526315789474,0.16889619772447076,0.02152625889693861,0.4214167517065523,0.26274493466094523
7288,0.381578947368421,0.46846846846846846,0.11999999999999998,0.1651376146788991,0.2894736842105263,0.34234234234234234,0.010504420822184035,0.0700291538299407,0.33774511338613905,0.3330992888648843
7289,0.1951219512195122,0.1794871794871795,0.05,0.05263157894736842,0.0975609756097561,0.10256410256410256,0.005308470686586064,0.005512554695624458,0.12455516014234876,0.10830324909747294
7290,0.7898089171974522,0.8344370860927153,0.6709677419354838,0.8053691275167786,0.7770700636942677,0.8344370860927153,0.5093169428754311,0.6295978542548466,0.6661748853332207,0.7052124973700821
7291,0.36666666666666664,0.4067796610169491,0.15254237288135591,0.13793103448275862,0.24999999999999994,0.2711864406779661,0.06659181551206494,0.06732787891364103,0.2607089412644968,0.2533625438420948
7292,0.32323232323232326,0.39999999999999997,0.14432989690721648,0.136986301369863,0.22222222222222224,0.21333333333333332,0.09849437748043782,0.09176855679635781,0.319620253164557,0.3
7293,0.40287769784172667,0.6041666666666666,0.17518248175182483,0.3617021276595745,0.3165467625899281,0.43749999999999994,0.1081835457060605,0.25802704346911665,0.35131839658588626,0.4796673107112668
7294,0.5863874345549739,0.5637583892617449,0.22222222222222224,0.23129251700680273,0.25130890052356025,0.2953020134228188,0.1613214269985893,0.13185561242401833,0.38273609638270306,0.3745970862206396
7295,0.38888888888888884,0.44000000000000006,0.18309859154929578,0.24489795918367346,0.3333333333333333,0.37999999999999995,0.05283480938311693,0.13636305425610828,0.3516068052930057,0.24080437826142298
7296,0.5360824742268041,0.5,0.2947368421052632,0.2857142857142857,0.39175257731958757,0.42,0.2059624569318826,0.19574586165872343,0.5272764187218244,0.5235280081621907
7297,0.4444444444444444,0.48837209302325585,0.24742268041237114,0.2619047619047619,0.4242424242424242,0.4186046511627907,0.12502549517250966,0.15750247145822002,0.3299334811529934,0.378310502283105
7298,0.3255813953488372,0.4210526315789474,0.09448818897637797,0.13513513513513511,0.20155038759689922,0.2894736842105263,0.01005047044468472,0.014438171338088031,0.2084434670444694,0.19240191459691708
7299,0.47863247863247865,0.4948453608247423,0.22608695652173913,0.16842105263157894,0.2905982905982906,0.3092783505154639,0.09599746566879723,0.048392966736368045,0.36509579831932776,0.21308861140364074
7300,0.2631578947368421,0.30588235294117644,0.08928571428571429,0.14457831325301204,0.15789473684210528,0.2823529411764706,0.017775389353804506,0.06043355220907111,0.20631067961165048,0.3121147682445759
7301,0.4161073825503356,0.5471698113207548,0.21768707482993196,0.34615384615384615,0.3355704697986577,0.4528301886792453,0.14593022465047478,0.2867409707257641,0.422408754710897,0.4760420734332602
7302,0.45901639344262296,0.5043478260869565,0.16666666666666666,0.24778761061946905,0.2950819672131148,0.2956521739130435,0.05058738621051635,0.08431387458554516,0.24670440315429656,0.3737541744429088
7303,0.4511278195488722,0.43636363636363634,0.2595419847328244,0.14814814814814814,0.3458646616541353,0.2909090909090909,0.16735956207082914,0.07734325750140231,0.4043727142304568,0.28578187140555
7304,0.28346456692913385,0.2992125984251969,0.08,0.128,0.14173228346456693,0.15748031496062992,0.010420392994620813,0.01655602748525008,0.24208242950108463,0.24313725490196078
7305,0.48739495798319327,0.36170212765957444,0.18803418803418803,0.10869565217391304,0.21848739495798317,0.17021276595744678,0.0326489414729083,0.00886610797674844,0.3106757885353516,0.2073070607553366
7306,0.3625,0.35802469135802467,0.12658227848101267,0.1,0.225,0.18518518518518517,0.07442531083853207,0.07340032562277568,0.3020710059171598,0.2941672240802676
7307,0.36170212765957444,0.35294117647058826,0.1956521739130435,0.24242424242424243,0.21276595744680848,0.23529411764705882,0.09633599896830657,0.1109484758001971,0.36259134017412936,0.2362845085282223
7308,0.6274509803921569,0.4817518248175182,0.43708609271523174,0.22222222222222224,0.6013071895424837,0.40875912408759124,0.2861509167513387,0.13917890496214147,0.583874884725952,0.3348528177243385
7309,0.44776119402985076,0.45255474452554745,0.13636363636363638,0.10370370370370371,0.3283582089552239,0.3211678832116789,0.021516846666641398,0.019668409700286594,0.25699372486259975,0.26265606881372033
7310,0.4565217391304348,0.52,0.15555555555555556,0.1836734693877551,0.26086956521739135,0.32,0.06430919796316542,0.03673190387281503,0.36084344495070364,0.4699131513647643
7311,0.6542056074766356,0.7755102040816326,0.43809523809523815,0.5416666666666667,0.3925233644859813,0.5306122448979592,0.3343566711797474,0.36109997300163643,0.5533814889645594,0.6215496684415118
7312,0.4360902255639098,0.48214285714285715,0.18320610687022898,0.20000000000000004,0.2255639097744361,0.30357142857142855,0.10398441821381961,0.08749274463673223,0.3167662337662337,0.33168475723622787
7313,0.5139664804469274,0.4385026737967914,0.1807909604519774,0.09729729729729729,0.2681564245810056,0.21390374331550802,0.11991389035251301,0.05331736914104081,0.33697312315902117,0.3107380275486391
7314,0.6262626262626263,0.7894736842105263,0.3711340206185567,0.5945945945945946,0.5656565656565656,0.7631578947368421,0.2223694932509415,0.46997127241747744,0.6064774149087304,0.6595019785403151
7315,0.6333333333333334,0.6595744680851063,0.4915254237288136,0.5217391304347826,0.5,0.574468085106383,0.3346577005416366,0.3371553122628559,0.5835514018691589,0.43975562968915294
7316,0.380952380952381,0.38095238095238093,0.07766990291262137,0.06557377049180328,0.15238095238095237,0.22222222222222224,0.04497052066471465,0.0152044077826228,0.30278439633044424,0.1558073654390935
7317,0.5207100591715976,0.435483870967742,0.23952095808383236,0.24590163934426232,0.28402366863905326,0.2903225806451613,0.09157978700210123,0.10978339180465625,0.3947991521956019,0.22260083878130008
7318,0.3555555555555555,0.38655462184873957,0.10526315789473684,0.13675213675213677,0.20740740740740743,0.21848739495798317,0.043036469390835545,0.05077495491810393,0.2508220399904151,0.2073729582577133
7319,0.39473684210526316,0.4,0.10666666666666669,0.125,0.22368421052631576,0.3384615384615384,0.042064593556788564,0.08287586719186428,0.2665208940719145,0.19685982203662544
7320,0.45925925925925926,0.4528301886792452,0.1804511278195489,0.11538461538461538,0.2962962962962963,0.20754716981132074,0.10260683699278351,0.026857142420975536,0.3192357373280598,0.24280482651767685
7321,0.5467625899280575,0.4954128440366972,0.11678832116788321,0.1308411214953271,0.23021582733812948,0.25688073394495414,0.01257262367588801,0.009640942009680208,0.25764659408588153,0.13266998341625208
7322,0.49411764705882355,0.4,0.24096385542168672,0.20588235294117646,0.3764705882352941,0.37142857142857144,0.05400820415997566,0.017021420258603513,0.309927204792888,0.20499465811965809
7323,0.4857142857142857,0.625,0.21739130434782608,0.4444444444444444,0.34285714285714286,0.609375,0.06857466058330228,0.21854588847915493,0.29987320118116784,0.46154704766156934
7324,0.2526315789473685,0.1379310344827586,0.04301075268817204,0.03571428571428572,0.1473684210526316,0.10344827586206896,0.011241317812091181,0.010581825562142565,0.22680260047281325,0.07538511963290724
7325,0.6595744680851063,0.5,0.3548387096774194,0.17204301075268816,0.4148936170212766,0.2553191489361702,0.21823891880726876,0.03611444687716218,0.49749544626593806,0.3430327868852459
7326,0.6071428571428571,0.46601941747572817,0.3090909090909091,0.21782178217821782,0.5,0.4466019417475729,0.1360099799370128,0.06982460848091182,0.506509592708368,0.3007612852496515
7327,0.4662576687116564,0.48,0.2360248447204969,0.2027027027027027,0.294478527607362,0.32000000000000006,0.14334809566474088,0.09728401961244663,0.4336734693877551,0.32184659067992805
7328,0.47482014388489213,0.42857142857142855,0.21897810218978103,0.2,0.4172661870503597,0.3571428571428571,0.09616338317152047,0.130746477959385,0.4099821746880571,0.34467542448388416
7329,0.4329896907216495,0.4800000000000001,0.10526315789473685,0.19178082191780824,0.2268041237113402,0.3466666666666667,0.016550409887537212,0.030876101219268856,0.21930543414918416,0.2100437876299945
7330,0.5106382978723403,0.4462809917355372,0.2158273381294964,0.1680672268907563,0.3971631205673759,0.3140495867768595,0.08248974616169381,0.03560896791072402,0.4738014914772727,0.3306616541353384
7331,0.3660130718954248,0.5468750000000001,0.1456953642384106,0.39682539682539686,0.27450980392156865,0.53125,0.06440997390546814,0.32739040013712917,0.25488365284813214,0.41515408975052126
7332,0.547945205479452,0.42176870748299317,0.23611111111111108,0.1379310344827586,0.3972602739726027,0.24489795918367344,0.1348017922228962,0.028340033174720797,0.43219567029090833,0.32572433921402716
7333,0.4782608695652174,0.4444444444444444,0.1764705882352941,0.22580645161290322,0.2898550724637681,0.25396825396825395,0.09671168361455976,0.1082085091632697,0.3489572906239573,0.33180410950958494
7334,0.43200000000000005,0.49484536082474223,0.2601626016260163,0.2736842105263158,0.3360000000000001,0.4536082474226804,0.177996699806202,0.18114161534683576,0.34755259399263305,0.3503116928094201
7335,0.49572649572649574,0.5869565217391304,0.22608695652173913,0.24444444444444446,0.27350427350427353,0.3913043478260869,0.0708389791655543,0.03340141609870016,0.37941294585812857,0.29972245049850366
7336,0.4895104895104895,0.52991452991453,0.11347517730496454,0.12173913043478261,0.26573426573426573,0.35897435897435903,0.0326052438141984,0.024816568315411947,0.27606487797483703,0.22575583451202264
7337,0.8695652173913043,0.712871287128713,0.7964601769911505,0.6464646464646464,0.8695652173913043,0.712871287128713,0.6190239543393696,0.4092983310319326,0.7507834800341776,0.5435812579675833
7338,0.47826086956521735,0.48717948717948717,0.14285714285714285,0.27272727272727276,0.29347826086956524,0.38461538461538464,0.030629662049991468,0.12411733032756887,0.2445866459828066,0.3338817643116017
7339,0.3114754098360656,0.28571428571428564,0.08333333333333333,0.01941747572815534,0.21311475409836067,0.13333333333333333,0.047716436024422666,0.011439974352044208,0.25672911764413864,0.14814814814814814
7340,0.44274809160305345,0.38,0.04651162790697675,0.061224489795918366,0.24427480916030533,0.3,0.009447552499721065,0.01221008916887084,0.23476819942431534,0.17208413001912046
7341,0.7096774193548387,0.6578947368421053,0.6274509803921569,0.45333333333333337,0.632258064516129,0.513157894736842,0.45376745642514016,0.30164532723218473,0.5068010977210357,0.4780232088027362
7342,0.4363636363636364,0.4418604651162791,0.13496932515337423,0.14117647058823532,0.2666666666666667,0.22093023255813954,0.02737903225331982,0.029858442387517295,0.2393070489844684,0.27856176140489863
7343,0.4720496894409938,0.5394736842105263,0.18867924528301885,0.14666666666666667,0.2360248447204969,0.23684210526315788,0.025119580444908352,0.055944088086124256,0.3552525691127514,0.41903546428433314
7344,0.4639175257731959,0.43820224719101125,0.14583333333333334,0.11363636363636362,0.268041237113402,0.24719101123595508,0.03161007854549992,0.02316896361951003,0.3151695225819495,0.265108303352835
7345,0.42748091603053434,0.4074074074074074,0.07751937984496123,0.1320754716981132,0.183206106870229,0.25925925925925924,0.013147391575936097,0.018458251088436853,0.2441471103327496,0.24174325427916443
7346,0.48648648648648657,0.5873015873015872,0.23287671232876714,0.3548387096774193,0.33783783783783783,0.46031746031746035,0.10328193128307492,0.14826661548010628,0.46804829566369727,0.5509528753631082
7347,0.3551401869158879,0.34567901234567905,0.13333333333333333,0.1518987341772152,0.2803738317757009,0.24691358024691357,0.0928821106857487,0.1169861282909962,0.3241830065359477,0.20880484279988004
7348,0.30409356725146197,0.4,0.03550295857988166,0.16260162601626013,0.16374269005847952,0.27199999999999996,0.008157159201731209,0.09968225581459954,0.20250854086044293,0.23031655844155843
7349,0.4893617021276596,0.4972972972972973,0.2043010752688172,0.2513661202185792,0.2553191489361702,0.29189189189189185,0.14367325725841354,0.201749067614612,0.3131922583653958,0.3574680108338232
7350,0.3300970873786408,0.4793388429752066,0.11881188118811882,0.15126050420168066,0.3106796116504854,0.34710743801652894,0.07478338666046339,0.0819086120781613,0.12704174228675136,0.3257443082311734
7351,0.49090909090909096,0.4339622641509434,0.2037037037037037,0.1346153846153846,0.3454545454545454,0.2641509433962264,0.07972446043335654,0.028740946274173035,0.2920065848615606,0.24234527687296414
7352,0.5333333333333332,0.41025641025641024,0.23595505617977527,0.29565217391304344,0.32222222222222224,0.3760683760683761,0.12659150628954904,0.09308103134183585,0.42782192293303406,0.2887958424110385
7353,0.26415094339622636,0.42857142857142855,0.038461538461538464,0.25806451612903225,0.15094339622641512,0.33333333333333337,0.011427015724517037,0.13630541487570388,0.18994136115984853,0.5109499614098276
7354,0.7027027027027027,0.6857142857142857,0.5137614678899083,0.33009708737864074,0.6666666666666666,0.5142857142857142,0.3487747106595571,0.1451556016121836,0.6354934610695099,0.4129180719782839
7355,0.5137614678899082,0.43589743589743596,0.18691588785046728,0.18421052631578946,0.3302752293577982,0.30769230769230765,0.015634762919024457,0.02500727782157847,0.3570057581573896,0.27347735969387754
7356,0.38,0.41379310344827586,0.163265306122449,0.21176470588235294,0.26,0.3218390804597701,0.08631243211608956,0.12148431820956998,0.38345322575418805,0.3402964959568733
7357,0.5454545454545454,0.4943820224719102,0.3026315789473684,0.25,0.45454545454545453,0.42696629213483145,0.1383068902385556,0.09423017367763559,0.3867333731581043,0.35115504017531046
7358,0.45901639344262296,0.6222222222222222,0.15,0.3409090909090909,0.29508196721311475,0.5111111111111111,0.07927313524763806,0.1449659125851359,0.40326988427081106,0.42419740692915797
7359,0.4632768361581921,0.5029239766081871,0.24,0.16568047337278105,0.15819209039548024,0.22222222222222224,0.13906542434780153,0.06373173665057923,0.3173162000705533,0.3164313062503108
7360,0.38461538461538464,0.5040650406504066,0.11688311688311688,0.18181818181818182,0.25641025641025644,0.37398373983739835,0.0591613946685204,0.10352326236221782,0.2603482334604964,0.3004846526655896
7361,0.42857142857142855,0.41666666666666663,0.23636363636363636,0.22857142857142854,0.32142857142857145,0.38888888888888895,0.14260654917049773,0.09798289416316325,0.49901427903143175,0.39652567975830816
7362,0.46258503401360546,0.4539877300613497,0.1793103448275862,0.14906832298136646,0.23129251700680273,0.294478527607362,0.07227073351551583,0.05674149009916567,0.2472183184313031,0.2614834623504574
7363,0.5135135135135135,0.23931623931623933,0.3150684931506849,0.0,0.4189189189189189,0.15384615384615383,0.22621962123143907,0.003978072595382987,0.47393673191411206,0.10071942446043167
7364,0.5463917525773195,0.4242424242424242,0.3020833333333333,0.2331288343558282,0.3298969072164949,0.3515151515151515,0.2202935307189097,0.14835353765079934,0.36610197710718007,0.257111694392225
7365,0.5090909090909091,0.5918367346938775,0.3148148148148148,0.39583333333333337,0.3818181818181818,0.3673469387755102,0.20029790489874028,0.25025834261585067,0.3939199314921858,0.4635837914172006
7366,0.5818181818181818,0.4752475247524752,0.4259259259259259,0.2626262626262626,0.5454545454545454,0.396039603960396,0.20834142036641365,0.21435174278942473,0.48648780487804894,0.43053269299302527
7367,0.5093167701863354,0.582089552238806,0.23899371069182387,0.3484848484848485,0.33540372670807456,0.32835820895522383,0.09566241508669616,0.25404039373600407,0.38430100155984726,0.48740084361621755
7368,0.39062499999999994,0.4296296296296296,0.09523809523809523,0.15037593984962408,0.14062500000000003,0.1925925925925926,0.0502448796954389,0.05319010307962383,0.2630078931351301,0.35645686846167035
7369,0.4193548387096774,0.3089430894308943,0.16393442622950818,0.08264462809917356,0.3064516129032258,0.22764227642276422,0.0238837103212635,0.02037277515590284,0.2950230442718834,0.20884202051874184
7370,0.5818181818181818,0.4897959183673469,0.39263803680981596,0.30344827586206896,0.3878787878787879,0.36734693877551017,0.2852892386907388,0.18818160336077994,0.463501981991915,0.3056551174830745
7371,0.36619718309859156,0.5633802816901409,0.26086956521739135,0.3768115942028985,0.36619718309859156,0.28169014084507044,0.13700830775707343,0.19561591050118018,0.40159625771604934,0.5975651577503429
7372,0.2752293577981651,0.3409090909090909,0.056074766355140186,0.06976744186046513,0.1834862385321101,0.20454545454545453,0.02288434592267591,0.011763035493591726,0.2256463196263231,0.19236437008320295
7373,0.26785714285714285,0.5714285714285714,0.07272727272727271,0.3333333333333333,0.19642857142857142,0.46938775510204084,0.04601046431380968,0.307505139440711,0.22869110107421875,0.5173309582127218
7374,0.39999999999999997,0.6271186440677967,0.09708737864077671,0.3275862068965517,0.15238095238095234,0.4915254237288135,0.016905500683784488,0.0903425810800788,0.2180582061068703,0.5244610281923714
7375,0.2377622377622378,0.36521739130434777,0.07092198581560283,0.1415929203539823,0.1258741258741259,0.2956521739130435,0.005812539266689522,0.021559678423038076,0.078125,0.13786764705882354
7376,0.43209876543209874,0.4520547945205479,0.0875,0.1388888888888889,0.2839506172839506,0.1917808219178082,0.02664495833805925,0.05015283371190022,0.23334703947368424,0.21588664706998884
7377,0.2877697841726619,0.30769230769230765,0.058394160583941604,0.0898876404494382,0.1726618705035971,0.2197802197802198,0.009509867411364385,0.010949951455797078,0.17577118456894647,0.12244701348747591
7378,0.5588235294117647,0.3589743589743589,0.2835820895522388,0.2260869565217391,0.44117647058823534,0.3418803418803419,0.12792323612546666,0.08591222329872425,0.35787617369121844,0.195578231292517
7379,0.5,0.43037974683544306,0.29787234042553196,0.18181818181818182,0.4375,0.27848101265822783,0.16201719238466908,0.12273033502938982,0.5139386212384258,0.381754240404288
7380,0.4545454545454545,0.4109589041095891,0.2962962962962963,0.22535211267605634,0.4181818181818182,0.3013698630136986,0.1083783987699027,0.10340878979786886,0.46348693586698336,0.274242912371134
7381,0.5255474452554745,0.40625,0.17777777777777776,0.14285714285714285,0.3649635036496351,0.234375,0.06776477481383605,0.03161847461776948,0.39347524442070547,0.22893301627862958
7382,0.45255474452554745,0.425531914893617,0.22222222222222224,0.20143884892086328,0.35036496350364965,0.3546099290780142,0.15353782681253533,0.14223653259803212,0.404780578898226,0.38928903778150004
7383,0.27586206896551724,0.3333333333333333,0.05594405594405595,0.1509433962264151,0.16551724137931034,0.24074074074074073,0.01788814130747336,0.06540982597891454,0.1391304347826087,0.19821666984550831
7384,0.5766871165644172,0.5421686746987951,0.2484472049689441,0.20731707317073172,0.28220858895705525,0.2771084337349398,0.09995872745285612,0.0714534758900311,0.3663301201120914,0.3131253500446543
7385,0.48148148148148145,0.5454545454545454,0.2125,0.2553191489361702,0.2716049382716049,0.32167832167832167,0.03476003771677516,0.04422110833372784,0.3460667903525047,0.37409659651692195
7386,0.40522875816993464,0.512,0.1324503311258278,0.16260162601626013,0.26143790849673204,0.32,0.01882726561017349,0.02886030108828523,0.29772564011780095,0.30418145519077194
7387,0.2727272727272727,0.5000000000000001,0.06976744186046512,0.28205128205128205,0.1818181818181818,0.425,0.005212783368500717,0.09856825261343358,0.1652892561983471,0.48328196324762973
7388,0.3310344827586207,0.5217391304347826,0.12587412587412586,0.2941176470588235,0.20689655172413793,0.3768115942028986,0.04485989399070746,0.12843715847243967,0.23974388949839023,0.3743564588133641
7389,0.4360902255639098,0.3833333333333333,0.18320610687022904,0.11864406779661019,0.3007518796992481,0.25,0.07953262524851432,0.01220026412293977,0.3130106761565836,0.22564158329708567
7390,0.4955752212389381,0.5181818181818182,0.26785714285714285,0.2568807339449541,0.36283185840707965,0.39090909090909093,0.16271235212892618,0.13298565801393242,0.32522953148185163,0.35100420873006
7391,0.4861878453038674,0.4,0.1787709497206704,0.14606741573033707,0.2430939226519337,0.17777777777777778,0.08057186367087028,0.09334185763157796,0.3114232706069441,0.2425694491468039
7392,0.44025157232704404,0.5142857142857142,0.15286624203821655,0.18840579710144928,0.3018867924528302,0.34285714285714286,0.089124763803533,0.08957304400957056,0.29663355967019867,0.31099560092961487
7393,0.22222222222222224,0.23636363636363636,0.12371134020618556,0.12962962962962965,0.20202020202020204,0.21818181818181817,0.05861484411000976,0.06640118278040354,0.22468513853904282,0.2588511376390164
7394,0.2833333333333333,0.33027522935779813,0.13559322033898302,0.14953271028037382,0.16666666666666666,0.27522935779816515,0.03257121027373562,0.0435140105511256,0.25761648745519716,0.3030357079156708
7395,0.4771573604060914,0.4705882352941177,0.12307692307692307,0.16666666666666669,0.2233502538071066,0.2235294117647059,0.04562474930095372,0.031202732612474856,0.24680869371558145,0.2180340281043724
7396,0.49586776859504134,0.4444444444444445,0.16806722689075632,0.09677419354838711,0.2644628099173554,0.23809523809523808,0.08101260741792679,0.027127781304626324,0.33411242958168524,0.26455216693418937
7397,0.3829787234042554,0.2105263157894737,0.10869565217391304,0.0,0.276595744680851,0.13157894736842105,0.014429422918494122,0.004395159481593567,0.20235942478257124,0.06578947368421052
7398,0.40875912408759124,0.5294117647058822,0.16296296296296298,0.2686567164179105,0.2627737226277372,0.3823529411764706,0.09212773878152217,0.2034594889535643,0.2423764705882354,0.40162821142202587
7399,0.4761904761904762,0.4552845528455285,0.19310344827586207,0.19834710743801653,0.29931972789115646,0.24390243902439024,0.09910077911867768,0.08719780366845375,0.4341838448978149,0.3780603150351049
7400,0.608,0.6732673267326732,0.40650406504065034,0.4444444444444445,0.272,0.3564356435643564,0.27837267830051093,0.3087815823558328,0.5894664541295698,0.5219018429271916
7401,0.28571428571428575,0.3888888888888889,0.12903225806451613,0.24528301886792447,0.20634920634920634,0.2777777777777778,0.025032736004905763,0.09852848682656622,0.20112683438155132,0.27350081037277146
7402,0.4158415841584159,0.4411764705882353,0.24242424242424243,0.30303030303030304,0.33663366336633666,0.4411764705882353,0.13208971086309973,0.1824189770146112,0.4392191659272405,0.4700557103064067
7403,0.41739130434782606,0.4999999999999999,0.12389380530973454,0.22641509433962265,0.19130434782608696,0.33333333333333337,0.03441734136474898,0.14102146263111032,0.2889320388349515,0.42605875309517444
7404,0.3333333333333333,0.32075471698113206,0.14516129032258066,0.1346153846153846,0.23809523809523808,0.1509433962264151,0.0691791023737071,0.03477271689721292,0.19331748094035747,0.1282051282051282
7405,0.25742574257425743,0.2424242424242424,0.04040404040404041,0.03125,0.1386138613861386,0.1212121212121212,0.010423357040347159,0.007151882606964143,0.1942752208004197,0.17083333333333334
7406,0.4795918367346939,0.4171779141104295,0.21649484536082475,0.1739130434782609,0.2857142857142857,0.18404907975460122,0.12005668645833312,0.06724602629782751,0.328415419359429,0.2395635673624288
7407,0.38167938931297707,0.5109489051094891,0.13953488372093023,0.2222222222222222,0.1984732824427481,0.2481751824817518,0.04928102418992349,0.029546804379115183,0.1991127856101118,0.3047845851608187
7408,0.5607476635514018,0.46268656716417916,0.26666666666666666,0.1818181818181818,0.411214953271028,0.3283582089552239,0.12517615598307572,0.08656239711695675,0.4234848730328462,0.3992405326674989
7409,0.4705882352941177,0.30952380952380953,0.20512820512820515,0.0975609756097561,0.3529411764705883,0.16666666666666666,0.08971305206542293,0.010196550151971585,0.31760811090420027,0.10956175298804782
7410,0.5534591194968553,0.53125,0.35668789808917195,0.34920634920634924,0.4528301886792453,0.421875,0.1950293097199145,0.21483161988605434,0.44293348153214773,0.27313753581661887
7411,0.34782608695652173,0.44155844155844154,0.15555555555555556,0.13333333333333333,0.2608695652173913,0.3116883116883117,0.015858040477697247,0.020534714636440573,0.23110508882866607,0.27019258407588387
7412,0.46258503401360546,0.4927536231884058,0.1793103448275862,0.2647058823529412,0.29931972789115646,0.2753623188405797,0.13519082984838313,0.16791763399616752,0.36411055412545723,0.44049689652820406
7413,0.31249999999999994,0.21153846153846154,0.0425531914893617,0.0784313725490196,0.18749999999999997,0.11538461538461538,0.00920704688493996,0.03843063830181181,0.18265342008088623,0.16506493506493508
7414,0.29126213592233013,0.3116883116883117,0.09900990099009901,0.08,0.17475728155339806,0.2077922077922078,0.0319187272330601,0.03230777498833835,0.2910655530245507,0.20012077294685993
7415,0.49411764705882355,0.5263157894736842,0.24096385542168672,0.28571428571428575,0.35294117647058826,0.3508771929824561,0.13542860439906834,0.10455435536860881,0.4458570630385132,0.5688961988304094
7416,0.5033112582781456,0.3966942148760331,0.2013422818791946,0.15126050420168066,0.304635761589404,0.24793388429752067,0.12225781419588516,0.06182330992019517,0.42954744975573145,0.2556033057851239
7417,0.5714285714285714,0.4848484848484849,0.45833333333333337,0.20618556701030927,0.4693877551020407,0.22222222222222224,0.2900220756308372,0.027609001501256683,0.5578780594944893,0.3875
7418,0.48598130841121495,0.34782608695652173,0.2476190476190476,0.12389380530973451,0.3551401869158879,0.24347826086956523,0.17387631243699117,0.03673912126516739,0.44999999999999996,0.2980283526152843
7419,0.45751633986928103,0.4462809917355372,0.23841059602649006,0.23529411764705882,0.3398692810457516,0.347107438016529,0.1682014447359883,0.18763114942534825,0.4447635573106763,0.36711657935270625
7420,0.3225806451612903,0.3902439024390244,0.0983606557377049,0.1652892561983471,0.1935483870967742,0.2764227642276423,0.01823839935952296,0.05328497361733848,0.21089493677212975,0.3019080202094557
7421,0.4,0.29333333333333333,0.04545454545454545,0.0273972602739726,0.2222222222222222,0.16,0.014548189251200263,0.00800355894129243,0.2949245541838135,0.13089005235602094
7422,0.5142857142857142,0.4716981132075471,0.21359223300970873,0.15384615384615383,0.4380952380952381,0.39622641509433965,0.04690428875707337,0.036124555762880366,0.43778253628360697,0.3502357402632717
7423,0.5272727272727273,0.39999999999999997,0.18518518518518517,0.11363636363636363,0.38181818181818183,0.33333333333333326,0.06513150070588715,0.028982767760828927,0.3648227391624553,0.27472186447778796
7424,0.6168224299065421,0.48717948717948717,0.26666666666666666,0.10526315789473685,0.3177570093457943,0.23076923076923078,0.14468036847986884,0.06771131849845799,0.5357558816678313,0.2855282738095238
7425,0.5034013605442177,0.4285714285714285,0.22068965517241382,0.14516129032258066,0.34013605442176864,0.31746031746031744,0.10020822227250958,0.06946125044973975,0.42758256861206884,0.3100688478426881
7426,0.6321839080459771,0.4571428571428572,0.4418604651162791,0.26086956521739124,0.5517241379310345,0.37142857142857144,0.338479292814104,0.10385058673058102,0.49399771944059434,0.2529878618113912
7427,0.5200000000000001,0.46808510638297873,0.2972972972972973,0.20143884892086333,0.3866666666666667,0.29787234042553196,0.18352225135938327,0.08542127567095884,0.4830103192716385,0.3633830102956802
7428,0.5714285714285715,0.6308724832214765,0.32704402515723263,0.38095238095238093,0.37267080745341613,0.4563758389261745,0.21992490360462255,0.21319259902816906,0.4054512357581744,0.45299876691773994
7429,0.3272727272727273,0.35714285714285715,0.11111111111111109,0.1818181818181818,0.1818181818181818,0.2857142857142857,0.05429582722028727,0.10265950541819771,0.26176406724982937,0.35969387755102045
7430,0.713375796178344,0.661764705882353,0.5548387096774193,0.4776119402985074,0.6369426751592357,0.5588235294117647,0.3614469397273598,0.31091377464659387,0.63425401459854,0.5189099593640836
7431,0.3620689655172414,0.47500000000000003,0.10526315789473684,0.20512820512820512,0.2758620689655173,0.4,0.02290829326597074,0.13011421435491768,0.2824444444444444,0.36595067621320604
7432,0.40723981900452483,0.43809523809523804,0.0730593607305936,0.1346153846153846,0.2081447963800905,0.17142857142857143,0.05850548169803015,0.09591254740730366,0.2441875686993508,0.27654553556959977
7433,0.4901960784313726,0.36190476190476184,0.16,0.11650485436893204,0.3137254901960785,0.22857142857142856,0.04402467243613069,0.059703448812578594,0.3015344399810964,0.2120861684102951
7434,0.4962406015037594,0.5087719298245613,0.2748091603053435,0.23214285714285715,0.406015037593985,0.38596491228070173,0.14262658772446557,0.12602272905890444,0.4443060336680493,0.3809990107814826
7435,0.5739130434782609,0.6126126126126126,0.3185840707964602,0.38532110091743116,0.33043478260869563,0.4144144144144144,0.10734474322292915,0.1477431098014116,0.42734526112185695,0.41182880919358045
7436,0.47204968944099385,0.3287671232876712,0.25157232704402516,0.05555555555555556,0.34782608695652173,0.136986301369863,0.12657814222446037,0.02087347391158641,0.37190082644628103,0.20060972404730618
7437,0.44776119402985076,0.44943820224719094,0.24242424242424243,0.25287356321839083,0.417910447761194,0.40449438202247195,0.12082898968478785,0.15999374216487186,0.5508869421728263,0.40180180180180186
7438,0.2814814814814815,0.36363636363636365,0.06015037593984962,0.13445378151260504,0.13333333333333333,0.1652892561983471,0.01938221412216616,0.012299225637745412,0.13730602229485572,0.17901408450704226
7439,0.4,0.4881889763779528,0.15037593984962405,0.17600000000000002,0.2518518518518519,0.3464566929133858,0.013971868513298057,0.07883938088905147,0.251702852277565,0.3523801952271659
7440,0.3969465648854961,0.3816793893129771,0.15503875968992245,0.1705426356589147,0.2595419847328244,0.2595419847328244,0.047434243832990025,0.02663365890406595,0.22596244027849802,0.2049910873440285
7441,0.30399999999999994,0.39622641509433965,0.13008130081300812,0.19230769230769232,0.208,0.32075471698113206,0.06355718493561303,0.1110160548934654,0.22837623330947118,0.30924542077347594
7442,0.44776119402985076,0.5079365079365079,0.2153846153846154,0.26229508196721313,0.3880597014925373,0.4126984126984127,0.038763772080396844,0.05439330544349821,0.3717201166180758,0.3753763800602208
7443,0.4786324786324786,0.4485981308411215,0.1565217391304348,0.13333333333333333,0.22222222222222224,0.205607476635514,0.03153864700978179,0.026830824974655172,0.22535460992907796,0.20146028256280213
7444,0.591304347826087,0.52,0.2831858407079646,0.26530612244897955,0.43478260869565216,0.38,0.10336981445136224,0.08970487431693448,0.4158448959113038,0.30788226523602863
7445,0.502923976608187,0.48,0.1775147928994083,0.2027027027027027,0.30409356725146197,0.28,0.0304008483857077,0.03641330535614076,0.29193925688915884,0.32166592757485685
7446,0.6145251396648045,0.8586956521739131,0.4180790960451978,0.7692307692307692,0.4916201117318436,0.8152173913043478,0.40087355182341355,0.6428379399637997,0.5400530007202947,0.7955316821973534
7447,0.14583333333333334,0.20224719101123598,0.0,0.0,0.10416666666666667,0.11235955056179775,0.004469945504361893,0.00506619280504146,0.09308510638297873,0.08130081300813008
7448,0.5390070921985816,0.5040650406504064,0.2589928057553957,0.21487603305785125,0.41134751773049644,0.4065040650406504,0.12030986934267028,0.09649663180095018,0.5046482867438539,0.37934954527481224
7449,0.7246376811594203,0.5051546391752577,0.5853658536585366,0.4270833333333333,0.5700483091787439,0.4742268041237114,0.4038421146020933,0.2661355089305133,0.5201691014564224,0.3134219147003505
7450,0.5517241379310345,0.4722222222222222,0.37647058823529417,0.17142857142857143,0.4827586206896552,0.25,0.2125266072055905,0.04139738179114954,0.42378516624040913,0.26837606837606837
7451,0.4634146341463415,0.4000000000000001,0.25,0.17647058823529413,0.34146341463414637,0.2571428571428572,0.06573703793915898,0.0842868260641553,0.32902246508803884,0.3080453200645508
7452,0.4230769230769231,0.20224719101123598,0.2745098039215686,0.02298850574712644,0.3846153846153846,0.15730337078651688,0.23245936609013887,0.005320284763906849,0.38943563399183245,0.0591715976331361
7453,0.6,0.43902439024390244,0.3409090909090909,0.275,0.4666666666666666,0.41463414634146345,0.24979171004623138,0.2269428673530627,0.4082175732217573,0.3233924677314787
7454,0.19753086419753088,0.33766233766233766,0.0,0.05333333333333333,0.1728395061728395,0.2077922077922078,0.006808256983563219,0.01500243980428485,0.08860759493670886,0.1760966306420852
7455,0.39705882352941174,0.42028985507246386,0.1343283582089552,0.16176470588235295,0.23529411764705882,0.2898550724637681,0.06369028971679541,0.030798008410298013,0.2621155299726729,0.24348325358851677
7456,0.4752475247524752,0.38636363636363635,0.06060606060606061,0.023255813953488372,0.25742574257425743,0.20454545454545456,0.006931670557233827,0.0066457252282340245,0.22155045990122105,0.18585015077708192
7457,0.4807692307692307,0.5365853658536586,0.17647058823529413,0.225,0.3076923076923077,0.3902439024390244,0.013862176372502795,0.02410513685473638,0.25882352941176473,0.3281229778925632
7458,0.49565217391304345,0.5363636363636364,0.14035087719298245,0.2935779816513761,0.22608695652173913,0.3454545454545455,0.059393350336455084,0.13940531496475114,0.30931164514052223,0.3281612270376315
7459,0.34782608695652173,0.3355704697986578,0.10989010989010989,0.10884353741496598,0.17391304347826086,0.24161073825503357,0.019762619246804794,0.04511883921762798,0.23134347105223496,0.2019194771701
7460,0.40322580645161293,0.6041666666666666,0.2459016393442623,0.40425531914893614,0.3064516129032258,0.45833333333333337,0.14316702514266852,0.14966902164055873,0.24353319438385607,0.38360376442798816
7461,0.3404255319148936,0.2992125984251969,0.05755395683453237,0.031999999999999994,0.15602836879432627,0.14173228346456693,0.016111895865435617,0.00882852844833286,0.23052899468374727,0.19368179677742978
7462,0.46511627906976744,0.4814814814814815,0.1889763779527559,0.20754716981132076,0.3565891472868217,0.42592592592592593,0.07090251712658449,0.07691801238213887,0.39094781966790293,0.30250426414538095
7463,0.4111111111111111,0.44295302013422816,0.0898876404494382,0.09523809523809525,0.26666666666666666,0.24161073825503357,0.060694722544917104,0.06433370730019466,0.24977686406257837,0.2584362139917696
7464,0.5742574257425742,0.5434782608695652,0.4848484848484849,0.4222222222222222,0.5544554455445545,0.5,0.3311173693347651,0.2554071402787013,0.5728795795379233,0.49752782548134944
7465,0.3448275862068966,0.40909090909090917,0.16470588235294117,0.23255813953488375,0.25287356321839083,0.36363636363636365,0.02926636567364411,0.15215820165380464,0.28294503642164837,0.46843566427939165
7466,0.2427745664739884,0.2448979591836735,0.08187134502923975,0.041379310344827586,0.17341040462427748,0.17687074829931973,0.016528830796822633,0.00779303106378956,0.1715230781817969,0.14514633689148732
7467,0.425531914893617,0.6105263157894736,0.2173913043478261,0.3225806451612903,0.4042553191489362,0.5473684210526316,0.11580903994207307,0.12389377095530688,0.30436599794238683,0.4086148785160465
7468,0.416,0.43103448275862066,0.2439024390243903,0.19298245614035084,0.272,0.31034482758620685,0.13923369395452712,0.05729093567256568,0.3864491095413392,0.30743066457352175
7469,0.4424778761061947,0.46956521739130436,0.125,0.14912280701754385,0.21238938053097345,0.20869565217391306,0.0773821365080502,0.08380085546023014,0.23657897667754327,0.26012656668653134
7470,0.39655172413793105,0.23157894736842105,0.2631578947368421,0.06451612903225806,0.3103448275862069,0.16842105263157894,0.21486754584205703,0.005641989661198933,0.2556813193887644,0.07200000000000001
7471,0.5408163265306123,0.45962732919254656,0.28865979381443296,0.2389937106918239,0.43877551020408156,0.3726708074534162,0.20519609925339632,0.14430799767866437,0.31526058966513404,0.2437746836535764
7472,0.4580152671755725,0.456140350877193,0.186046511627907,0.1964285714285714,0.35114503816793896,0.3684210526315789,0.05179856623054045,0.08721425142994504,0.3568269020496611,0.3280996747731037
7473,0.38095238095238093,0.30927835051546393,0.15533980582524273,0.1473684210526316,0.2857142857142857,0.2061855670103093,0.04327167061575296,0.014011697931222915,0.2981544469639708,0.13239583333333335
7474,0.4713375796178344,0.4705882352941176,0.24516129032258066,0.23809523809523808,0.3184713375796179,0.29411764705882354,0.14718196914929535,0.14503091361559942,0.27380100906613053,0.3032033501930712
7475,0.5714285714285715,0.39024390243902435,0.24390243902439027,0.09999999999999999,0.47619047619047616,0.2682926829268293,0.09771116348904384,0.06550873947814102,0.369213524859354,0.14248704663212436
7476,0.40963855421686746,0.25882352941176473,0.08536585365853658,0.05952380952380952,0.20481927710843373,0.15294117647058825,0.02218154034858574,0.00988480177002813,0.22813036728762057,0.15842603448768913
7477,0.48888888888888893,0.4675324675324675,0.25,0.18666666666666665,0.3555555555555556,0.4155844155844156,0.1343358202203811,0.1396663658990686,0.4110761951839559,0.337144532395192
7478,0.3177570093457944,0.2736842105263158,0.07619047619047618,0.12903225806451613,0.20560747663551404,0.18947368421052632,0.023154497083563267,0.07229703035677075,0.17084282460136674,0.15934497900327896
7479,0.6,0.5765765765765766,0.3728813559322034,0.2752293577981651,0.55,0.5045045045045046,0.2207054562905444,0.11330065075897523,0.5243772231228978,0.41279850009867763
7480,0.6440677966101694,0.7086614173228347,0.39655172413793105,0.448,0.5593220338983051,0.5354330708661418,0.27838066972344944,0.3059387591512307,0.39787454639709696,0.5367745590882771
7481,0.4666666666666667,0.4509803921568628,0.288135593220339,0.3,0.35000000000000003,0.3529411764705882,0.23157668035444887,0.22559729249708482,0.40464743589743585,0.33851992409867177
7482,0.5161290322580646,0.5046728971962616,0.27868852459016397,0.22857142857142854,0.4193548387096774,0.3364485981308411,0.07129728740504422,0.040013246159036724,0.4099143968871595,0.27717499999999995
7483,0.5393258426966292,0.4444444444444444,0.2298850574712644,0.2571428571428572,0.33707865168539325,0.3333333333333333,0.11947522400538782,0.10913998673633665,0.34364896073903,0.25369836929987305
7484,0.2524271844660194,0.41237113402061865,0.039603960396039604,0.23157894736842105,0.17475728155339806,0.35051546391752575,0.012409587310910991,0.18465407038883264,0.17067528431164794,0.3148613771817795
7485,0.6776859504132232,0.7407407407407408,0.5546218487394958,0.6226415094339622,0.5950413223140496,0.6666666666666666,0.432162629448781,0.5317787995105937,0.5882384412082562,0.6131672212753294
7486,0.45714285714285713,0.4245810055865922,0.16184971098265893,0.18079096045197737,0.28571428571428575,0.2011173184357542,0.0469308328388841,0.026718195778208744,0.22973516401447688,0.20621366279069767
7487,0.3225806451612903,0.35616438356164387,0.04918032786885246,0.08450704225352113,0.17741935483870966,0.21917808219178084,0.015042073901006234,0.03264414736511547,0.21327014218009482,0.17175675675675675
7488,0.650887573964497,0.676470588235294,0.40718562874251496,0.47761194029850745,0.4023668639053255,0.5294117647058824,0.2917942830511048,0.2885442240352277,0.5240220318237454,0.48286431760204085
7489,0.453125,0.5208333333333334,0.28571428571428575,0.2765957446808511,0.265625,0.2916666666666667,0.21820905496702125,0.186645426506206,0.44469985796516404,0.3977861056758679
7490,0.302158273381295,0.26890756302521,0.10218978102189781,0.08547008547008547,0.2302158273381295,0.1680672268907563,0.044477892435255344,0.04504423444554504,0.27166222583510213,0.24903701769275965
7491,0.46357615894039733,0.49624060150375937,0.18791946308724833,0.22900763358778625,0.33112582781456956,0.3609022556390977,0.059153093081935476,0.08851870661018245,0.3264846009868981,0.3605977824200546
7492,0.3617021276595745,0.37305699481865284,0.1075268817204301,0.09424083769633507,0.20212765957446807,0.2383419689119171,0.04855927591002349,0.011575956341235892,0.23311257025322116,0.21916254125412546
7493,0.26530612244897955,0.1702127659574468,0.12500000000000003,0.06521739130434784,0.1836734693877551,0.1702127659574468,0.05263353785583368,0.01598149099035867,0.29126579416714815,0.16220464939024387
7494,0.41830065359477125,0.41726618705035967,0.18543046357615892,0.18978102189781018,0.32679738562091504,0.3453237410071942,0.07572304066975925,0.07210767533478257,0.2823767476085357,0.2668949186062506
7495,0.4871794871794872,0.3971631205673759,0.1948051948051948,0.14388489208633093,0.20512820512820512,0.25531914893617025,0.09239158610289082,0.06427853201767142,0.2567564238102064,0.18602491258741258
7496,0.43956043956043955,0.3902439024390244,0.0449438202247191,0.05,0.21978021978021978,0.17073170731707318,0.006199079070788907,0.0069665989678145196,0.23622047244094488,0.1747311827956989
7497,0.6227544910179641,0.6580645161290322,0.2909090909090909,0.3137254901960784,0.44311377245508976,0.3870967741935484,0.16838515513114827,0.20470877598509343,0.5533439543921347,0.5761609766096522
7498,0.29457364341085274,0.45161290322580644,0.07874015748031496,0.30000000000000004,0.18604651162790697,0.41935483870967744,0.01751313541461684,0.21234955278107115,0.21144278606965175,0.26520291106451216
7499,0.48979591836734687,0.5217391304347826,0.2916666666666667,0.3582089552238806,0.4081632653061224,0.463768115942029,0.17775244432715342,0.15916250652753333,0.40381239026837223,0.3078982597054886
7500,0.3865546218487395,0.4318181818181818,0.13675213675213674,0.18604651162790697,0.3025210084033613,0.36363636363636365,0.027465520657265718,0.031144010776811483,0.30680640392274466,0.30030479357162654
7501,0.46399999999999997,0.4604316546762589,0.1626016260162602,0.14598540145985403,0.32,0.28776978417266186,0.09609849164145377,0.11048379297765555,0.24130190796857465,0.2805284472818292
7502,0.5555555555555556,0.5227272727272728,0.3773584905660377,0.18604651162790697,0.42592592592592593,0.27272727272727276,0.27615621360884196,0.07707997229684992,0.4083445132827848,0.31036070342115346
7503,0.5644171779141104,0.46979865771812085,0.2732919254658385,0.1904761904761905,0.3926380368098159,0.3087248322147651,0.16974591172577705,0.10392346726823747,0.3888173468593049,0.2609076663472425
7504,0.5087719298245614,0.6698113207547169,0.2831858407079646,0.6000000000000001,0.3596491228070175,0.6132075471698113,0.14930285128369297,0.30005513732067274,0.28644687039961503,0.4298791341770476
7505,0.48695652173913045,0.4509803921568628,0.23008849557522126,0.24000000000000002,0.3652173913043478,0.31372549019607837,0.12325411410774875,0.16695432788906286,0.3926224230380675,0.3446799400556626
7506,0.3185840707964602,0.21951219512195125,0.14414414414414414,0.05,0.21238938053097345,0.14634146341463414,0.07121793582144806,0.015631995969658613,0.3499168514412417,0.11933174224343675
7507,0.13513513513513514,0.18181818181818185,0.02777777777777778,0.09375000000000001,0.10810810810810811,0.18181818181818185,0.01062966632179831,0.0266785298043081,0.08143322475570033,0.08333333333333334
7508,0.3595505617977528,0.4871794871794871,0.1149425287356322,0.2368421052631579,0.15730337078651685,0.2820512820512821,0.05987016463560546,0.15894780290856192,0.3087749287749288,0.40078467700188
7509,0.5441176470588235,0.6115702479338843,0.19402985074626863,0.3025210084033613,0.3676470588235294,0.36363636363636365,0.09499522807623251,0.1734340829045967,0.31263712498276147,0.39854918432359504
7510,0.5271317829457365,0.5544554455445545,0.28346456692913385,0.2828282828282829,0.3255813953488372,0.37623762376237624,0.03989479996100682,0.13621490463593958,0.42433460076045626,0.3871775607312798
7511,0.1523809523809524,0.23214285714285712,0.0,0.03636363636363636,0.0761904761904762,0.14285714285714285,0.0051861728540486445,0.005386302080031968,0.07992895204262876,0.10600706713780918
7512,0.40322580645161293,0.5048543689320388,0.26229508196721313,0.29702970297029707,0.3548387096774194,0.44660194174757284,0.15327313438865925,0.15846759099100358,0.355655635612059,0.3281940298507463
7513,0.5077720207253886,0.42937853107344626,0.24083769633507854,0.21714285714285714,0.3316062176165803,0.3163841807909604,0.15190336964080645,0.09260719632548334,0.30371570028814326,0.21392724799556875
7514,0.3368421052631579,0.20930232558139536,0.12903225806451613,0.07142857142857142,0.23157894736842105,0.18604651162790697,0.03454570805165108,0.01811675435778162,0.2504745911214953,0.14575411913814956
7515,0.6017699115044248,0.553191489361702,0.45045045045045046,0.391304347826087,0.47787610619469023,0.46808510638297873,0.27399695089630777,0.2850554981038207,0.5652066448589005,0.5016098271230237
7516,0.8807339449541285,0.6987951807228915,0.7476635514018692,0.5925925925925924,0.40366972477064217,0.6987951807228915,0.5692477806482128,0.3587758565360427,0.7764068872162299,0.508199577177007
7517,0.6473988439306358,0.6592178770949721,0.4912280701754385,0.4971751412429379,0.6127167630057804,0.6145251396648045,0.3530323266719,0.3436870938850891,0.6067142469003267,0.6167055251852809
7518,0.47540983606557374,0.5663716814159292,0.3833333333333333,0.4324324324324324,0.459016393442623,0.5486725663716814,0.2412862678545522,0.35219260148383685,0.5362666700894633,0.6533112582781456
7519,0.45312499999999994,0.3622047244094488,0.23809523809523808,0.12799999999999997,0.26562500000000006,0.2677165354330709,0.10845797977118174,0.017518286331838686,0.5337519623233907,0.3113754627592099
7520,0.21951219512195122,0.22641509433962265,0.05,0.0392156862745098,0.14634146341463417,0.22641509433962265,0.011064891248476136,0.0061548282104417415,0.13964074803149606,0.0708215297450425
7521,0.2857142857142857,0.5066666666666667,0.0970873786407767,0.32876712328767116,0.20952380952380953,0.4799999999999999,0.02240125212843656,0.19102271963157993,0.21619183285849955,0.33355177856699925
7522,0.49484536082474234,0.6,0.3157894736842105,0.38636363636363635,0.35051546391752575,0.3555555555555556,0.16775452295676938,0.21781564356699704,0.40890022675736964,0.6090381679389314
7523,0.47706422018348627,0.6666666666666666,0.22429906542056074,0.4772727272727273,0.3119266055045872,0.4444444444444445,0.12916137923424428,0.28494450545052635,0.2927837801787382,0.43725490196078437
7524,0.5528455284552846,0.4230769230769231,0.2809917355371901,0.1568627450980392,0.4065040650406504,0.3076923076923077,0.1942948556669387,0.08935112245646323,0.43834572136458927,0.21622856132492482
7525,0.39252336448598124,0.40425531914893614,0.11428571428571428,0.13043478260869565,0.28037383177570097,0.2765957446808511,0.06701310551036416,0.04276012622919988,0.2649477098627075,0.29815444696397075
7526,0.46408839779005523,0.581081081081081,0.16759776536312848,0.3561643835616438,0.30939226519337015,0.4459459459459459,0.08531056246625116,0.16749230860205874,0.35523891928100926,0.3657850873491434
7527,0.4,0.40298507462686567,0.13559322033898305,0.1818181818181818,0.2,0.3134328358208955,0.06328672142740326,0.11189793248388853,0.23394723743155799,0.3550955414012738
7528,0.20915032679738563,0.21212121212121213,0.02649006622516556,0.03076923076923077,0.11764705882352942,0.12121212121212122,0.0032334227623233964,0.004045959896008437,0.1166407465007776,0.09646302250803858
7529,0.5504587155963302,0.5274725274725274,0.22429906542056074,0.3146067415730337,0.38532110091743116,0.4175824175824176,0.10303302411987103,0.029890195530345456,0.3570057581573896,0.23218712416856888
7530,0.4,0.45502645502645506,0.13114754098360656,0.13903743315508021,0.24864864864864866,0.19047619047619047,0.011654368298873377,0.019427478373750386,0.17974884944644695,0.2242800343558562
7531,0.37499999999999994,0.64,0.28205128205128205,0.5205479452054794,0.37499999999999994,0.64,0.1584450133726893,0.2961135961510275,0.4146284151838164,0.7680198589289499
7532,0.19565217391304346,0.21428571428571427,0.0,0.04878048780487805,0.10869565217391304,0.14285714285714288,0.006043355220907112,0.006550873947814101,0.09950248756218906,0.07594936708860761
7533,0.21428571428571425,0.25225225225225223,0.0,0.01834862385321101,0.14285714285714288,0.14414414414414414,0.0035647891461596743,0.00846967436908127,0.16494845360824742,0.18330585509312897
7534,0.4444444444444445,0.48275862068965525,0.3130434782608696,0.32941176470588235,0.37606837606837606,0.367816091954023,0.20717419561884462,0.12013530506201262,0.34010712035286705,0.31561938086212765
7535,0.4782608695652174,0.5604395604395604,0.17582417582417584,0.22222222222222224,0.20652173913043478,0.21978021978021978,0.1088247348146588,0.129341848900051,0.32344154884405335,0.39173483509406554
7536,0.46551724137931033,0.5486725663716815,0.2456140350877193,0.4504504504504505,0.37931034482758624,0.35398230088495575,0.14892100062818586,0.3156905740529475,0.39846905231520613,0.41435339518673375
7537,0.39705882352941174,0.44247787610619466,0.17910447761194032,0.2702702702702703,0.2941176470588235,0.37168141592920356,0.09066637262013108,0.14043016465104619,0.31924056875154105,0.30605039379492777
7538,0.3423423423423423,0.3137254901960785,0.11009174311926605,0.12,0.18018018018018014,0.27450980392156865,0.024078084365289857,0.06688071957304445,0.21056603773584906,0.22086936731907145
7539,0.5882352941176471,0.5405405405405405,0.3731343283582089,0.29357798165137616,0.39705882352941174,0.3063063063063063,0.204308961086384,0.18902639275297003,0.5764199692979612,0.4456573057284745
7540,0.29357798165137616,0.31111111111111117,0.056074766355140186,0.022727272727272724,0.18348623853211007,0.17777777777777776,0.022198205557902702,0.012916905368871115,0.24461206896551724,0.20132873293202175
7541,0.3103448275862069,0.3714285714285714,0.12280701754385966,0.1764705882352941,0.24137931034482757,0.31428571428571433,0.011212751855028638,0.07293770143794319,0.18561484918793503,0.2090995629786681
7542,0.5043478260869566,0.2777777777777778,0.2831858407079646,0.02857142857142857,0.3826086956521739,0.19444444444444445,0.09034790769821983,0.008932433195406009,0.5379633714120564,0.1282051282051282
7543,0.47560975609756095,0.49382716049382713,0.11111111111111112,0.17500000000000002,0.28048780487804875,0.2839506172839506,0.011527680696396862,0.0567409035027685,0.3105724596570281,0.26897146918468884
7544,0.19672131147540983,0.3777777777777778,0.016666666666666666,0.15909090909090912,0.13114754098360656,0.19999999999999998,0.008349506699856634,0.06677391028369593,0.1436716569125144,0.20581479690522242
7545,0.5066666666666667,0.3060109289617486,0.25112107623318386,0.0883977900552486,0.38222222222222224,0.19672131147540983,0.1775787413925068,0.02428511311047652,0.259154016733264,0.1193700504432962
7546,0.38655462184873957,0.54,0.10256410256410257,0.28571428571428575,0.23529411764705882,0.44,0.055303740313917264,0.13152157846885887,0.25803211415825444,0.352415054563492
7547,0.3157894736842105,0.3764705882352941,0.15053763440860216,0.21686746987951808,0.2736842105263158,0.3294117647058824,0.06360637323121471,0.07596247666345637,0.3263474856970792,0.3381700869762947
7548,0.6119402985074627,0.4786324786324786,0.39393939393939387,0.22608695652173916,0.49253731343283585,0.39316239316239315,0.292816429231728,0.16405445397671797,0.49287251210328126,0.304411856474259
7549,0.37037037037037035,0.3050847457627119,0.12030075187969924,0.05172413793103449,0.2074074074074074,0.15254237288135594,0.03482008843339718,0.012645777580094756,0.2728741721854305,0.136518771331058
7550,0.22916666666666666,0.2891566265060241,0.02127659574468085,0.02469135802469136,0.16666666666666666,0.1686746987951807,0.00879423328912265,0.012230008607350008,0.14322916666666669,0.18611839010952094
7551,0.6874999999999999,0.5986394557823129,0.5822784810126582,0.5103448275862069,0.6499999999999999,0.5850340136054423,0.39243691579014645,0.33716768856228013,0.6111331344149623,0.48596521942110177
7552,0.21951219512195122,0.39080459770114945,0.024999999999999998,0.18823529411764706,0.17073170731707318,0.3448275862068966,0.006400178381760218,0.04800292366203966,0.0904392764857881,0.29946251598465473
7553,0.5000000000000001,0.64,0.32558139534883723,0.32876712328767127,0.40909090909090917,0.4266666666666667,0.18624263881830805,0.1585902721782089,0.3877409689637628,0.4395225464190982
7554,0.45098039215686275,0.37037037037037035,0.12,0.0759493670886076,0.23529411764705882,0.19753086419753088,0.06430919796316542,0.013074764197325882,0.3114235818378899,0.15537937997831044
7555,0.4491978609625668,0.43575418994413406,0.1837837837837838,0.16949152542372883,0.2245989304812834,0.223463687150838,0.07540508471714583,0.07961950866387625,0.31610458434474287,0.30117219900777814
7556,0.5393258426966293,0.3055555555555556,0.367816091954023,0.14285714285714288,0.3820224719101123,0.2777777777777778,0.19047975041284293,0.04503778123700043,0.5505912346106051,0.27736686390532544
7557,0.33333333333333337,0.4367816091954023,0.09433962264150944,0.18823529411764706,0.16666666666666669,0.2758620689655172,0.01183003901044294,0.020195244297145795,0.22307389937106917,0.25565468067685587
7558,0.43902439024390244,0.4411764705882353,0.23140495867768596,0.14925373134328357,0.3577235772357723,0.2794117647058824,0.07926573445143327,0.09239399851199338,0.2920099329978883,0.2936046511627907
7559,0.593939393939394,0.5211267605633804,0.2822085889570552,0.2,0.2787878787878788,0.35211267605633806,0.18464319760470252,0.10289430080317444,0.48150213281218374,0.31900011401208533
7560,0.5789473684210525,0.5957446808510638,0.2933333333333334,0.3884892086330935,0.34210526315789475,0.41134751773049644,0.19825759427752654,0.2342578501918538,0.39046308277077507,0.44752001764033017
7561,0.26562499999999994,0.32432432432432434,0.07936507936507936,0.1651376146788991,0.20312500000000003,0.23423423423423423,0.053859292524664204,0.125476512089784,0.1973628957755942,0.26124936366118007
7562,0.5355191256830601,0.523489932885906,0.287292817679558,0.272108843537415,0.4262295081967213,0.42953020134228187,0.1944014403209953,0.2673688362182858,0.4191772354178487,0.36375736771883604
7563,0.35064935064935066,0.3759398496240601,0.15789473684210528,0.16793893129770993,0.24675324675324675,0.31578947368421056,0.10669000860851392,0.13164836503766347,0.31314456404757773,0.2747953997487068
7564,0.4210526315789474,0.33663366336633654,0.10687022900763357,0.10101010101010102,0.1954887218045113,0.23762376237623764,0.025248998565437192,0.02202919091607838,0.30099333331164246,0.16597308017426363
7565,0.6181818181818182,0.5925925925925926,0.425925925925926,0.4150943396226415,0.5272727272727272,0.5185185185185185,0.3092935333076026,0.31754345229321723,0.5336812144212523,0.5213068342675953
7566,0.4626865671641791,0.3609022556390978,0.24242424242424246,0.15267175572519082,0.34328358208955223,0.22556390977443608,0.09721012135964954,0.11106133125012092,0.2671584416681627,0.25494906532241124
7567,0.22580645161290322,0.23529411764705882,0.016393442622950817,0.06837606837606837,0.11290322580645161,0.16806722689075632,0.00858661484197413,0.025746878725143654,0.10186757215619695,0.1559747018505128
7568,0.29787234042553196,0.20833333333333331,0.043165467625899276,0.02127659574468085,0.17021276595744683,0.12499999999999997,0.007154891132638451,0.00928102519104663,0.20819729869842066,0.12958053952908155
7569,0.5217391304347826,0.5466666666666666,0.3846153846153846,0.4594594594594595,0.4565217391304348,0.5066666666666666,0.29343094478461706,0.37653139327702395,0.4734788223623874,0.44952561432140115
7570,0.3484848484848485,0.4869565217391304,0.09230769230769231,0.33628318584070793,0.19696969696969693,0.41739130434782606,0.06656381810604059,0.27277420824677845,0.20897783179773463,0.3975946843853821
7571,0.35294117647058826,0.29629629629629634,0.039735099337748346,0.01886792452830189,0.16993464052287585,0.12962962962962962,0.01873839749125116,0.005096872685456645,0.22529686174724345,0.11382113821138211
7572,0.3896103896103896,0.3692307692307692,0.14473684210526316,0.109375,0.2337662337662338,0.2153846153846154,0.024441967420423195,0.02141499997491931,0.27545544719153736,0.24748715657806566
7573,0.3076923076923077,0.47368421052631576,0.04687499999999999,0.16071428571428573,0.1846153846153846,0.1929824561403509,0.004503583575448186,0.03168015457417415,0.11627906976744184,0.22671130952380958
7574,0.3571428571428571,0.36893203883495146,0.16363636363636364,0.09900990099009901,0.25,0.17475728155339806,0.0479084844045008,0.004839477829928872,0.18959435626102294,0.15499510914332784
7575,0.32467532467532473,0.41379310344827586,0.10526315789473686,0.2105263157894737,0.22077922077922077,0.25862068965517243,0.055423453755888606,0.04260933884583689,0.17941673710904477,0.20602154046997387
7576,0.4492753623188405,0.3793103448275862,0.20588235294117646,0.14035087719298245,0.2318840579710145,0.2413793103448276,0.09592545068492521,0.05753754699805556,0.3566840548115852,0.22523825832280311
7577,0.1842105263157895,0.13157894736842105,0.0,0.0,0.10526315789473685,0.10526315789473685,0.006409912521492096,0.0056414392419841305,0.1002865329512894,0.05730659025787966
7578,0.4999999999999999,0.4893617021276596,0.24489795918367346,0.3043478260869565,0.4,0.4042553191489362,0.1677064710565956,0.16729569706524977,0.3949487925811265,0.36879199814628877
7579,0.30303030303030304,0.24074074074074076,0.046153846153846156,0.03773584905660377,0.15151515151515152,0.14814814814814814,0.010669719459462887,0.009063663752137345,0.17093016702864158,0.0975609756097561
7580,0.45255474452554745,0.43478260869565216,0.16296296296296295,0.2,0.30656934306569344,0.34782608695652173,0.1266114080783425,0.16858444564296293,0.42310222393767916,0.3336166372869974
7581,0.44324324324324327,0.45263157894736844,0.19672131147540983,0.19148936170212766,0.29189189189189185,0.23157894736842105,0.12503954061396838,0.11707052009013141,0.2793406593406593,0.35378745563249375
7582,0.352112676056338,0.2074074074074074,0.15714285714285717,0.06015037593984962,0.29577464788732394,0.11851851851851851,0.11494986141776983,0.00399768145119132,0.2440944881889764,0.0728476821192053
7583,0.4246575342465754,0.41509433962264153,0.18055555555555558,0.1730769230769231,0.2602739726027397,0.30188679245283023,0.06003193364471621,0.07480330810403983,0.3565738563083226,0.3314
7584,0.2684563758389262,0.3623188405797102,0.12244897959183673,0.16176470588235295,0.174496644295302,0.2898550724637681,0.010500556600440551,0.047171428657530164,0.14865497076023393,0.21381524815692468
7585,0.22857142857142856,0.2666666666666667,0.043478260869565216,0.01694915254237288,0.10000000000000002,0.11666666666666667,0.009072069007511596,0.009395175665758383,0.09188361408882084,0.09463722397476342
7586,0.5082872928176796,0.40875912408759124,0.1675977653631285,0.11851851851851852,0.28729281767955805,0.24817518248175183,0.06895308497504783,0.015624142852907811,0.31610135919996407,0.1977259426469359
7587,0.5694444444444444,0.49572649572649574,0.3380281690140845,0.2434782608695652,0.45833333333333326,0.376068376068376,0.1994888954185683,0.180997642439206,0.5240098142306345,0.32471933663345004
7588,0.3636363636363636,0.37500000000000006,0.15625,0.16129032258064516,0.30303030303030304,0.3125,0.016872983761259962,0.030901532587310255,0.23278388278388276,0.2521141410030299
7589,0.5316455696202532,0.5771812080536913,0.3974358974358974,0.47619047619047616,0.4683544303797468,0.49664429530201337,0.34815510697461555,0.425640393678275,0.4875944480946123,0.5290602703575884
7590,0.45588235294117646,0.368,0.2537313432835821,0.1951219512195122,0.338235294117647,0.32,0.14747714305549395,0.12751983903936367,0.34657123429276676,0.2582644628099173
7591,0.4671532846715329,0.2608695652173913,0.2222222222222222,0.05309734513274336,0.3649635036496351,0.19130434782608693,0.10975652563691952,0.04758558089621381,0.34497482919813016,0.14062660239975386
7592,0.47058823529411764,0.5227272727272727,0.26506024096385544,0.2790697674418605,0.30588235294117644,0.3636363636363636,0.0354159784730227,0.030469273960613164,0.34887093733230845,0.38649350649350644
7593,0.28148148148148144,0.44680851063829785,0.12030075187969924,0.21739130434782608,0.23703703703703702,0.3829787234042553,0.034976686396416025,0.06813136780099528,0.2406053089270949,0.29718234454314724
7594,0.37762237762237766,0.3795620437956205,0.17021276595744683,0.16296296296296298,0.2377622377622378,0.24817518248175185,0.08567671758574354,0.07381254910143888,0.3699686671487105,0.36301127983547643
7595,0.4065040650406504,0.41666666666666663,0.11570247933884298,0.13559322033898305,0.22764227642276424,0.18333333333333332,0.014206997475122227,0.015934277798048575,0.28626211513142247,0.3292578292578292
7596,0.41134751773049644,0.3018867924528302,0.11510791366906475,0.05769230769230769,0.19858156028368792,0.169811320754717,0.0256799974878864,0.010760318282651246,0.23320630514362709,0.12772198310218397
7597,0.4615384615384615,0.5301204819277108,0.31304347826086953,0.37037037037037035,0.3931623931623931,0.3132530120481927,0.1680811180282022,0.17187426885056784,0.5959589743589744,0.5121857541899442
7598,0.5,0.3417721518987342,0.253968253968254,0.19230769230769232,0.28125,0.20253164556962025,0.10959611470090964,0.09487172268235544,0.36813439202047377,0.2922453703703704
7599,0.35714285714285715,0.5,0.10909090909090909,0.22448979591836735,0.1607142857142857,0.24,0.08962872923283614,0.13814286316898355,0.22254180399134602,0.35331156716417905
7600,0.47058823529411764,0.5040650406504065,0.25641025641025644,0.2644628099173554,0.3697478991596639,0.3739837398373984,0.1612281796187966,0.15924586673657842,0.3279260422117566,0.380121564622241
7601,0.38709677419354843,0.390625,0.16393442622950818,0.14285714285714288,0.24193548387096775,0.265625,0.143454629478563,0.12487021402654175,0.28774193548387095,0.34701597444089455
7602,0.43421052631578944,0.48148148148148145,0.26666666666666666,0.28750000000000003,0.35526315789473684,0.3827160493827161,0.1849954527968785,0.2099229427277815,0.35551271529672573,0.45596558517538255
7603,0.48,0.43478260869565216,0.1081081081081081,0.14705882352941177,0.2533333333333333,0.3188405797101449,0.06114361771271856,0.02944617139938157,0.27325339237564944,0.20891154705050252
7604,0.27027027027027023,0.22680412371134023,0.07339449541284404,0.042105263157894736,0.1981981981981982,0.10309278350515463,0.01693619032380353,0.01947053359457094,0.3087749287749288,0.21243625813258304
7605,0.4794520547945206,0.29411764705882354,0.2916666666666667,0.12,0.3424657534246575,0.23529411764705882,0.20528578140356382,0.035881416327744414,0.37153816993947064,0.13557675322381205
7606,0.282051282051282,0.31884057971014496,0.07894736842105263,0.08955223880597013,0.1282051282051282,0.2028985507246377,0.021824907535865135,0.026144315689989563,0.28055027460921,0.29049103237095364
7607,0.3649635036496351,0.3423423423423423,0.1333333333333333,0.12844036697247704,0.17518248175182483,0.16216216216216214,0.02294358624721041,0.029851724406289293,0.23671171946881323,0.23293357933579337
7608,0.39639639639639646,0.47058823529411764,0.25688073394495414,0.19277108433734938,0.32432432432432434,0.35294117647058826,0.09486871212827239,0.012394301594156368,0.3730791962174941,0.279
7609,0.4395604395604395,0.35443037974683544,0.13333333333333333,0.08974358974358974,0.16483516483516483,0.17721518987341772,0.02991625985192563,0.011717568358376826,0.2881718555326715,0.17493846349411793
7610,0.41441441441441446,0.43795620437956206,0.09174311926605505,0.14814814814814817,0.23423423423423423,0.3357664233576642,0.07817705727910411,0.09081625231038641,0.20872865275142316,0.35532784021483976
7611,0.6211180124223603,0.6433566433566433,0.339622641509434,0.4113475177304965,0.48447204968944096,0.5734265734265734,0.2062503943370439,0.27104517796068633,0.5898765957074996,0.5764454846670769
7612,0.1652892561983471,0.4222222222222223,0.033613445378151266,0.13636363636363635,0.13223140495867766,0.26666666666666666,0.00937323549001147,0.046030170810276355,0.10934393638170975,0.34579300360031257
7613,0.5681818181818181,0.5874999999999999,0.4482758620689655,0.46835443037974683,0.5340909090909091,0.575,0.3689556457212982,0.3431455137488358,0.5222735993446722,0.48538996667494494
7614,0.45614035087719296,0.41237113402061853,0.1607142857142857,0.1894736842105263,0.3333333333333333,0.32989690721649484,0.06590422367047444,0.043679178396946586,0.2606069594057136,0.17823492462311558
7615,0.4032258064516129,0.5210084033613445,0.14754098360655737,0.18803418803418803,0.20967741935483872,0.35294117647058826,0.08839374326825923,0.08282527419006332,0.269440056169914,0.36417909953140637
7616,0.4421052631578947,0.42857142857142855,0.19354838709677422,0.19512195121951217,0.3368421052631579,0.30952380952380953,0.10588613616356635,0.10290348648040436,0.42378516624040924,0.3867692587871062
7617,0.5346534653465346,0.5500000000000002,0.303030303030303,0.33333333333333337,0.3366336633663366,0.4,0.08118194502088573,0.11211398595075861,0.424459045276855,0.4721701605812393
7618,0.3333333333333333,0.6341463414634148,0.1694915254237288,0.47500000000000003,0.16666666666666666,0.34146341463414637,0.14040851441890545,0.28473283094451146,0.20073622112800016,0.4671383413470966
7619,0.30000000000000004,0.16867469879518074,0.12244897959183672,0.02469135802469136,0.26,0.14457831325301207,0.03121445771309794,0.011369584829203024,0.28961038961038965,0.10753180195845154
7620,0.5757575757575758,0.2222222222222222,0.34375,0.05714285714285715,0.3636363636363636,0.16666666666666666,0.15471428129658016,0.027549200259075004,0.4393570696721312,0.22130919772934776
7621,0.35772357723577236,0.4313725490196078,0.21487603305785125,0.22000000000000003,0.3089430894308943,0.35294117647058826,0.1228991222393605,0.1089191401353215,0.3525691699604743,0.34024640657084193
7622,0.559322033898305,0.6446280991735537,0.3448275862068966,0.504201680672269,0.42372881355932207,0.578512396694215,0.17683904991318938,0.34057916821456563,0.40681169686055213,0.5084417814664257
7623,0.3442622950819672,0.3564356435643564,0.2,0.2424242424242424,0.21311475409836064,0.31683168316831684,0.14763989329766974,0.19550259079462304,0.33844942935852024,0.2504960317460318
7624,0.6031746031746031,0.4105960264900662,0.35294117647058826,0.1610738255033557,0.30687830687830686,0.18543046357615894,0.23311606080199682,0.05544146260632501,0.4283498640776187,0.23171042428270738
7625,0.5137614678899082,0.4628099173553719,0.14953271028037382,0.11764705882352941,0.33027522935779813,0.34710743801652894,0.014276140505492682,0.014508640899912415,0.28451242829827916,0.2798171894624223
7626,0.5753424657534246,0.6580645161290323,0.3472222222222222,0.33986928104575165,0.31506849315068497,0.36129032258064514,0.12172036378318707,0.1352284740956882,0.3423737916219119,0.43870686616270427
7627,0.43678160919540227,0.4,0.17441860465116277,0.10126582278481011,0.3448275862068965,0.25,0.07438487759042373,0.02108241068492225,0.3557535943137149,0.2149443449109166
7628,0.5166666666666667,0.5172413793103449,0.3389830508474576,0.2982456140350877,0.4833333333333334,0.48275862068965514,0.14061263207201663,0.14159721995309757,0.40132571428571423,0.4169520153550863
7629,0.6428571428571429,0.6194690265486725,0.38181818181818183,0.41441441441441446,0.5,0.4424778761061947,0.2988790814664211,0.3163376879371243,0.4504332983193277,0.5315694116842716
7630,0.36024844720496896,0.40625,0.03773584905660377,0.12631578947368421,0.1614906832298137,0.22916666666666666,0.007756951382236729,0.02001547684704597,0.1506373117033604,0.25052524475823207
7631,0.6900584795321637,0.5818181818181819,0.5798816568047337,0.5030674846625767,0.631578947368421,0.5575757575757576,0.4585226991568992,0.4230573071720688,0.6767423450809033,0.5100910987385251
7632,0.3865546218487395,0.36363636363636365,0.188034188034188,0.2037037037037037,0.2521008403361344,0.27272727272727276,0.12221480546215518,0.13978744680188715,0.32176020488326057,0.30524661508704065
7633,0.5026737967914439,0.5497076023391813,0.24864864864864863,0.2485207100591716,0.320855614973262,0.30409356725146197,0.1808324044481817,0.17544979549629786,0.3113954776522367,0.3545125951901367
7634,0.47540983606557374,0.5172413793103449,0.2333333333333333,0.3157894736842105,0.36065573770491804,0.4655172413793103,0.1759418649500804,0.21105340631872635,0.39185849817975565,0.46257771310632645
7635,0.36036036036036034,0.4691358024691358,0.09174311926605504,0.27848101265822783,0.2162162162162162,0.3703703703703704,0.008640865398249096,0.20532788031865595,0.23491693861821283,0.4110761951839559
7636,0.23300970873786409,0.21621621621621623,0.039603960396039604,0.05555555555555556,0.1359223300970874,0.16216216216216214,0.010592898115816707,0.014091599707932879,0.14710648148148148,0.08684863523573201
7637,0.5203252032520326,0.3888888888888889,0.21487603305785125,0.20754716981132074,0.34146341463414637,0.31481481481481477,0.03685993892003473,0.12673565479263238,0.3234809663250366,0.18229134317975723
7638,0.40875912408759124,0.46451612903225803,0.14814814814814814,0.19607843137254902,0.2773722627737226,0.21935483870967742,0.04446201367538972,0.05991188744516946,0.1858209535112072,0.29909656651973315
7639,0.3731343283582089,0.40287769784172667,0.13636363636363638,0.16058394160583941,0.28358208955223885,0.302158273381295,0.108432780526753,0.1074598456251619,0.3496917562724014,0.3967190467124565
7640,0.4339622641509434,0.4044943820224719,0.1923076923076923,0.29885057471264365,0.24528301886792453,0.33707865168539325,0.04165126924819414,0.16168122627603487,0.29417282500530195,0.2978592763624967
7641,0.4331210191082803,0.5223880597014926,0.11612903225806452,0.16666666666666669,0.22929936305732482,0.3134328358208955,0.010239747859143937,0.027147913610143633,0.32418525877714505,0.38961579983939215
7642,0.3448275862068965,0.360655737704918,0.15384615384615385,0.13333333333333333,0.23448275862068965,0.2950819672131148,0.06022151991315597,0.08038264410981454,0.27261428571428575,0.22256912715334895
7643,0.3893805309734513,0.3333333333333333,0.1081081081081081,0.08474576271186442,0.23008849557522124,0.19999999999999998,0.057267658485676935,0.06659181551206494,0.26363794990561695,0.23547066741798145
7644,0.21153846153846156,0.24096385542168675,0.0196078431372549,0.02469135802469136,0.1730769230769231,0.19277108433734938,0.010320361584657317,0.006225026634352774,0.12786720321931588,0.11530398322851153
7645,0.38620689655172413,0.4032258064516129,0.12587412587412586,0.13114754098360656,0.2482758620689655,0.2580645161290323,0.02455523925552571,0.030932447039559215,0.3136593591905565,0.2515341801056087
7646,0.44943820224719105,0.5151515151515151,0.18390804597701146,0.34375,0.24719101123595508,0.42424242424242425,0.10534312981399521,0.2141138987630129,0.36241196730581404,0.3746091075624965
7647,0.6578947368421053,0.3975155279503106,0.3866666666666667,0.21383647798742136,0.4342105263157895,0.3105590062111801,0.2021342318810888,0.1068134077793035,0.5966791585138018,0.3475388808722142
7648,0.40816326530612246,0.38095238095238093,0.13793103448275862,0.13592233009708737,0.21768707482993194,0.13333333333333333,0.05838088511457992,0.07303863538896588,0.3301771125435498,0.3174329501915709
7649,0.22680412371134018,0.2564102564102564,0.0631578947368421,0.07894736842105263,0.18556701030927836,0.1794871794871795,0.010959611470090962,0.027263371187925923,0.14511873350923485,0.20552847415660785
7650,0.48333333333333334,0.4684684684684685,0.13559322033898305,0.1834862385321101,0.3333333333333333,0.2882882882882883,0.06696050283197841,0.07790453876073156,0.28952492579919464,0.26712479740680717
7651,0.5504587155963303,0.39252336448598124,0.37383177570093457,0.1904761904761905,0.44036697247706424,0.3177570093457944,0.22644068982190438,0.1245314023582319,0.5670894992955565,0.3275945905609236
7652,0.3939393939393939,0.5981308411214954,0.1384615384615385,0.26666666666666666,0.2424242424242424,0.3364485981308411,0.024965936660557547,0.1251197542893698,0.24478852012810273,0.3014509214816986
7653,0.411214953271028,0.4,0.13333333333333333,0.15053763440860213,0.24299065420560748,0.2526315789473685,0.029636174392139614,0.029070144728670474,0.2500350807897595,0.25285367696774447
7654,0.4150943396226415,0.2857142857142857,0.13461538461538464,0.08823529411764706,0.2641509433962264,0.2285714285714286,0.059568243640547185,0.061955840715452355,0.32410599014803015,0.18790849673202614
7655,0.4262295081967213,0.4907975460122699,0.1878453038674033,0.1987577639751553,0.1639344262295082,0.19631901840490798,0.028851379544390193,0.07845724736282216,0.2619801895653658,0.314750323766369
7656,0.42424242424242425,0.38461538461538464,0.2153846153846154,0.09803921568627451,0.30303030303030304,0.21153846153846154,0.1200100437012302,0.06187801820036991,0.38732192095588236,0.24886511024643324
7657,0.47058823529411764,0.3548387096774194,0.2537313432835821,0.13114754098360656,0.39705882352941174,0.24193548387096775,0.07435053095655104,0.02705696454779055,0.4245841931984066,0.30276541640178006
7658,0.562874251497006,0.5680473372781065,0.20606060606060608,0.23952095808383236,0.33532934131736525,0.378698224852071,0.09759596608024484,0.12395839062596807,0.3988182190630558,0.44777571883394685
7659,0.4444444444444445,0.35849056603773594,0.09022556390977443,0.07692307692307691,0.20740740740740743,0.20754716981132076,0.011482169485493141,0.010186936342279504,0.28540419161676644,0.22657882050457978
7660,0.35,0.37974683544303794,0.05128205128205128,0.12987012987012989,0.25,0.27848101265822783,0.016474575791240956,0.03824527807798061,0.2462535374324672,0.2751074005025533
7661,0.5789473684210527,0.5348837209302325,0.1702127659574468,0.18823529411764706,0.22105263157894736,0.2441860465116279,0.08954278389572388,0.03761012659605266,0.30619083938755615,0.24686339737360147
7662,0.6129032258064516,0.5625,0.36065573770491804,0.28571428571428575,0.45161290322580644,0.43749999999999994,0.20696080437981823,0.18218675832398776,0.4909667850756368,0.3975628950856444
7663,0.5068493150684932,0.5179856115107914,0.1388888888888889,0.20437956204379562,0.2328767123287671,0.302158273381295,0.028525996574786567,0.0674239081065072,0.4248392131788777,0.4312701427255985
7664,0.5185185185185186,0.536312849162011,0.23529411764705885,0.23728813559322032,0.3174603174603175,0.3128491620111732,0.1206181576680081,0.10657213572658962,0.35260048593381926,0.3900759023577509
7665,0.4774193548387097,0.5165562913907286,0.24836601307189546,0.22818791946308725,0.3741935483870968,0.31788079470198677,0.17534533555515552,0.1761545252165858,0.3131374949000408,0.34720958649428707
7666,0.27368421052631575,0.4225352112676056,0.08602150537634408,0.2898550724637681,0.1473684210526316,0.39436619718309857,0.009696103349294287,0.17041223410226686,0.16636125654450265,0.27191011235955054
7667,0.6436781609195402,0.5170068027210883,0.27906976744186046,0.2482758620689655,0.2988505747126437,0.3401360544217687,0.15236958559728564,0.10331183825190604,0.3698078924371093,0.2570896244676732
7668,0.4794520547945205,0.4800000000000001,0.22222222222222224,0.26016260162601623,0.2876712328767123,0.38400000000000006,0.09871060849916143,0.12183187977320328,0.41306110963983045,0.40242459022273225
7669,0.49382716049382713,0.5454545454545454,0.25,0.2553191489361702,0.308641975308642,0.3496503496503497,0.12369789225958576,0.0920511552407452,0.33020100132634606,0.31228622071490353
7670,0.7044025157232704,0.49032258064516127,0.5859872611464968,0.3137254901960784,0.6415094339622641,0.4129032258064516,0.47773444678569643,0.2226051756664156,0.5837484433374844,0.3546348314606741
7671,0.3875968992248062,0.42477876106194684,0.2047244094488189,0.23423423423423428,0.2170542635658915,0.26548672566371684,0.03639075626321298,0.04575650172807516,0.25844035804631255,0.27817231219877725
7672,0.3971631205673759,0.3728813559322034,0.15827338129496404,0.06896551724137931,0.2553191489361702,0.20338983050847456,0.012124107700762742,0.01203585598620802,0.2837971199822084,0.19958256468473587
7673,0.3724137931034483,0.3302752293577982,0.0979020979020979,0.07476635514018691,0.1931034482758621,0.2385321100917431,0.018429002880824556,0.024482899835578144,0.32636734693877556,0.1593625498007968
7674,0.3577235772357724,0.43478260869565216,0.11570247933884298,0.2222222222222222,0.24390243902439024,0.32608695652173914,0.08347864048201645,0.11855471303860046,0.2575864628384647,0.314275956284153
7675,0.24390243902439027,0.3146067415730337,0.06611570247933883,0.11494252873563218,0.13008130081300812,0.20224719101123598,0.009716419391683237,0.028010423634429668,0.17920386904761906,0.18130798823263183
7676,0.49635036496350365,0.5853658536585366,0.22222222222222224,0.2809917355371901,0.291970802919708,0.43902439024390244,0.08982953716268874,0.13467929868144934,0.37767094017094016,0.39840845591385277
7677,0.42105263157894735,0.367816091954023,0.27956989247311825,0.23529411764705882,0.37894736842105264,0.2988505747126437,0.1593336271747599,0.1584450133726893,0.49531900395514544,0.4087193460490463
7678,0.4354838709677419,0.41176470588235287,0.22950819672131145,0.18,0.20967741935483872,0.2156862745098039,0.0613863186962819,0.05882779117604508,0.42855161463116015,0.2973930863036248
7679,0.3333333333333333,0.28571428571428575,0.14285714285714288,0.09836065573770493,0.24999999999999994,0.25396825396825395,0.013792125616909453,0.015622141216474922,0.3234782608695652,0.28434684684684686
7680,0.4929577464788732,0.5391304347826088,0.2714285714285714,0.336283185840708,0.40845070422535207,0.4695652173913043,0.17233269605110016,0.15720813549743287,0.2965536429376774,0.30917177366573456
7681,0.4,0.1851851851851852,0.22727272727272727,0.03846153846153846,0.24444444444444446,0.1851851851851852,0.1116712350116966,0.01623500545633074,0.3476635514018692,0.1490870240870241
7682,0.49295774647887325,0.4444444444444444,0.27142857142857146,0.17391304347826084,0.29577464788732394,0.30769230769230765,0.1398719716938175,0.03446965560913774,0.380700074147306,0.3220663265306123
7683,0.4900662251655629,0.4966442953020133,0.2416107382550336,0.2585034013605442,0.3841059602649007,0.38926174496644295,0.12551051209008585,0.12219824672891098,0.5280315121056742,0.4001259192542781
7684,0.6153846153846154,0.3018867924528302,0.3120567375886525,0.038461538461538464,0.4195804195804196,0.16981132075471697,0.1711579967943178,0.0060600057249251766,0.40394547480902127,0.12681228236783793
7685,0.5970149253731343,0.44047619047619047,0.4242424242424243,0.15662650602409642,0.4477611940298507,0.30952380952380953,0.32786347330333593,0.1106124968430078,0.4924581175753882,0.41269965822696525
7686,0.3518518518518519,0.4035087719298246,0.1509433962264151,0.14285714285714285,0.1851851851851852,0.17543859649122806,0.02469722184281089,0.030308724756030487,0.20744249281845492,0.23198870191351395
7687,0.4227642276422764,0.4571428571428572,0.21487603305785125,0.17475728155339806,0.24390243902439024,0.28571428571428564,0.09957799016527472,0.03673648871860352,0.2747591237278529,0.2838233422425862
7688,0.3518518518518519,0.1408450704225352,0.09433962264150944,0.0,0.24074074074074073,0.08450704225352113,0.04588035099719826,0.004352310974186319,0.24912732712765961,0.046189376443418015
7689,0.5714285714285714,0.45901639344262296,0.30534351145038174,0.14999999999999997,0.40601503759398494,0.2950819672131147,0.19116161342486185,0.027153260291245034,0.49778172138420584,0.2625790826413602
7690,0.22666666666666666,0.4125,0.013513513513513514,0.21518987341772153,0.08,0.3,0.006912313052179882,0.1756574422463771,0.16400056566261556,0.42716097896430194
7691,0.5116279069767442,0.4788732394366197,0.2380952380952381,0.20289855072463767,0.39534883720930236,0.3661971830985915,0.0902996434880949,0.15968868821021093,0.4406914893617021,0.33846947943948463
7692,0.4966442953020134,0.44303797468354433,0.27210884353741494,0.16666666666666666,0.4429530201342282,0.35443037974683544,0.1652910697118267,0.06498474193684234,0.49165138024093435,0.41068286542534377
7693,0.23076923076923078,0.208955223880597,0.026315789473684213,0.09230769230769231,0.1282051282051282,0.14925373134328357,0.012230008607350008,0.07315986666459885,0.2008119472234305,0.23092369477911645
7694,0.5172413793103449,0.39830508474576276,0.23478260869565215,0.20512820512820515,0.3017241379310345,0.23728813559322032,0.18265537507582616,0.17662626308668736,0.34605327778471795,0.25441163656148447
7695,0.4444444444444445,0.3440860215053763,0.23595505617977525,0.09782608695652173,0.3222222222222222,0.2043010752688172,0.11877310884929557,0.011854048861666142,0.2575305919664611,0.19565323565323567
7696,0.42857142857142855,0.44660194174757284,0.1272727272727273,0.25742574257425743,0.3035714285714286,0.36893203883495146,0.019094209523580086,0.027352798930011007,0.19114875954115612,0.2500990491283677
7697,0.5384615384615383,0.42696629213483145,0.3137254901960785,0.22988505747126434,0.3269230769230769,0.3146067415730337,0.2463232424967583,0.14719339688662145,0.37433550730803233,0.2957402409156795
7698,0.18556701030927836,0.20512820512820515,0.021052631578947368,0.026315789473684213,0.14432989690721648,0.17948717948717952,0.010132385610082912,0.011761637295975916,0.12064200680272107,0.10104002106371775
7699,0.4752475247524752,0.3829787234042553,0.2626262626262626,0.17391304347826086,0.39603960396039606,0.29787234042553196,0.15275393757315023,0.07848512145040562,0.4662901843352972,0.3703703703703704
7700,0.546875,0.6599999999999999,0.3174603174603175,0.42857142857142855,0.32812500000000006,0.52,0.1751688911190787,0.2235287891772399,0.4007970479704797,0.42381999948411253
7701,0.25806451612903225,0.4507042253521127,0.13186813186813187,0.20289855072463767,0.1935483870967742,0.3380281690140845,0.02515118408942346,0.02076892747069295,0.16438802083333334,0.2800608828006088
7702,0.4177215189873417,0.33749999999999997,0.12820512820512822,0.06329113924050632,0.24050632911392403,0.18750000000000003,0.0859299826408549,0.01799661220651782,0.2851978610912284,0.15553666730967075
7703,0.1894736842105263,0.3142857142857143,0.08602150537634408,0.14705882352941174,0.16842105263157894,0.3142857142857143,0.018284864075743357,0.048970396987964335,0.1690159574468085,0.25558739255014323
7704,0.3536585365853659,0.4025974025974026,0.16049382716049382,0.18421052631578946,0.25609756097560976,0.24675324675324675,0.02659418845889586,0.0614626569893935,0.27801798597184146,0.3559705257089323
7705,0.30769230769230765,0.3619047619047619,0.03125,0.01941747572815534,0.18461538461538457,0.22857142857142856,0.007404080578874811,0.005658727539268288,0.12896825396825398,0.14492753623188406
7706,0.4105263157894737,0.435374149659864,0.0851063829787234,0.15172413793103448,0.16842105263157894,0.20408163265306123,0.060826714847937904,0.03816838362524051,0.2119941704534401,0.2116689911668991
7707,0.4715447154471545,0.2631578947368421,0.2644628099173553,0.017857142857142856,0.3252032520325203,0.15789473684210525,0.08915519528363419,0.009730028556595988,0.4602777777777778,0.177513266509434
7708,0.4424778761061947,0.5434782608695653,0.16216216216216217,0.3111111111111111,0.2831858407079646,0.5,0.06980511688198775,0.11833569879302147,0.236734225370589,0.3044971998695085
7709,0.46153846153846156,0.5714285714285714,0.24719101123595505,0.2926829268292683,0.2417582417582418,0.2619047619047619,0.13251445746341228,0.12100858552701568,0.3774281612772066,0.3485519407431371
7710,0.5283018867924528,0.5242718446601942,0.1923076923076923,0.2376237623762376,0.41509433962264153,0.38834951456310685,0.13051480911015823,0.13247377086519102,0.31116926450901117,0.29600382137122183
7711,0.4271844660194175,0.32500000000000007,0.1386138613861386,0.10256410256410257,0.23300970873786409,0.15,0.013308561809919003,0.034024064172335854,0.20881670533642693,0.2580192661006009
7712,0.5352112676056339,0.5271317829457365,0.3857142857142857,0.4094488188976378,0.5070422535211268,0.5271317829457365,0.2745648148518196,0.32677788033555116,0.4933730595725889,0.4607192878094105
7713,0.4716981132075472,0.5555555555555555,0.15384615384615385,0.25,0.24528301886792453,0.2888888888888889,0.016826685014478007,0.16307700032839834,0.2760986796793717,0.3947048611111111
7714,0.5396825396825397,0.5299145299145299,0.22580645161290325,0.19130434782608696,0.365079365079365,0.3760683760683761,0.12202078059974256,0.1264931303453959,0.4661730531438441,0.4076337638376384
7715,0.46715328467153283,0.5179856115107914,0.23703703703703705,0.32116788321167883,0.3357664233576642,0.41726618705035967,0.13815304414365562,0.19289461054822224,0.34089050958154277,0.36600376872254525
7716,0.4268292682926829,0.53125,0.09876543209876543,0.20634920634920634,0.18292682926829268,0.328125,0.011342945042418454,0.07536847711563772,0.3188802626552283,0.3510701545778835
7717,0.46874999999999994,0.46511627906976744,0.16842105263157894,0.15294117647058825,0.28125,0.2558139534883721,0.13341037587383892,0.05029471423285435,0.2681434599156118,0.22752822604701112
7718,0.40860215053763443,0.4810126582278481,0.13186813186813184,0.18181818181818182,0.2580645161290323,0.27848101265822783,0.017432228564429518,0.041361704040093025,0.27089562266939904,0.29344252124821646
7719,0.3673469387755102,0.47407407407407404,0.15172413793103448,0.1804511278195489,0.272108843537415,0.34074074074074073,0.0967458811247473,0.10956255163774786,0.3201263278782659,0.3601645267806665
7720,0.5072463768115942,0.4444444444444445,0.17647058823529413,0.16494845360824742,0.2028985507246377,0.2626262626262626,0.01490573988054618,0.025423931045712,0.32903342366757,0.29850778546712803
7721,0.515625,0.5037037037037038,0.2698412698412698,0.2706766917293233,0.43749999999999994,0.35555555555555557,0.12248194324260028,0.18331587699235669,0.44745057232049945,0.39433728683453995
7722,0.5056179775280899,0.5,0.25,0.1868131868131868,0.32584269662921345,0.31521739130434784,0.12369892692249995,0.09212369498742565,0.3326258782201405,0.3452693388044632
7723,0.44776119402985076,0.46511627906976744,0.0909090909090909,0.15748031496062995,0.16417910447761191,0.23255813953488372,0.011823107244986853,0.009234157636407768,0.24351393472680605,0.28160710111247095
7724,0.57,0.5549738219895288,0.2222222222222222,0.2645502645502646,0.32,0.3979057591623037,0.07995881487078635,0.15229469191805659,0.33955375253549697,0.3423312883435583
7725,0.46341463414634154,0.7037037037037038,0.375,0.5769230769230769,0.3902439024390244,0.5925925925925926,0.15672901721756832,0.3222103720746864,0.6818181818181819,0.8156086387434555
7726,0.5913043478260869,0.5142857142857143,0.3716814159292035,0.2912621359223301,0.382608695652174,0.32380952380952377,0.17767869260532032,0.1533030241415303,0.49153240100170376,0.43841030613517384
7727,0.3255813953488372,0.3555555555555555,0.1259842519685039,0.04545454545454545,0.17054263565891473,0.15555555555555556,0.006562920880864128,0.011662213550423645,0.1839080459770115,0.17721518987341772
7728,0.628930817610063,0.5736434108527132,0.43312101910828027,0.3779527559055118,0.3270440251572327,0.44961240310077516,0.2702431507054804,0.2807189813577173,0.5669306857057862,0.4885820867890995
7729,0.3619047619047619,0.3578947368421052,0.13592233009708737,0.21505376344086025,0.22857142857142854,0.29473684210526313,0.020472241571103656,0.10099544171435354,0.22833959227467815,0.29386821546052627
7730,0.4403669724770642,0.4,0.07476635514018691,0.0963855421686747,0.2201834862385321,0.25882352941176473,0.012525890344586565,0.07234571428027047,0.2709704100219323,0.25454313858695654
7731,0.4444444444444445,0.4067796610169491,0.12903225806451615,0.15517241379310345,0.23809523809523808,0.18644067796610167,0.026671849956202635,0.029259567957522537,0.26816911250873515,0.23573393681221158
7732,0.31858407079646023,0.2692307692307692,0.1081081081081081,0.0784313725490196,0.1769911504424779,0.1346153846153846,0.023189619738692782,0.009614428458751706,0.2584935686858511,0.18339307048984468
7733,0.4166666666666667,0.4799999999999999,0.12765957446808512,0.136986301369863,0.20833333333333334,0.26666666666666666,0.029636174392139614,0.01864732050648575,0.3242988191085077,0.289119170984456
7734,0.49382716049382713,0.5194805194805194,0.2278481012658228,0.4,0.34567901234567905,0.5194805194805194,0.1372049565877585,0.29587548018033427,0.36342208709538726,0.452017706259831
7735,0.5132743362831858,0.5106382978723405,0.3243243243243243,0.23913043478260873,0.35398230088495575,0.3404255319148936,0.22571090590515114,0.12356615100322026,0.4376129500294045,0.3360522708462653
7736,0.4970414201183432,0.547945205479452,0.16766467065868262,0.18055555555555555,0.3313609467455621,0.35616438356164387,0.08324315537058004,0.09274993789009547,0.3361127315534473,0.3309616213885295
7737,0.5166666666666667,0.4528301886792453,0.22033898305084743,0.17307692307692307,0.30000000000000004,0.3396226415094339,0.031157552148439335,0.06277195926461045,0.34348033182440846,0.21474261346329576
7738,0.5153374233128833,0.44,0.24844720496894407,0.2027027027027027,0.28220858895705525,0.27999999999999997,0.160046375273575,0.1218417435047963,0.4194098121761658,0.3362573099415205
7739,0.49090909090909096,0.5591397849462366,0.33333333333333337,0.4175824175824176,0.4545454545454546,0.47311827956989244,0.15151598252007897,0.21514934474699934,0.43286672447661356,0.4132461998229044
7740,0.5633802816901409,0.5109489051094891,0.42857142857142855,0.39999999999999997,0.3380281690140845,0.4817518248175182,0.37069868069260803,0.33138861640231476,0.42371648889931884,0.4743807252122108
7741,0.3157894736842105,0.5194805194805195,0.04301075268817204,0.24,0.23157894736842102,0.4155844155844156,0.013350097003610487,0.1277823110790415,0.25421552205471803,0.38145085904006704
7742,0.5985401459854013,0.4587155963302752,0.4,0.2429906542056075,0.5693430656934305,0.3669724770642202,0.19048004471198968,0.06985857267725828,0.4007128605466555,0.24077278764597923
7743,0.44961240310077516,0.5151515151515151,0.17322834645669294,0.1846153846153846,0.3565891472868217,0.40909090909090906,0.08635976416497544,0.09675318442320932,0.3984084559138526,0.4784237744732747
7744,0.4883720930232558,0.38461538461538464,0.1764705882352941,0.14285714285714285,0.2790697674418605,0.2564102564102564,0.03273461574721839,0.06059400329098165,0.36781180489676996,0.2655572175096061
7745,0.25263157894736843,0.4383561643835616,0.043010752688172046,0.11267605633802816,0.1473684210526316,0.273972602739726,0.008857142003056269,0.033695643353416654,0.2144904715762274,0.3625072561919505
7746,0.5822784810126581,0.5681818181818181,0.4675324675324676,0.41860465116279066,0.379746835443038,0.3409090909090909,0.2428093818797127,0.2707464789894192,0.4002621342803991,0.5124408892031644
7747,0.45859872611464964,0.384,0.1806451612903226,0.11382113821138211,0.29299363057324834,0.24,0.06405347140650493,0.02353993314647165,0.39316239316239315,0.21722627737226274
7748,0.45161290322580644,0.5306122448979592,0.26143790849673204,0.30344827586206896,0.4,0.326530612244898,0.16765785275301098,0.16737153980425232,0.2479419729374308,0.2793765652718355
7749,0.5040650406504066,0.40707964601769914,0.2644628099173554,0.14414414414414414,0.3577235772357723,0.21238938053097345,0.10262434937825954,0.1001031152427199,0.3510701545778835,0.2866838141869906
7750,0.4263959390862944,0.3673469387755102,0.14358974358974358,0.11340206185567009,0.2131979695431472,0.2040816326530612,0.08443517988629516,0.010551917644820604,0.2577006238170043,0.18551787177110976
7751,0.42553191489361697,0.4137931034482758,0.2446043165467626,0.2456140350877193,0.3404255319148936,0.27586206896551724,0.12841032526122467,0.10676196248444665,0.42522154055896394,0.2738990332975295
7752,0.2772277227722772,0.4931506849315069,0.12121212121212123,0.2535211267605634,0.21782178217821785,0.273972602739726,0.03038612542101243,0.061914227639741345,0.31431296712486284,0.4029561543411959
7753,0.3934426229508197,0.29999999999999993,0.16666666666666666,0.1282051282051282,0.16393442622950818,0.19999999999999998,0.030122895080543253,0.013471000477764698,0.28480088995115177,0.13696120689655175
7754,0.4507042253521127,0.48571428571428565,0.17391304347826086,0.32352941176470584,0.2816901408450704,0.4000000000000001,0.016916722834543877,0.22930805220097056,0.2823093513244484,0.3993055555555556
7755,0.4657534246575342,0.4615384615384615,0.2777777777777778,0.234375,0.24657534246575347,0.2769230769230769,0.09395274888052114,0.09622626361609982,0.4028657593645803,0.3704090508509494
7756,0.527027027027027,0.5390070921985816,0.273972602739726,0.2014388489208633,0.3648648648648648,0.3404255319148936,0.21830539700207938,0.15180093473288714,0.42518043160669483,0.3361480152457982
7757,0.5471698113207547,0.4897959183673469,0.23076923076923075,0.22916666666666666,0.30188679245283023,0.30612244897959184,0.0853485942200796,0.09243245602959411,0.37916680607135284,0.348960552100196
7758,0.49473684210526314,0.38888888888888884,0.2765957446808511,0.11235955056179775,0.37894736842105264,0.19999999999999998,0.13988870527640293,0.0379776384623174,0.29610531616029495,0.21664905696396355
7759,0.3508771929824561,0.24074074074074076,0.125,0.03773584905660377,0.2105263157894737,0.12962962962962962,0.08018682216365952,0.01752576855708988,0.3510264661288569,0.2088167053364269
7760,0.47560975609756095,0.441717791411043,0.18518518518518517,0.14906832298136646,0.32926829268292684,0.25766871165644173,0.08071322794083648,0.07126201870661202,0.2520525451559934,0.2881571578152774
7761,0.5180722891566264,0.6176470588235295,0.24390243902439024,0.3582089552238806,0.3493975903614458,0.44117647058823534,0.12411999679284505,0.133576149004442,0.3844602397906553,0.3914248145017376
7762,0.7478260869565216,0.6341463414634146,0.47787610619469023,0.4132231404958678,0.3826086956521739,0.2764227642276422,0.2384279489365085,0.18922882911717995,0.5959102688694526,0.5215830246963497
7763,0.4871794871794872,0.5,0.1948051948051948,0.2328767123287671,0.3461538461538462,0.3648648648648649,0.11152753221294101,0.08214081381726028,0.42130484737632895,0.45430468972823207
7764,0.3622047244094488,0.2682926829268293,0.06399999999999999,0.0,0.1732283464566929,0.1951219512195122,0.009876924276936249,0.006662119853502498,0.23670050030594247,0.11930585683297179
7765,0.5324675324675324,0.6198830409356725,0.3421052631578948,0.4615384615384615,0.3766233766233766,0.49122807017543857,0.1818867158144956,0.3035419663611987,0.36856656173717217,0.5020372526193249
7766,0.5298013245033113,0.4657534246575343,0.2818791946308725,0.16666666666666666,0.31788079470198677,0.2602739726027397,0.12223463656741711,0.028218913112687476,0.37213074924467304,0.1854389715069701
7767,0.5513513513513514,0.5189873417721519,0.3715846994535519,0.38461538461538464,0.46486486486486484,0.4177215189873418,0.3179691417203339,0.22996393686775266,0.3840621179757922,0.32087947286537927
7768,0.47328244274809156,0.509433962264151,0.21705426356589147,0.21153846153846154,0.32061068702290074,0.3773584905660377,0.03490547028720251,0.03241875665133276,0.3025607312797395,0.2624048098949555
7769,0.4933333333333333,0.4626865671641791,0.22972972972972974,0.24242424242424243,0.2933333333333334,0.373134328358209,0.1321806401689754,0.1316165897791002,0.4102795533459596,0.3608064680677413
7770,0.455026455026455,0.5287356321839081,0.3315508021390374,0.37209302325581395,0.4232804232804233,0.4827586206896552,0.2860956234097458,0.3320103318036507,0.38923537878033543,0.4243170024227673
7771,0.536231884057971,0.6015037593984962,0.2647058823529412,0.3053435114503817,0.391304347826087,0.46616541353383456,0.16416074611296308,0.17465649424676816,0.34481619921076734,0.3956302228412256
7772,0.2941176470588235,0.46601941747572817,0.08955223880597016,0.21782178217821782,0.1764705882352941,0.36893203883495146,0.009582126347198017,0.07671888810667835,0.19998308811094204,0.32424443506062617
7773,0.7671232876712328,0.7538461538461538,0.6527777777777777,0.6875,0.6164383561643835,0.7076923076923077,0.42028994311989165,0.5467003647630306,0.7464746317512274,0.6794576063244779
7774,0.37383177570093457,0.4090909090909091,0.0761904761904762,0.13953488372093023,0.24299065420560748,0.2727272727272727,0.016075475828140333,0.019603902622790142,0.22990181782832705,0.2220007657140284
7775,0.54,0.3516483516483516,0.2653061224489796,0.06741573033707866,0.38,0.24175824175824176,0.09235073018994402,0.01047026546355952,0.2725754984987815,0.11517763654515793
7776,0.36809815950920244,0.30303030303030304,0.13664596273291926,0.10769230769230768,0.22085889570552147,0.19696969696969696,0.027236911124455858,0.025764597879557514,0.2309228749118085,0.16946666666666665
7777,0.706896551724138,0.5510204081632653,0.5964912280701754,0.4375,0.706896551724138,0.5306122448979592,0.39684185103148134,0.3239593913355709,0.610977393517104,0.3800822429906542
7778,0.3728813559322034,0.4444444444444445,0.017241379310344827,0.04545454545454545,0.13559322033898305,0.24444444444444444,0.009651036116391724,0.01414742431523237,0.22215465950501867,0.1676528599605523
7779,0.31343283582089554,0.37209302325581395,0.13636363636363635,0.1732283464566929,0.19402985074626863,0.24806201550387597,0.04652190717013705,0.07163964309718585,0.34585949764521196,0.4254917923456552
7780,0.34567901234567905,0.39393939393939387,0.1518987341772152,0.09375,0.17283950617283952,0.1515151515151515,0.07451835561685542,0.042408166168451535,0.2988517892364046,0.28143261420853394
7781,0.46031746031746035,0.3243243243243243,0.33870967741935487,0.2568807339449541,0.4285714285714286,0.3243243243243243,0.23941335553610385,0.17090930938668203,0.35803508334372536,0.2217567301012838
7782,0.5212765957446809,0.4910179640718563,0.2043010752688172,0.2303030303030303,0.32978723404255317,0.34730538922155685,0.10581521755585431,0.14589117906041865,0.3507180375756366,0.3160000361532602
7783,0.3148148148148148,0.32989690721649484,0.07547169811320754,0.0631578947368421,0.2037037037037037,0.2061855670103093,0.021904980784680884,0.022479153118513083,0.2385790358744394,0.19255523310241526
7784,0.5212121212121212,0.6601941747572816,0.29447852760736193,0.45544554455445546,0.42424242424242425,0.6407766990291262,0.1592915171466922,0.17339533424813985,0.4509836572315577,0.41502917708705495
7785,0.5052631578947369,0.43930635838150295,0.3085106382978723,0.28070175438596495,0.3789473684210526,0.3699421965317919,0.26182503138015123,0.26495167783857765,0.4357149817197076,0.3655727593509769
7786,0.45398773006134974,0.5211267605633804,0.19875776397515527,0.2571428571428571,0.28220858895705525,0.38028169014084506,0.1037876834400053,0.1310798719336403,0.42547587842476436,0.454706594104507
7787,0.39160839160839156,0.3384615384615384,0.19858156028368792,0.21874999999999997,0.20979020979020982,0.30769230769230765,0.09373269656316932,0.13011114071322605,0.29160788413328326,0.26105263157894737
7788,0.6971428571428572,0.619718309859155,0.4971098265895954,0.45714285714285713,0.5028571428571429,0.3943661971830986,0.421257678911132,0.3780044850097228,0.6178654046780266,0.45534127658635115
7789,0.7439024390243901,0.6046511627906976,0.5679012345679012,0.4117647058823529,0.6585365853658537,0.5116279069767441,0.3747906073338161,0.2801577872662887,0.7676179440690833,0.5705603143105012
7790,0.46896551724137925,0.5423728813559321,0.2097902097902098,0.3103448275862069,0.3448275862068966,0.4576271186440678,0.09058835527632829,0.14049200522480199,0.43018910513643654,0.3922212804138487
7791,0.6823529411764707,0.64,0.6024096385542168,0.5306122448979591,0.6823529411764707,0.52,0.27372830066436715,0.20799729876996648,0.476923132683832,0.37692674955264094
7792,0.46616541353383456,0.547008547008547,0.3053435114503817,0.38260869565217387,0.37593984962406013,0.4615384615384615,0.17078265056154565,0.22021495971021482,0.40947209450961797,0.4212132298360587
7793,0.3333333333333333,0.4230769230769231,0.1016949152542373,0.19607843137254902,0.19999999999999998,0.34615384615384615,0.047744421637027294,0.07538699324562638,0.2270777063020831,0.33938172043010756
7794,0.5333333333333332,0.5591397849462365,0.24719101123595502,0.33695652173913043,0.3111111111111111,0.40860215053763443,0.17118976149081544,0.23689475182965092,0.35205873850463437,0.43010767004855366
7795,0.34862385321100914,0.4222222222222223,0.09345794392523364,0.15909090909090912,0.29357798165137616,0.3555555555555555,0.05355731763454252,0.06501273190243484,0.2577796273177047,0.2548062150138275
7796,0.42622950819672134,0.3614457831325301,0.13333333333333333,0.1234567901234568,0.26229508196721313,0.26506024096385544,0.013449322653372956,0.013835363387955078,0.29693692586561793,0.22275449101796405
7797,0.5225225225225225,0.5932203389830508,0.3486238532110092,0.3275862068965517,0.45045045045045046,0.45762711864406785,0.24634642423714773,0.19717911201296434,0.39734632584808666,0.4773156899810964
7798,0.33663366336633666,0.24324324324324323,0.14141414141414144,0.08333333333333334,0.25742574257425743,0.2162162162162162,0.03294821718612273,0.01339956728996396,0.2580945415863306,0.10225153210764722
7799,0.4033613445378151,0.39215686274509803,0.2564102564102564,0.08,0.2857142857142857,0.17647058823529413,0.2347469537739939,0.012812441985736648,0.3330460509390275,0.21379400027633516
7800,0.42748091603053434,0.5528455284552846,0.21705426356589147,0.21487603305785125,0.30534351145038174,0.34146341463414637,0.07652593079250605,0.09775732366013794,0.3835295420157213,0.28063235294117644
7801,0.34782608695652173,0.17647058823529407,0.13333333333333333,0.030303030303030307,0.17391304347826086,0.08823529411764704,0.012066689414595974,0.0107801449228252,0.3094140882159315,0.13006993006993006
7802,0.4583333333333333,0.5225225225225224,0.2112676056338028,0.3119266055045872,0.34722222222222227,0.4144144144144145,0.15307553056405676,0.17665118143675046,0.3709376783675799,0.31576388888888884
7803,0.20134228187919462,0.2463768115942029,0.013605442176870746,0.04411764705882353,0.1208053691275168,0.2028985507246377,0.006094621805577547,0.03645372713977007,0.1604004004004004,0.22376680474726168
7804,0.5977011494252873,0.4074074074074074,0.313953488372093,0.2125,0.36781609195402293,0.345679012345679,0.16338753185117624,0.10099890609791799,0.42697087378640775,0.2507008228692217
7805,0.34375,0.2545454545454545,0.11111111111111112,0.018518518518518517,0.234375,0.14545454545454548,0.022202573611681105,0.011439974352044208,0.2393596986817326,0.1537538784502347
7806,0.34285714285714286,0.36363636363636365,0.09708737864077668,0.09302325581395349,0.15238095238095237,0.1590909090909091,0.024026450944373424,0.033291935810042396,0.2601398601398601,0.23038321167883213
7807,0.2222222222222222,0.20618556701030927,0.034782608695652174,0.042105263157894736,0.13675213675213674,0.14432989690721648,0.01657175810246596,0.022067713602073297,0.22050199390100864,0.17971014492753623
7808,0.4857142857142857,0.4923076923076923,0.20289855072463767,0.203125,0.3142857142857143,0.35384615384615387,0.1262055469421263,0.11461533433614947,0.2712683547230894,0.32059314954051804
7809,0.2931034482758621,0.25925925925925924,0.10526315789473684,0.056603773584905655,0.20689655172413793,0.18518518518518515,0.010072197021467633,0.010959611470090962,0.21865137807700402,0.1650120076254611
7810,0.4897959183673469,0.4468085106382979,0.2708333333333333,0.21739130434782608,0.3673469387755102,0.3404255319148936,0.14610534486579724,0.09848356600914203,0.45529000074454623,0.3374149659863946
7811,0.38461538461538464,0.35211267605633806,0.171875,0.0857142857142857,0.2769230769230769,0.22535211267605634,0.11670506123128309,0.010026964123698476,0.2315824169714588,0.2562586975661015
7812,0.6333333333333332,0.33707865168539325,0.33898305084745767,0.09195402298850575,0.5,0.2247191011235955,0.23266541684590059,0.013183330060000845,0.5645281316946669,0.18421692607003892
7813,0.3333333333333333,0.3653846153846153,0.06451612903225805,0.09803921568627452,0.2222222222222222,0.23076923076923078,0.010528355198356182,0.02341565884473766,0.25448218262806244,0.3362789850831675
7814,0.2631578947368421,0.34146341463414637,0.053571428571428575,0.075,0.1929824561403509,0.24390243902439027,0.011427015724517037,0.009618754602387728,0.15037593984962408,0.14756944444444445
7815,0.5,0.4878048780487805,0.1940298507462687,0.19834710743801653,0.23529411764705882,0.2764227642276423,0.12356149364903318,0.06344547330140043,0.2603048814044357,0.273780367900749
7816,0.40522875816993464,0.46511627906976744,0.15894039735099338,0.15748031496062992,0.27450980392156865,0.2015503875968992,0.02425909054097347,0.02436093878770144,0.29170973451327437,0.3046506469500924
7817,0.2758620689655172,0.41269841269841273,0.07058823529411765,0.1639344262295082,0.22988505747126436,0.38095238095238093,0.010875623584297113,0.11610083023532244,0.2786855482933914,0.40889212827988336
7818,0.2127659574468085,0.3157894736842105,0.0,0.13513513513513511,0.12765957446808512,0.2631578947368421,0.00572914229501893,0.015892326135106844,0.09111617312072892,0.15059241706161136
7819,0.4791666666666667,0.4077669902912622,0.2553191489361702,0.1386138613861386,0.4166666666666667,0.27184466019417475,0.15771454447761482,0.05464799279980952,0.4655456314555162,0.3662517104428795
7820,0.3870967741935484,0.380952380952381,0.08196721311475409,0.09655172413793105,0.1935483870967742,0.21768707482993196,0.021698704173739904,0.018122119348619566,0.19305019305019303,0.30352854511970534
7821,0.4968152866242038,0.4225352112676056,0.15483870967741936,0.11428571428571428,0.2802547770700637,0.22535211267605634,0.024761190128424117,0.029540295516057635,0.3222772277227723,0.24855565868411622
7822,0.46808510638297873,0.4358974358974359,0.17266187050359713,0.16883116883116883,0.2411347517730496,0.2435897435897436,0.05604596034423278,0.05466476243504327,0.2764142991719966,0.2363705967314841
7823,0.3850931677018633,0.5588235294117648,0.2138364779874214,0.3283582089552239,0.3105590062111801,0.4411764705882353,0.1334315383534103,0.2333309419729947,0.2972163535017532,0.43807098700312264
7824,0.5178571428571428,0.5869565217391304,0.34545454545454546,0.33333333333333326,0.4821428571428572,0.4565217391304348,0.21681146205885407,0.19693139438856508,0.44168814019973596,0.441953488372093
7825,0.5035971223021583,0.5,0.26277372262773724,0.16363636363636366,0.3453237410071942,0.2857142857142857,0.04167851919820572,0.07880368204120286,0.4437454835767863,0.2928644738530164
7826,0.3758389261744966,0.3548387096774193,0.09523809523809525,0.09836065573770493,0.17449664429530198,0.2096774193548387,0.020809701464380586,0.015134287671907443,0.23947252841426445,0.1796875
7827,0.2413793103448276,0.3555555555555556,0.05263157894736842,0.1590909090909091,0.15517241379310345,0.24444444444444446,0.018007796711568033,0.10663135316463938,0.16666666666666669,0.33499903395218944
7828,0.4390243902439024,0.45652173913043476,0.1818181818181818,0.15555555555555556,0.22764227642276424,0.23913043478260868,0.02905652494201042,0.03386658327212558,0.3052148148148148,0.2974451268763112
7829,0.3333333333333333,0.3548387096774194,0.14084507042253522,0.1639344262295082,0.23611111111111108,0.25806451612903225,0.04382590929829649,0.058526141948059135,0.2864449924745147,0.3116782103040854
7830,0.45454545454545453,0.6982758620689655,0.22448979591836735,0.5304347826086956,0.23232323232323232,0.6379310344827587,0.08751001924113637,0.3627667707328807,0.24743532154087097,0.5479510687521558
7831,0.29411764705882354,0.2564102564102564,0.060000000000000005,0.02631578947368421,0.2156862745098039,0.17948717948717952,0.021530398627461533,0.01210698321212417,0.2467750677506775,0.11658031088082901
7832,0.2903225806451613,0.4915254237288135,0.11475409836065574,0.2068965517241379,0.20967741935483875,0.3898305084745763,0.05078384577581542,0.09536596874657827,0.20477064220183488,0.3136667831175353
7833,0.44247787610619466,0.4657534246575342,0.16216216216216217,0.22535211267605634,0.33628318584070793,0.24657534246575344,0.09622626361609982,0.15714737739693016,0.47621545667447307,0.31578853494096243
7834,0.49523809523809526,0.3333333333333333,0.17475728155339806,0.0,0.2285714285714286,0.12499999999999997,0.09004417958655743,0.006066364031724584,0.35094339622641507,0.13435700575815737
7835,0.40875912408759124,0.4173913043478261,0.17777777777777778,0.12389380530973451,0.26277372262773724,0.20869565217391306,0.0975888848287716,0.012862957928934236,0.2750928745140844,0.22248530561092128
7836,0.4819277108433735,0.36871508379888274,0.25609756097560976,0.1807909604519774,0.3132530120481927,0.2681564245810056,0.13003383204200042,0.08243676425929997,0.3477024787926566,0.3412860263409708
7837,0.3689320388349515,0.3209876543209876,0.099009900990099,0.10126582278481013,0.2912621359223301,0.24691358024691357,0.006170031539043551,0.026144941183499807,0.18317329675354366,0.19065016138757845
7838,0.4233576642335766,0.3516483516483517,0.1333333333333333,0.15730337078651685,0.20437956204379562,0.26373626373626374,0.0798028036623451,0.04471394449589701,0.3177664594412403,0.1806574418523798
7839,0.5747126436781609,0.40540540540540543,0.32941176470588235,0.25,0.4597701149425287,0.35135135135135126,0.13409300659770987,0.10252671801727671,0.5575801749271138,0.3651698573573573
7840,0.5172413793103449,0.524822695035461,0.186046511627907,0.2158273381294964,0.3563218390804598,0.3404255319148936,0.03457247757618544,0.06848860729115529,0.36029055690072637,0.3252643217149743
7841,0.5190839694656488,0.5391304347826087,0.2325581395348837,0.24778761061946908,0.27480916030534347,0.2956521739130435,0.11921021048979318,0.1407372335518817,0.5413923518700099,0.5075473729543497
7842,0.4958677685950412,0.18367346938775508,0.11764705882352941,0.0,0.34710743801652894,0.10204081632653061,0.03178451882791707,0.005484236895303142,0.3356038030367533,0.09
7843,0.5153374233128836,0.4777777777777778,0.39751552795031053,0.32584269662921345,0.4662576687116564,0.35555555555555557,0.296863617967079,0.22043679780531653,0.44481595793324186,0.4620717592777183
7844,0.5263157894736842,0.6804123711340205,0.3511450381679389,0.5052631578947369,0.4360902255639098,0.6185567010309277,0.1979515489963992,0.43119142455518117,0.5752341226579271,0.6430318277813635
7845,0.646341463414634,0.5294117647058824,0.35802469135802467,0.23880597014925375,0.4878048780487805,0.3088235294117648,0.1840507461528192,0.030702066096006685,0.4250860057732611,0.27309950556242274
7846,0.3007518796992481,0.2682926829268293,0.1068702290076336,0.025,0.21052631578947367,0.17073170731707316,0.019281061108760954,0.006662119853502498,0.1775147928994083,0.10845986984815618
7847,0.34939759036144585,0.3096774193548387,0.12195121951219512,0.09150326797385622,0.20481927710843373,0.1935483870967742,0.04786911051975853,0.04531107794635388,0.2544812014617738,0.16273365496949507
7848,0.45283018867924524,0.44155844155844154,0.21153846153846156,0.21333333333333332,0.33962264150943394,0.3376623376623376,0.056805356493420965,0.08645284252032408,0.41173212916418156,0.37326993384401114
7849,0.5777777777777778,0.8495575221238938,0.49624060150375937,0.7387387387387387,0.5777777777777778,0.8495575221238938,0.3938140746844453,0.5868853130025873,0.5836594887102015,0.7644562222642857
7850,0.536231884057971,0.5479452054794521,0.3823529411764706,0.3611111111111111,0.43478260869565216,0.4383561643835616,0.25104232890780553,0.2337782289620538,0.5028831614052531,0.5262201148599519
7851,0.39766081871345027,0.3602484472049689,0.15384615384615385,0.06289308176100628,0.21052631578947364,0.2111801242236025,0.021298668832422762,0.02074251223999023,0.259348207021716,0.1722467082327533
7852,0.2608695652173913,0.5116279069767442,0.07079646017699115,0.2619047619047619,0.17391304347826086,0.4186046511627907,0.020997897691522736,0.17244345313619183,0.24092560442386832,0.37378016765339567
7853,0.5671641791044776,0.5396825396825397,0.2727272727272727,0.3064516129032258,0.49253731343283585,0.4920634920634921,0.11762576160973984,0.10528967012907031,0.3939195007032725,0.3682453714230335
7854,0.5045045045045045,0.3673469387755102,0.1834862385321101,0.14583333333333334,0.3603603603603604,0.32653061224489793,0.10470722527339897,0.07705605905704288,0.2684967535136024,0.19823978071011078
7855,0.4938271604938272,0.4551724137931034,0.23750000000000002,0.15384615384615385,0.308641975308642,0.22068965517241382,0.13124263852009097,0.03155474266571392,0.33864859684296145,0.301614119620536
7856,0.3636363636363636,0.31496062992125984,0.15602836879432624,0.12799999999999997,0.2517482517482518,0.23622047244094488,0.03448064491820963,0.04144564513131685,0.25727547888212715,0.23940799646565059
7857,0.4950495049504951,0.6262626262626263,0.14141414141414144,0.2061855670103093,0.23762376237623764,0.2626262626262626,0.06455741770113745,0.0718719172721611,0.270440709209537,0.35593702060048216
7858,0.6021505376344087,0.6164383561643836,0.3804347826086957,0.4166666666666667,0.27956989247311825,0.452054794520548,0.2628431529647086,0.26275494783591385,0.5163165298944901,0.47387072404316744
7859,0.5806451612903225,0.5504587155963302,0.24590163934426232,0.24299065420560748,0.30645161290322576,0.2935779816513761,0.10199067687937755,0.0949760674841946,0.402736301132023,0.36567558057705846
7860,0.5633802816901409,0.44247787610619466,0.3285714285714285,0.16216216216216217,0.4225352112676056,0.2831858407079646,0.16634794735295863,0.05662646677382926,0.4154325705823341,0.24632543780564436
7861,0.3673469387755102,0.5046728971962616,0.19310344827586204,0.1904761904761905,0.2585034013605442,0.37383177570093457,0.1026101432437969,0.13988249108811637,0.32960667691900314,0.3097936591610813
7862,0.4210526315789474,0.3440860215053763,0.03571428571428571,0.0,0.22807017543859648,0.21505376344086022,0.01148425106322428,0.005763395629364511,0.21314387211367672,0.15682656826568261
7863,0.31707317073170727,0.34285714285714286,0.075,0.058823529411764705,0.21951219512195125,0.14285714285714285,0.016936921942561224,0.006760248928851019,0.155,0.11363636363636363
7864,0.6,0.4380952380952381,0.2962962962962963,0.19417475728155342,0.5272727272727272,0.34285714285714286,0.1371236085874317,0.1187916728190359,0.38587883509865445,0.33014986876283475
7865,0.32142857142857145,0.2553191489361702,0.09090909090909091,0.02173913043478261,0.19642857142857142,0.0851063829787234,0.02057650517640134,0.006347066088731551,0.21798632136678203,0.12096774193548386
7866,0.411764705882353,0.4333333333333333,0.08955223880597014,0.1864406779661017,0.22058823529411764,0.30000000000000004,0.026783462046246417,0.07602962110050422,0.21881596362372893,0.3095674385029707
7867,0.41059602649006627,0.6547619047619048,0.174496644295302,0.46987951807228917,0.31788079470198677,0.4523809523809524,0.12262630905017481,0.4046929018075826,0.24951980792316927,0.5415598669320755
7868,0.348993288590604,0.297029702970297,0.13605442176870747,0.12121212121212119,0.24161073825503357,0.13861386138613863,0.0494989683820395,0.04035656236446351,0.25198433235455947,0.2164387519260401
7869,0.42176870748299317,0.35526315789473684,0.13793103448275862,0.14666666666666664,0.27210884353741494,0.2631578947368421,0.020835794448174648,0.062193129773192905,0.34113286713286717,0.31275575293664554
7870,0.4761904761904762,0.3736263736263737,0.21359223300970875,0.13483146067415733,0.28571428571428564,0.21978021978021978,0.04443557535476405,0.026199928557886182,0.36145133801383794,0.18947149396587595
7871,0.4516129032258065,0.35643564356435636,0.13114754098360656,0.020202020202020204,0.3064516129032258,0.19801980198019803,0.06308460803182073,0.011653898241358245,0.2859872954349698,0.17171717171717174
7872,0.456140350877193,0.36734693877551017,0.24778761061946902,0.24742268041237114,0.28947368421052627,0.28571428571428575,0.10214656158961942,0.062249545771289425,0.24384559359067734,0.20490698988627884
7873,0.46464646464646464,0.5333333333333333,0.32989690721649484,0.4090909090909091,0.3838383838383838,0.4888888888888889,0.2563865958482954,0.3019558336524211,0.39633535142937326,0.4176335419897445
7874,0.5087719298245614,0.2077922077922078,0.26785714285714285,0.026666666666666665,0.4035087719298245,0.15584415584415584,0.14262658772446557,0.013213566173421096,0.5931718481785238,0.10961153956012568
7875,0.32558139534883723,0.3793103448275862,0.09523809523809523,0.14285714285714288,0.25581395348837205,0.27586206896551724,0.062023102474514306,0.038826119307114604,0.20891364902506962,0.19084084084084083
7876,0.54,0.5757575757575757,0.22448979591836735,0.3125,0.33999999999999997,0.27272727272727276,0.025039910616810573,0.04372263168818834,0.35535256410256416,0.33826466916354564
7877,0.2992125984251969,0.25999999999999995,0.08,0.061224489795918366,0.1889763779527559,0.13999999999999999,0.012356348345219915,0.014601932548994882,0.17495395948434622,0.1264591439688716
7878,0.5309734513274337,0.46808510638297873,0.3063063063063063,0.3043478260869565,0.3893805309734513,0.4042553191489362,0.10655893794246038,0.17395797375642233,0.5514810090702946,0.47846555077503394
7879,0.36231884057971014,0.4087591240875913,0.08823529411764705,0.2074074074074074,0.14492753623188406,0.2773722627737226,0.027947899144439927,0.11268593785161332,0.2723095975232198,0.315262015503876
7880,0.5485714285714285,0.4999999999999999,0.16184971098265896,0.1728395061728395,0.3542857142857143,0.3536585365853659,0.03801163715356052,0.0385034481711888,0.26192404833230976,0.2625547361567355
7881,0.6612903225806451,0.5081967213114754,0.49180327868852464,0.30000000000000004,0.6290322580645161,0.3934426229508197,0.353659163631002,0.18540273381932287,0.6352050001565483,0.4126178233103134
7882,0.2978723404255319,0.35,0.06521739130434784,0.07692307692307691,0.14893617021276595,0.175,0.009760395370568378,0.013136602547521059,0.1411764705882353,0.13381995133819952
7883,0.6213592233009708,0.7472527472527473,0.33663366336633654,0.4943820224719101,0.5631067961165049,0.6373626373626373,0.15681672658720186,0.33554533098714223,0.3721614035940366,0.4977553961184224
7884,0.2975206611570248,0.5294117647058824,0.033613445378151266,0.18,0.1818181818181818,0.39215686274509803,0.00882852844833286,0.08297605407200388,0.16569200779727095,0.3884411344623547
7885,0.5786802030456852,0.5238095238095238,0.317948717948718,0.2692307692307692,0.3045685279187817,0.3904761904761905,0.1656204513041343,0.17716913270970236,0.32996088175023064,0.33460317703897513
7886,0.3432835820895522,0.23655913978494622,0.10606060606060606,0.04395604395604396,0.2388059701492537,0.2150537634408602,0.050979212745894675,0.0137502039388798,0.29709673701886674,0.149299317283507
7887,0.40336134453781514,0.3238095238095238,0.20512820512820515,0.13592233009708737,0.25210084033613445,0.20952380952380953,0.034981782651008764,0.024165196107975555,0.3813003227751569,0.25962271341463417
7888,0.4867724867724868,0.4563758389261745,0.18181818181818182,0.12244897959183672,0.2433862433862434,0.24161073825503357,0.037860297832163034,0.018806016676908628,0.3045895026374216,0.2283233532934132
7889,0.6206896551724138,0.6086956521739131,0.49751243781094534,0.4585365853658537,0.5320197044334977,0.5120772946859903,0.3575027002396066,0.35679534612316144,0.4560501414010149,0.44764556886691903
7890,0.5174825174825175,0.5739130434782608,0.3829787234042554,0.4247787610619469,0.3916083916083916,0.5043478260869565,0.1929551344431911,0.25703532661983486,0.556182917611489,0.5476364522417154
7891,0.5165562913907285,0.578125,0.24161073825503354,0.28571428571428575,0.4105960264900662,0.5,0.16149667158045988,0.20330634432329145,0.46155279891228224,0.4482068858077582
7892,0.44878048780487806,0.5698924731182795,0.2660098522167488,0.32608695652173914,0.3219512195121951,0.39784946236559143,0.19456855121746192,0.13775839485853678,0.29853512431958906,0.3769634883110061
7893,0.40601503759398494,0.5043478260869565,0.18320610687022898,0.21238938053097345,0.2556390977443609,0.24347826086956523,0.022370506901059423,0.09648154986811164,0.1912568306010929,0.2994547373358349
7894,0.4040404040404041,0.38805970149253727,0.18556701030927833,0.0923076923076923,0.26262626262626265,0.17910447761194032,0.104853420736428,0.019362568066998882,0.4743238424603,0.23954431960049938
7895,0.5629629629629629,0.7286821705426356,0.3458646616541354,0.4251968503937008,0.4888888888888889,0.5426356589147286,0.19900135235677974,0.20340999206165603,0.4212325042218851,0.49710677704976236
7896,0.42519685039370075,0.4065040650406504,0.17600000000000002,0.1652892561983471,0.28346456692913385,0.30894308943089427,0.0997106456953609,0.11679307099577098,0.31091853272913705,0.30943627450980393
7897,0.3333333333333333,0.6067415730337078,0.03571428571428571,0.4827586206896552,0.1754385964912281,0.5393258426966293,0.010793740127764753,0.2745021601864242,0.17830026636130542,0.4286044663331249
7898,0.8333333333333333,0.8467153284671532,0.7999999999999999,0.8148148148148149,0.8333333333333333,0.8467153284671532,0.5239085206967277,0.6120687849286669,0.6509659685863876,0.7001585520104038
7899,0.19444444444444445,0.21875,0.08571428571428573,0.0967741935483871,0.16666666666666666,0.18750000000000003,0.05042285375605597,0.05992026878339571,0.24674524982406754,0.2555575801749271
7900,0.6010928961748634,0.6623376623376623,0.4198895027624309,0.5526315789473685,0.49180327868852464,0.5974025974025974,0.3393491290682838,0.4666728224794244,0.49044506264308174,0.6127016157848097
7901,0.4406779661016949,0.4615384615384615,0.12068965517241378,0.13725490196078433,0.3220338983050847,0.32692307692307687,0.01253418323225562,0.06017927993104011,0.36837053035757134,0.3306930420919536
7902,0.6623376623376623,0.5692307692307692,0.5657894736842105,0.421875,0.6493506493506493,0.5230769230769231,0.40981310645299596,0.372813441664383,0.7132892159131226,0.539975299159887
7903,0.6390532544378699,0.7132867132867132,0.5269461077844312,0.6382978723404256,0.5798816568047337,0.6993006993006994,0.39020046627492655,0.4621881454881031,0.5768429820907954,0.6037889256867838
7904,0.5254237288135593,0.4881889763779528,0.3448275862068966,0.35200000000000004,0.45762711864406774,0.4251968503937008,0.16379292176256516,0.18947539492036242,0.5314173755513548,0.5929183673469388
7905,0.3538461538461538,0.3859649122807018,0.171875,0.1607142857142857,0.26153846153846155,0.28070175438596495,0.09176292482492039,0.08069247468731579,0.21127393688753035,0.20808933933933935
7906,0.6197183098591549,0.8380952380952381,0.5857142857142857,0.7961165048543689,0.6197183098591549,0.8380952380952381,0.33876577012669035,0.5794677563521562,0.6884888419100066,0.7675317827640753
7907,0.5249999999999999,0.5546218487394957,0.379746835443038,0.358974358974359,0.37499999999999994,0.47058823529411764,0.22596389460522645,0.23222971551665866,0.5439730066691734,0.47956989247311826
7908,0.5806451612903226,0.3380281690140845,0.3736263736263736,0.2608695652173913,0.4946236559139785,0.3098591549295775,0.2633183485299536,0.09798441981538485,0.5249457700650758,0.22369614512471658
7909,0.5774647887323944,0.5901639344262294,0.31428571428571433,0.3166666666666667,0.39436619718309857,0.3442622950819672,0.22375127388458133,0.21669388444734827,0.4490514905149051,0.4352333764430144
7910,0.4696969696969697,0.5675675675675675,0.2153846153846154,0.3287671232876712,0.3636363636363636,0.5,0.12904959951877948,0.186915897811413,0.30261884302265807,0.5398574561403509
7911,0.2857142857142857,0.20689655172413796,0.06741573033707865,0.0,0.1758241758241758,0.16091954022988506,0.05477773434580897,0.005653171078511422,0.19434557921618303,0.09852216748768473
7912,0.4269662921348315,0.4734299516908213,0.09090909090909091,0.13658536585365855,0.1797752808988764,0.24154589371980678,0.016640813739412924,0.08765537895348811,0.17129304000677303,0.24626952241064093
7913,0.631578947368421,0.2608695652173913,0.49462365591397844,0.05970149253731344,0.631578947368421,0.1739130434782609,0.2802733661584046,0.007294524119116616,0.6472670157068062,0.05602240896358543
7914,0.375,0.3669724770642202,0.09859154929577464,0.056074766355140186,0.25,0.20183486238532108,0.024542186836157758,0.02060090817934675,0.22985894773277954,0.1796453564659572
7915,0.1864406779661017,0.1946902654867257,0.034482758620689655,0.03603603603603604,0.11864406779661017,0.1238938053097345,0.006655509553196782,0.0068046632863579745,0.18363017633800327,0.19941816816816818
7916,0.4539877300613497,0.38709677419354843,0.2360248447204969,0.11764705882352941,0.33128834355828224,0.25806451612903225,0.14741505388757592,0.08941837175857152,0.35030759155000907,0.231973507059688
7917,0.6371681415929205,0.7000000000000001,0.4324324324324324,0.4285714285714286,0.5840707964601769,0.6000000000000001,0.3134874591694574,0.32215561926258346,0.5926294452977316,0.5201098661762215
7918,0.4166666666666667,0.366412213740458,0.19718309859154926,0.24806201550387597,0.26388888888888884,0.3206106870229008,0.06763503253972071,0.04013415435961811,0.21080959856470058,0.15450111482720177
7919,0.5077720207253886,0.5810055865921788,0.19895287958115182,0.2937853107344633,0.227979274611399,0.3016759776536313,0.10952232906362001,0.14307959431782302,0.2344944588830661,0.2925140073666151
7920,0.5625,0.20512820512820512,0.2978723404255319,0.02631578947368421,0.4583333333333333,0.1794871794871795,0.1311278455837827,0.006191754918013744,0.45064203233256345,0.07228915662650602
7921,0.3728813559322034,0.23841059602649006,0.11428571428571428,0.09395973154362415,0.1807909604519774,0.13245033112582782,0.05119672606195386,0.023662839116695658,0.26276192129342624,0.17974259428535677
7922,0.5303867403314917,0.5759162303664922,0.3687150837988827,0.4656084656084656,0.33149171270718236,0.3350785340314136,0.31298170533735925,0.3731928027034653,0.4325274105418206,0.5323691460055097
7923,0.24000000000000002,0.22916666666666669,0.02040816326530612,0.02127659574468085,0.12000000000000001,0.10416666666666667,0.0049453608018383164,0.005510788236970715,0.13095238095238096,0.13285024154589375
7924,0.5375,0.391304347826087,0.2531645569620253,0.2058823529411765,0.3875,0.2898550724637681,0.067352595702619,0.07126267913478164,0.3023871293950729,0.2366334273999166
7925,0.4395604395604396,0.23529411764705882,0.33707865168539325,0.09638554216867469,0.3956043956043956,0.1411764705882353,0.2440923032634539,0.016662810873079192,0.4585378898000604,0.18646616541353384
7926,0.34693877551020413,0.3333333333333333,0.125,0.11999999999999998,0.163265306122449,0.1568627450980392,0.01157312030563611,0.011066130143259391,0.2426773355138277,0.2401317690573889
7927,0.43971631205673756,0.4275862068965517,0.14388489208633093,0.13986013986013987,0.3120567375886525,0.28965517241379307,0.05816040007596734,0.04836503450783717,0.18976739958882813,0.17523606237952744
7928,0.359375,0.41791044776119407,0.12698412698412698,0.2272727272727273,0.21875,0.3283582089552239,0.012733435168978569,0.12369162986785527,0.2938780260707635,0.46668667466986796
7929,0.4347826086956522,0.44155844155844154,0.11111111111111112,0.16,0.1956521739130435,0.25974025974025977,0.013863341114467655,0.018330256089173443,0.2516115433931112,0.3169005847953217
7930,0.43298969072164956,0.30769230769230765,0.2526315789473684,0.15789473684210525,0.24742268041237114,0.20512820512820512,0.10411756179814541,0.06438851914142184,0.3667254556143445,0.17679495196407255
7931,0.36697247706422015,0.4807692307692307,0.056074766355140186,0.15686274509803924,0.2201834862385321,0.28846153846153844,0.02331330883850467,0.03736002721618697,0.28932672233820456,0.3872644030213842
7932,0.3191489361702127,0.45454545454545453,0.08695652173913043,0.25,0.2127659574468085,0.393939393939394,0.026300892061329288,0.05676574457340859,0.2827891156462585,0.40248925501432664
7933,0.33870967741935487,0.6016260162601625,0.09836065573770493,0.24793388429752064,0.2258064516129032,0.4390243902439024,0.02420158996859649,0.12484278509264636,0.23887890765361125,0.43508221994657026
7934,0.628099173553719,0.5714285714285714,0.33613445378151263,0.2916666666666667,0.39669421487603307,0.4285714285714286,0.2769265094339212,0.19099717904750096,0.45577148056674893,0.2895622895622896
7935,0.41530054644808745,0.3372093023255814,0.16574585635359118,0.09411764705882353,0.22950819672131148,0.19767441860465115,0.10401915436636776,0.0514477028482077,0.276773430461743,0.17222820236813777
7936,0.48854961832061067,0.3880597014925374,0.1395348837209302,0.15151515151515152,0.21374045801526717,0.25373134328358204,0.09239399851199338,0.11868977646041057,0.3143614630566255,0.294770206022187
7937,0.6370370370370371,0.577319587628866,0.28571428571428575,0.2947368421052632,0.4444444444444445,0.4948453608247423,0.1199252668329879,0.14755320518531168,0.4419997953759728,0.3468538900982105
7938,0.5909090909090908,0.5714285714285715,0.32558139534883723,0.1764705882352941,0.38636363636363635,0.19999999999999998,0.1340550750701409,0.024048582553310015,0.4200913242009131,0.27112977305475505
7939,0.40287769784172667,0.4166666666666667,0.145985401459854,0.13559322033898308,0.1870503597122302,0.16666666666666669,0.011844808640997207,0.01114671833531766,0.3189632203559178,0.23818927458448752
7940,0.36879432624113473,0.38235294117647056,0.2733812949640288,0.29850746268656714,0.31205673758865254,0.36764705882352944,0.20169653715798996,0.2300616552820871,0.4005627376425855,0.4292922122908835
7941,0.4800000000000001,0.39999999999999997,0.17886178861788618,0.11650485436893204,0.35200000000000004,0.28571428571428575,0.0910125740935126,0.030245166404930815,0.4474347671084906,0.2572977962386062
7942,0.3953488372093023,0.1639344262295082,0.16666666666666666,0.0,0.2790697674418604,0.13114754098360656,0.09576248453721153,0.005037072297956804,0.2664470310737361,0.06666666666666667
7943,0.5,0.5303030303030303,0.2857142857142857,0.35384615384615387,0.39062500000000006,0.4393939393939394,0.14197737903879204,0.18575881504978584,0.3340766290608972,0.38869791666666664
7944,0.29197080291970795,0.19047619047619047,0.1037037037037037,0.038834951456310676,0.14598540145985398,0.13333333333333333,0.020047929883230124,0.002723097280909073,0.14344473007712083,0.0713178619302949
7945,0.3958333333333333,0.3703703703703704,0.1702127659574468,0.17721518987341772,0.3125,0.34567901234567905,0.08538917176275994,0.10695860479627832,0.25943019943019946,0.30384145768761156
7946,0.7205882352941178,0.5800000000000001,0.6119402985074627,0.42857142857142855,0.6911764705882354,0.5,0.4048447137094861,0.3120258494618914,0.6747670215235632,0.4176850285141318
7947,0.3666666666666667,0.3829787234042554,0.11864406779661017,0.08695652173913043,0.23333333333333334,0.2553191489361702,0.02257694306996411,0.014385671495255964,0.26707153920028426,0.1890068412361406
7948,0.5546218487394957,0.6538461538461539,0.25641025641025644,0.3137254901960784,0.3361344537815126,0.40384615384615385,0.1388981793820845,0.13826861954028422,0.4300793650793651,0.4772725646749085
7949,0.4521739130434782,0.4791666666666667,0.1592920353982301,0.14893617021276595,0.2608695652173913,0.33333333333333337,0.035548664615766654,0.02808933814155568,0.3400217613927292,0.3766408114558472
7950,0.36486486486486486,0.6239999999999999,0.0684931506849315,0.5040650406504065,0.13513513513513514,0.592,0.009168913619626566,0.33499517030332665,0.2879200038290947,0.6960128115632572
7951,0.46938775510204084,0.5964912280701754,0.1875,0.29090909090909084,0.2857142857142857,0.42105263157894735,0.014699644170609557,0.018407229726220095,0.3795918367346939,0.3253599745210118
7952,0.39694656488549623,0.5420560747663552,0.18604651162790697,0.36190476190476184,0.2442748091603053,0.4672897196261682,0.09543835283568353,0.24522971854910394,0.4343463302752293,0.5584868093578893
7953,0.5611510791366907,0.5753424657534246,0.30656934306569344,0.3055555555555556,0.2733812949640288,0.3287671232876712,0.19324163218627388,0.15189325543197013,0.4529552660583827,0.3843876860622463
7954,0.4761904761904762,0.44799999999999995,0.19310344827586207,0.1951219512195122,0.31292517006802717,0.256,0.10138766968464008,0.123792096906446,0.3605339799718197,0.32079721520715315
7955,0.27722772277227725,0.34567901234567905,0.12121212121212123,0.10126582278481013,0.13861386138613863,0.271604938271605,0.10154541060446357,0.03140400542085912,0.20364076028138528,0.22839227489340358
7956,0.3418803418803419,0.2786885245901639,0.10434782608695652,0.1,0.20512820512820512,0.21311475409836064,0.010370713221617592,0.018938767636553364,0.18762174280568925,0.10309278350515465
7957,0.6971428571428572,0.5957446808510638,0.5895953757225433,0.4408602150537634,0.5257142857142857,0.5212765957446808,0.41329378335433653,0.39996252306561325,0.5425315425315426,0.5228150487765872
7958,0.4390243902439025,0.5853658536585366,0.2975206611570248,0.375,0.40650406504065045,0.5121951219512195,0.15008226255210727,0.20026832614871315,0.4504484124590297,0.46368945122407723
7959,0.3862068965517241,0.4262295081967213,0.11188811188811189,0.11666666666666667,0.2896551724137931,0.21311475409836064,0.052244516140907096,0.028144181631061804,0.29057643082103685,0.2462322580645161
7960,0.49462365591397844,0.4857142857142857,0.21978021978021978,0.23529411764705885,0.3440860215053763,0.3714285714285714,0.09530296889799902,0.09400198783862951,0.4495672614595576,0.23385538059234834
7961,0.5562913907284768,0.4220183486238532,0.2953020134228188,0.24299065420560745,0.43708609271523186,0.3669724770642202,0.11547311898719859,0.1302559281699093,0.4390453025170216,0.25971786833855803
7962,0.34285714285714286,0.3529411764705882,0.07246376811594202,0.13675213675213677,0.17142857142857143,0.2521008403361344,0.02241175409163148,0.04897471930687733,0.20355199999999998,0.21148716886345392
7963,0.5176470588235293,0.6233766233766234,0.2738095238095238,0.3947368421052632,0.4117647058823529,0.38961038961038963,0.203126466812969,0.28393193298890773,0.4004276730580856,0.4504484124590296
7964,0.419047619047619,0.4444444444444444,0.17475728155339804,0.1772151898734177,0.22857142857142856,0.2716049382716049,0.04743571775734882,0.036232491488451694,0.3328191741813004,0.24903648690466146
7965,0.4575163398692811,0.56,0.2251655629139073,0.28378378378378377,0.2745098039215686,0.3333333333333333,0.12749670513790637,0.15663663658064902,0.27878534226190477,0.32774838330393885
7966,0.5185185185185185,0.4418604651162791,0.22641509433962265,0.2380952380952381,0.3333333333333333,0.3488372093023256,0.056892630475300986,0.014514800766719304,0.3946125738980541,0.25754376144921637
7967,0.4026845637583893,0.3529411764705882,0.10884353741496598,0.06837606837606838,0.2416107382550336,0.21848739495798322,0.0202566112601236,0.01143354672983217,0.3193892984639098,0.1718213058419244
7968,0.2376237623762376,0.3130434782608696,0.0606060606060606,0.17699115044247787,0.1782178217821782,0.24347826086956517,0.00797747599484009,0.1090690348192398,0.2503991734760965,0.4341055989255435
7969,0.24,0.22413793103448276,0.03252032520325203,0.03508771929824561,0.11199999999999999,0.1206896551724138,0.007535843921652683,0.006760630738273227,0.13232353199718708,0.13401998753561253
7970,0.5133689839572193,0.5863874345549739,0.19459459459459458,0.21164021164021163,0.26737967914438504,0.29319371727748694,0.09754544724360381,0.13826050256032443,0.28824372988681046,0.348975348975349
7971,0.5962732919254659,0.48333333333333334,0.35220125786163525,0.28813559322033894,0.43478260869565216,0.36666666666666664,0.1569040044211392,0.1660075097427834,0.5734285714285716,0.36788706269543264
7972,0.6193548387096774,0.5179856115107915,0.3660130718954248,0.2627737226277372,0.529032258064516,0.4028776978417266,0.263746748718171,0.1777899429236539,0.5911462229886576,0.4001584786053883
7973,0.43478260869565216,0.33009708737864074,0.17777777777777778,0.1188118811881188,0.28260869565217395,0.23300970873786409,0.028232017871523418,0.07142565875275518,0.27271638215034444,0.277099609375
7974,0.7272727272727274,0.5,0.5390070921985816,0.28571428571428575,0.4335664335664336,0.34375,0.3169727683632505,0.20689377284100188,0.5947046488401955,0.42878232005590494
7975,0.5523809523809524,0.6067415730337078,0.27184466019417475,0.36781609195402304,0.2095238095238095,0.2696629213483146,0.052496251190065436,0.21824991540299915,0.3825302902225979,0.4340448319144293
7976,0.3552631578947368,0.3880597014925374,0.14666666666666667,0.16666666666666669,0.2631578947368421,0.2985074626865672,0.05927780998137526,0.07420417809321497,0.2874423244793616,0.2787828843106181
7977,0.5684210526315789,0.5308641975308642,0.36170212765957444,0.27499999999999997,0.4947368421052632,0.40740740740740744,0.2581536115534438,0.07951930558515137,0.45350727519447537,0.2996235827664399
7978,0.3698630136986301,0.21276595744680854,0.18055555555555558,0.10869565217391304,0.2054794520547945,0.1276595744680851,0.057437241172269976,0.05493700724331141,0.27519653295706514,0.1327433628318584
7979,0.47328244274809167,0.33707865168539325,0.20155038759689922,0.09195402298850576,0.3206106870229007,0.17977528089887637,0.07777567993970551,0.011380173931905109,0.3881230854915066,0.17133486047480218
7980,0.40350877192982454,0.375,0.10714285714285714,0.14545454545454548,0.2456140350877193,0.2678571428571429,0.025334795699203185,0.030409942177693917,0.2011237427904095,0.20631501627888507
7981,0.47500000000000003,0.49624060150375954,0.2151898734177215,0.2137404580152672,0.30000000000000004,0.33082706766917297,0.05975676251663786,0.06721607366185015,0.4476713988919667,0.3307260404161665
7982,0.45454545454545453,0.3076923076923077,0.07407407407407408,0.034782608695652174,0.2545454545454545,0.17094017094017094,0.026954201016740172,0.005773103057028923,0.21375464684014872,0.13736263736263737
7983,0.18181818181818182,0.3119266055045871,0.03703703703703703,0.13084112149532712,0.1272727272727273,0.2385321100917431,0.010631381994923177,0.014241683131358348,0.1805205214644381,0.19260716334726663
7984,0.5375,0.6242038216560509,0.26582278481012656,0.2967741935483871,0.38749999999999996,0.43312101910828027,0.2105265627675381,0.25063450983186925,0.38118961352657005,0.47785092144202307
7985,0.44927536231884063,0.5660377358490567,0.16176470588235295,0.2692307692307692,0.3333333333333333,0.41509433962264153,0.06751909585872744,0.18297231118500976,0.31275661335203947,0.33071247875252374
7986,0.5100671140939597,0.4689655172413793,0.24489795918367344,0.22377622377622378,0.32214765100671144,0.19310344827586207,0.13736315726166312,0.13672736317647058,0.4192988316307616,0.4020605690831438
7987,0.5233644859813084,0.48000000000000004,0.1523809523809524,0.14285714285714288,0.4299065420560747,0.38,0.042080559198139945,0.031968416698614284,0.41649741138988444,0.33695652173913043
7988,0.45161290322580644,0.38167938931297707,0.18032786885245902,0.10852713178294573,0.22580645161290322,0.19847328244274812,0.028144819265501303,0.011813284956692318,0.20811419984973703,0.198847458783012
7989,0.17283950617283952,0.14035087719298245,0.0,0.0,0.07407407407407408,0.07017543859649122,0.006568301273760529,0.004695392141949644,0.10666666666666666,0.07102272727272728
7990,0.4087591240875912,0.4727272727272727,0.11851851851851851,0.14814814814814814,0.2773722627737226,0.21818181818181817,0.020887151803221718,0.03448476188731893,0.27834640591842236,0.322495735854619
7991,0.6355140186915889,0.43956043956043955,0.26666666666666666,0.1797752808988764,0.37383177570093457,0.30769230769230765,0.19500701623680408,0.105036782055161,0.4099124215410316,0.2787059292712633
7992,0.3931623931623931,0.38655462184873945,0.22608695652173913,0.17094017094017092,0.3076923076923077,0.2352941176470588,0.1348576226160168,0.08035192928322096,0.38388742593811714,0.4105310129406515
7993,0.5283018867924528,0.7551020408163265,0.3269230769230769,0.5833333333333334,0.4716981132075472,0.6938775510204082,0.2648634566399074,0.4386103877457777,0.4773996496149361,0.6622604767097678
7994,0.3466666666666667,0.29230769230769227,0.08108108108108109,0.09375000000000001,0.19999999999999998,0.2,0.02353327007229873,0.02250296451946471,0.2453444909344491,0.19749543900667763
7995,0.25974025974025977,0.33766233766233766,0.08,0.13333333333333333,0.2077922077922078,0.25974025974025977,0.012049505059461792,0.024604888314434494,0.2637055957617899,0.3901611535199322
7996,0.6826347305389221,0.5035971223021583,0.4,0.2773722627737226,0.5748502994011977,0.2589928057553957,0.24754168649620864,0.07053231655825552,0.5165582663923821,0.275089605734767
7997,0.42372881355932207,0.4958677685950413,0.10344827586206896,0.23529411764705885,0.22033898305084745,0.36363636363636365,0.024447857887949613,0.10637350410050589,0.3515625,0.4300621177541767
7998,0.65,0.4615384615384615,0.5384615384615384,0.3492063492063492,0.65,0.43076923076923074,0.3592209878136327,0.2344311702926443,0.6336880802932668,0.39760731878958483
7999,0.49557522123893805,0.5048543689320388,0.2882882882882883,0.3762376237623762,0.4247787610619469,0.44660194174757284,0.1667641730879046,0.18378860614195783,0.3683470617540076,0.3620251724922284
8000,0.4814814814814815,0.6521739130434783,0.20754716981132076,0.37777777777777777,0.3518518518518519,0.5217391304347826,0.1612098040145276,0.10778677359374479,0.2912579835766423,0.39188717505485016
8001,0.4827586206896552,0.43902439024390244,0.23529411764705882,0.19999999999999998,0.36781609195402304,0.41463414634146345,0.17646160959992782,0.1391894966506483,0.38577274069491124,0.31036655211912945
8002,0.3025210084033613,0.2990654205607476,0.05128205128205128,0.0761904761904762,0.21848739495798322,0.1869158878504673,0.019215319150905904,0.02223302637951947,0.15122873345935728,0.13618677042801555
8003,0.36129032258064514,0.45378151260504196,0.10457516339869281,0.18803418803418803,0.1935483870967742,0.2521008403361345,0.05512729697108517,0.1084104545484798,0.32169060126710425,0.34362520768356314
8004,0.32954545454545453,0.3612903225806451,0.03448275862068966,0.0784313725490196,0.17045454545454544,0.167741935483871,0.007556990716504996,0.009940727363314555,0.15794539424029028,0.17169421487603306
8005,0.3157894736842105,0.30952380952380953,0.14285714285714285,0.1951219512195122,0.2456140350877193,0.2857142857142857,0.0263330480873643,0.06521893536254929,0.2956814236111111,0.23363774733637746
8006,0.31818181818181823,0.3119266055045872,0.1076923076923077,0.09345794392523364,0.18181818181818182,0.14678899082568808,0.03578370509810773,0.009988272923423438,0.325840337557315,0.24247946198453607
8007,0.5766871165644172,0.6258503401360543,0.2857142857142857,0.3448275862068965,0.4171779141104295,0.3945578231292517,0.16998432695882335,0.2772382100224356,0.3971692877619769,0.4948440357830632
8008,0.3582089552238806,0.4367816091954023,0.21212121212121213,0.2588235294117647,0.22388059701492538,0.3448275862068966,0.06435453205165031,0.047187461612485895,0.35357753093235583,0.3340725806451613
8009,0.5384615384615384,0.5,0.2745098039215686,0.20512820512820512,0.30769230769230765,0.225,0.0397536017626395,0.013853411725680142,0.5464610398343149,0.26211859527921705
8010,0.5822784810126582,0.5245901639344263,0.5194805194805195,0.5084745762711864,0.5822784810126582,0.5245901639344263,0.3242530035534394,0.3635738207738405,0.702247191011236,0.5144839713885125
8011,0.41379310344827586,0.47619047619047616,0.1754385964912281,0.17475728155339806,0.3103448275862069,0.3047619047619048,0.08631243211608956,0.03205334904535235,0.27952364520687506,0.24533128031670312
8012,0.5176470588235293,0.37333333333333335,0.3614457831325301,0.1917808219178082,0.4941176470588236,0.2666666666666666,0.2167908868254674,0.020220429578874006,0.5172216979696204,0.22563851146285654
8013,0.48000000000000004,0.47916666666666674,0.24489795918367346,0.23404255319148934,0.46,0.4166666666666667,0.09155464760956974,0.1005207084791994,0.4181396971119274,0.3555231616456106
8014,0.3448275862068965,0.35,0.052631578947368425,0.025641025641025644,0.15517241379310345,0.175,0.009271574349074793,0.013027212489884154,0.21981783002336447,0.1751981784449317
8015,0.5180722891566265,0.4426229508196721,0.2682926829268293,0.26666666666666666,0.3855421686746988,0.32786885245901637,0.14418980713547672,0.09187450010990425,0.20807833537331702,0.17317484607674682
8016,0.3695652173913044,0.30769230769230765,0.2222222222222222,0.07894736842105264,0.30434782608695654,0.15384615384615383,0.0880199769976469,0.00797874140552923,0.33079853194683867,0.15536723163841806
8017,0.45528455284552843,0.5811965811965811,0.1487603305785124,0.43478260869565216,0.22764227642276422,0.4786324786324786,0.014972823613987092,0.35387654035458943,0.21941752699812528,0.47016103937819337
8018,0.30136986301369867,0.2641509433962264,0.09722222222222222,0.019230769230769232,0.13698630136986303,0.1509433962264151,0.01824814057851248,0.005800343126195747,0.2327890828669212,0.13134851138353765
8019,0.6724137931034482,0.42372881355932207,0.456140350877193,0.2068965517241379,0.396551724137931,0.30508474576271183,0.29955287598733693,0.14866932898239021,0.5493752203376552,0.31213757767738143
8020,0.5609756097560976,0.5112781954887219,0.2716049382716049,0.2595419847328244,0.3780487804878049,0.3458646616541353,0.10672305901282464,0.08760778302719287,0.4331730634640687,0.3116895025018993
8021,0.5060240963855422,0.45588235294117646,0.20731707317073172,0.19402985074626866,0.3253012048192771,0.3235294117647059,0.06334910812300769,0.059282148228736974,0.29537407817632755,0.21452872983870966
8022,0.5192307692307693,0.4571428571428572,0.27450980392156865,0.21359223300970875,0.3076923076923077,0.2476190476190476,0.1447159127897992,0.1225271356566904,0.43590500945179594,0.38480395623252767
8023,0.6666666666666667,0.6923076923076923,0.3548387096774194,0.37254901960784315,0.39682539682539686,0.4807692307692308,0.20244184145762664,0.17576997838898112,0.4460111770194292,0.5262155911552345
8024,0.41666666666666663,0.4571428571428571,0.22033898305084748,0.17475728155339806,0.31666666666666665,0.3428571428571428,0.057125011858611,0.024469726357666796,0.3599675324675325,0.3329509553181887
8025,0.6029411764705882,0.546875,0.3432835820895523,0.2698412698412698,0.5,0.39062499999999994,0.16304495448692743,0.18800290668502767,0.5254595623871826,0.44057800700746436
8026,0.4126984126984127,0.3620689655172413,0.12903225806451615,0.14035087719298245,0.31746031746031744,0.25862068965517243,0.025963742211370627,0.07641290244449751,0.3197022425120005,0.25807728119180634
8027,0.40789473684210525,0.39024390243902435,0.15999999999999998,0.16528925619834708,0.25,0.2601626016260163,0.053996330339271634,0.03611418584613024,0.29484078711985695,0.2971986817325801
8028,0.6901408450704226,0.5891472868217055,0.4714285714285714,0.37795275590551186,0.6056338028169014,0.496124031007752,0.2499176984493801,0.21113670524466188,0.6374526771227691,0.47808012093726376
8029,0.40404040404040403,0.3877551020408164,0.14432989690721648,0.14583333333333334,0.30303030303030304,0.28571428571428575,0.022547891181633868,0.022488248919237203,0.3735512129380054,0.3601856704349779
8030,0.34444444444444444,0.38157894736842113,0.03370786516853933,0.10666666666666667,0.17777777777777778,0.25,0.00889899762703317,0.021887214545676253,0.20413170505918096,0.20904567883540465
8031,0.3047619047619048,0.4722222222222222,0.0970873786407767,0.3142857142857143,0.20952380952380953,0.3888888888888889,0.022133992546386948,0.1354952118090087,0.24005091881435967,0.329151170516615
8032,0.4227642276422764,0.5081967213114754,0.19834710743801653,0.25,0.2601626016260163,0.29508196721311475,0.10045048255734877,0.16045898142863266,0.24522389032878544,0.4349163385826772
8033,0.6984126984126985,0.4672897196261683,0.596774193548387,0.3428571428571428,0.619047619047619,0.39252336448598135,0.45028037749975686,0.14491059082069188,0.5849173093924996,0.33706688701991105
8034,0.34343434343434337,0.3191489361702127,0.041237113402061855,0.06521739130434782,0.1818181818181818,0.14893617021276598,0.0111851888957889,0.006625722873170615,0.16570533538859328,0.11677282377919321
8035,0.6027397260273972,0.630952380952381,0.4444444444444444,0.39759036144578314,0.547945205479452,0.5238095238095238,0.3531157879121555,0.2361407440476426,0.5374984996382911,0.604141264259669
8036,0.6185567010309277,0.4509803921568628,0.48421052631578954,0.24,0.3505154639175258,0.3333333333333333,0.26352929891232946,0.1829493409087864,0.38575476788604957,0.34273364485981306
8037,0.5685279187817259,0.5063291139240507,0.23589743589743592,0.24358974358974358,0.28426395939086296,0.2911392405063291,0.07366847909929558,0.060963344039930055,0.33607006020799124,0.23456869180074175
8038,0.46590909090909094,0.4050632911392405,0.16091954022988506,0.1282051282051282,0.2613636363636363,0.24050632911392406,0.10715944081331033,0.05281974835556243,0.22520490047691125,0.18682523026699316
8039,0.5656565656565656,0.5411764705882354,0.3505154639175258,0.3373493975903615,0.26262626262626265,0.2352941176470588,0.27218886578562246,0.2398441838721917,0.4753861497918988,0.40958915380677247
8040,0.271604938271605,0.3380281690140845,0.0759493670886076,0.14492753623188406,0.17283950617283952,0.28169014084507044,0.02388866231285941,0.09077117831572656,0.13677811550151978,0.31585743801652894
8041,0.4842105263157895,0.4971098265895953,0.1595744680851064,0.2105263157894737,0.2842105263157895,0.3699421965317919,0.025665702507577853,0.08254024051864936,0.27546822673336924,0.31590253640791816
8042,0.3505154639175258,0.4742268041237113,0.12631578947368421,0.2736842105263158,0.24742268041237112,0.43298969072164945,0.08866309427574542,0.2208554222564251,0.22684508925255625,0.4156111538060134
8043,0.2909090909090909,0.3296703296703296,0.037037037037037035,0.0449438202247191,0.14545454545454545,0.1978021978021978,0.00797747599484009,0.010240041382230006,0.1570048309178744,0.1858557234816681
8044,0.46938775510204084,0.5116279069767442,0.14583333333333334,0.28571428571428564,0.3469387755102041,0.34883720930232553,0.08415148676107138,0.13402936134753732,0.3207838922124637,0.31150464608176054
8045,0.48598130841121495,0.625,0.38095238095238093,0.5128205128205128,0.4485981308411215,0.6,0.29083764626865627,0.4124768951539019,0.5806978167720873,0.588807785888078
8046,0.4946236559139785,0.3529411764705882,0.2197802197802198,0.09638554216867469,0.25806451612903225,0.2352941176470588,0.15874006892662698,0.03557528556190291,0.3409465020576132,0.22732065547740443
8047,0.4698795180722891,0.42424242424242425,0.23170731707317074,0.13846153846153844,0.2289156626506024,0.21212121212121213,0.0341501051065337,0.03268713121907972,0.32303616943499963,0.238655793176915
8048,0.2807017543859649,0.24793388429752067,0.10714285714285714,0.06722689075630252,0.21052631578947367,0.1652892561983471,0.0539532496960001,0.008106687584322451,0.28130170987313846,0.1646946905285689
8049,0.5153374233128833,0.5,0.28571428571428575,0.23809523809523808,0.3803680981595092,0.29687499999999994,0.17718557425912954,0.10491634646048237,0.43820382882882886,0.3210969000212212
8050,0.35555555555555557,0.5517241379310345,0.11363636363636363,0.23529411764705882,0.3111111111111111,0.43678160919540227,0.08155696676136485,0.12650662740918717,0.2600971151099686,0.44490853336153113
8051,0.5512820512820513,0.42424242424242425,0.25974025974025977,0.09815950920245399,0.2948717948717949,0.2181818181818182,0.14641062206291255,0.04491377549233639,0.44397665895061733,0.34027133091400114
8052,0.3300970873786408,0.3366336633663366,0.099009900990099,0.12121212121212119,0.21359223300970875,0.2376237623762376,0.02545273650145091,0.0640102435076709,0.3048259108017613,0.3055315263360246
8053,0.35502958579881655,0.37209302325581395,0.0718562874251497,0.1176470588235294,0.18934911242603553,0.18604651162790697,0.009258432467217486,0.07576313573754352,0.23775782881611454,0.25041847407766005
8054,0.617283950617284,0.6666666666666667,0.4375,0.49586776859504134,0.5432098765432098,0.6016260162601625,0.3279569096228409,0.3821614515715876,0.5783399914071469,0.5216144371251559
8055,0.4976076555023924,0.48039215686274517,0.2318840579710145,0.21782178217821782,0.2488038277511962,0.23529411764705882,0.07972565570249794,0.06644356137127844,0.33148187874570106,0.28541268256833047
8056,0.5393258426966292,0.6153846153846153,0.3448275862068965,0.39473684210526316,0.4943820224719102,0.5641025641025642,0.18656145762648876,0.2192315748108364,0.4384989026888683,0.47530991735537204
8057,0.5663716814159292,0.5137614678899082,0.19819819819819823,0.205607476635514,0.2831858407079646,0.2935779816513761,0.01657158115824062,0.029892327198149576,0.3465441750483668,0.3382923076923077
8058,0.5185185185185185,0.5161290322580645,0.22499999999999998,0.27450980392156865,0.3333333333333333,0.33548387096774196,0.12361176646100334,0.15502593051968297,0.3818313277042749,0.36841636439613357
8059,0.6447368421052633,0.37762237762237766,0.48,0.11347517730496454,0.5526315789473684,0.2097902097902098,0.395477446899664,0.02632685409724951,0.5545224788361962,0.21758824729647008
8060,0.411764705882353,0.5660377358490567,0.34,0.4615384615384615,0.411764705882353,0.5283018867924529,0.19897620038414776,0.29530136732618917,0.28534312307098764,0.5119480339252641
8061,0.35294117647058826,0.4556962025316455,0.039999999999999994,0.07792207792207792,0.1568627450980392,0.2531645569620253,0.013836345500899624,0.013097565129728228,0.18981284055910924,0.155902004454343
8062,0.5369127516778522,0.4055944055944056,0.29931972789115646,0.09929078014184398,0.46979865771812085,0.23776223776223776,0.16951293627035077,0.023122847989618053,0.47932330827067665,0.2242696724079703
8063,0.5785123966942148,0.4225352112676056,0.45378151260504196,0.17142857142857143,0.42975206611570244,0.22535211267605634,0.374626037336962,0.11103351905169878,0.4898818259056152,0.2902219889468647
8064,0.4918032786885246,0.3272727272727273,0.30000000000000004,0.18518518518518517,0.3770491803278688,0.2,0.22656259602477727,0.1145577806912036,0.38738222132271916,0.19497516436859788
8065,0.40875912408759124,0.4590163934426229,0.08888888888888888,0.13333333333333333,0.24817518248175185,0.22950819672131145,0.010909130393565156,0.017626514415952397,0.23071960602680686,0.26930718954248367
8066,0.463768115942029,0.20799999999999996,0.19117647058823534,0.016260162601626018,0.34782608695652173,0.144,0.13987097329343307,0.005060454076656144,0.35972302227342556,0.1328125
8067,0.2916666666666667,0.2647058823529412,0.0425531914893617,0.0606060606060606,0.20833333333333334,0.2058823529411765,0.008792073298921142,0.014782064491589643,0.18157142857142855,0.14848044480950276
8068,0.43661971830985913,0.3389830508474576,0.17142857142857146,0.10344827586206896,0.2816901408450704,0.18644067796610167,0.06416670621115099,0.01529214705414028,0.366752187356095,0.1846088418936421
8069,0.540983606557377,0.5263157894736842,0.35000000000000003,0.3440860215053763,0.3770491803278688,0.4,0.15204394129594534,0.11891380634601009,0.4504780661757005,0.37505458427002636
8070,0.8944099378881988,0.8026315789473685,0.8553459119496855,0.6933333333333334,0.8819875776397516,0.7763157894736841,0.6859894317961375,0.5598046166614017,0.8441746851867774,0.7224068590621824
8071,0.5283018867924528,0.3870967741935484,0.4038461538461538,0.24175824175824176,0.4339622641509434,0.3225806451612903,0.3220996511995076,0.20811261240080572,0.5088451355177162,0.28207852661404575
8072,0.5669291338582677,0.46,0.288,0.10204081632653061,0.3779527559055118,0.26,0.08711445731708713,0.02799886174874759,0.43605263157894736,0.2644807923169268
8073,0.4285714285714286,0.4901960784313726,0.10144927536231883,0.22,0.22857142857142856,0.3137254901960785,0.061442930558435055,0.0935601838385493,0.2158894645941278,0.28043258271917904
8074,0.30612244897959184,0.39473684210526316,0.10416666666666666,0.13513513513513511,0.1836734693877551,0.2368421052631579,0.023943187829134,0.022065986906895832,0.23742170135380888,0.2628644010037486
8075,0.4036697247706422,0.41025641025641024,0.07476635514018691,0.07894736842105264,0.23853211009174313,0.23076923076923078,0.012418421551544009,0.010248219967384417,0.2756274923762609,0.19575177009579345
8076,0.3968253968253968,0.3653846153846154,0.1935483870967742,0.19607843137254902,0.23809523809523808,0.3269230769230769,0.07923246496392562,0.10228644546118218,0.3227743119266056,0.26498565965583176
8077,0.3968253968253968,0.2978723404255319,0.06451612903225808,0.021739130434782608,0.25396825396825395,0.19148936170212766,0.021359012567909886,0.008664500297013107,0.24982003682323461,0.15728307813113468
8078,0.4533333333333333,0.338235294117647,0.20270270270270271,0.1492537313432836,0.29333333333333333,0.25,0.08549421423388473,0.048393300223541824,0.3150997962910188,0.19901465058991308
8079,0.4615384615384615,0.42424242424242425,0.20224719101123598,0.09375000000000001,0.3076923076923077,0.21212121212121213,0.11895976831786712,0.03850426913130306,0.42816537467700266,0.2635119982058758
8080,0.5294117647058824,0.4235294117647058,0.23809523809523808,0.13095238095238096,0.3294117647058824,0.24705882352941178,0.1706445693489249,0.0721484148801966,0.45556833509210115,0.3099609889233759
8081,0.4230769230769231,0.40909090909090906,0.11764705882352941,0.11627906976744186,0.21153846153846154,0.2727272727272727,0.024791060709189083,0.012644818102024216,0.3126088891033167,0.325840337557315
8082,0.4415584415584416,0.5084745762711865,0.2105263157894737,0.24,0.33766233766233766,0.35028248587570626,0.1517051242185424,0.1671520790498306,0.24182283785356767,0.33455637870123733
8083,0.3235294117647059,0.20338983050847456,0.12121212121212122,0.03508771929824562,0.2647058823529412,0.13559322033898305,0.10440864748411478,0.015482519804284,0.21242950769699742,0.11772151898734177
8084,0.5840707964601771,0.5629629629629629,0.2522522522522523,0.25563909774436083,0.336283185840708,0.34074074074074073,0.14337211312030826,0.11431297087991713,0.3714188927603561,0.43764705882352944
8085,0.4230769230769231,0.375,0.19480519480519481,0.14545454545454545,0.28205128205128205,0.23214285714285715,0.11616760302413205,0.05545765063298259,0.2870757184140421,0.19025414756202438
8086,0.2875,0.3150684931506849,0.0759493670886076,0.09722222222222222,0.18750000000000003,0.1643835616438356,0.04474101380211885,0.04764387617659509,0.18619545815664304,0.2096067669100784
8087,0.4854368932038835,0.40404040404040403,0.21782178217821782,0.2268041237113402,0.2912621359223301,0.36363636363636365,0.03458023769887951,0.13412583947507417,0.3011688931297711,0.22517277644230765
8088,0.4941176470588236,0.5797101449275363,0.26506024096385544,0.3283582089552239,0.3764705882352941,0.46376811594202894,0.14380615280209333,0.18957802495276793,0.3609049479166666,0.33139377333493913
8089,0.4740740740740741,0.4927536231884058,0.18045112781954886,0.20588235294117646,0.22222222222222224,0.2318840579710145,0.033513892305316685,0.07351652222518425,0.31247917686282345,0.3463535473642489
8090,0.4545454545454546,0.38961038961038963,0.3023255813953488,0.24,0.38636363636363635,0.25974025974025977,0.17841062385396647,0.18014636992642138,0.40706795183447336,0.29971150763970505
8091,0.6417910447761194,0.4036697247706423,0.3181818181818182,0.14953271028037385,0.3880597014925373,0.2935779816513761,0.15080925526243466,0.08861441125442504,0.47528654777175483,0.2810510968200274
8092,0.5471698113207547,0.3619047619047619,0.21153846153846156,0.13592233009708737,0.33962264150943394,0.26666666666666666,0.07828441356533984,0.08954092138844306,0.2799493768222742,0.22664744568187387
8093,0.4660194174757281,0.4318181818181818,0.297029702970297,0.2790697674418605,0.3689320388349514,0.3181818181818182,0.11076056449649449,0.1093854588882133,0.42987951807228914,0.335009765625
8094,0.42774566473988435,0.48587570621468923,0.11695906432748539,0.1942857142857143,0.23121387283236994,0.20338983050847456,0.020309782820990004,0.023491071116479002,0.2674961661787258,0.3063319830246914
8095,0.4817518248175182,0.5656565656565656,0.31111111111111117,0.3917525773195877,0.4525547445255475,0.5252525252525253,0.12941372283548583,0.16063486442455946,0.41042434349139745,0.3886927540622962
8096,0.49599999999999994,0.5,0.22764227642276422,0.2181818181818182,0.30399999999999994,0.30357142857142855,0.10129318735623266,0.08342942240550497,0.3889744718309859,0.31509392189921487
8097,0.3392857142857143,0.396039603960396,0.09090909090909091,0.20202020202020202,0.125,0.25742574257425743,0.009337807091087282,0.030213921365131062,0.1498690609801721,0.2091816613846614
8098,0.49710982658959535,0.5476190476190476,0.17543859649122806,0.2289156626506024,0.254335260115607,0.2738095238095238,0.04201694663396251,0.1533428945524185,0.2998360058309037,0.3347185303325654
8099,0.390625,0.39603960396039606,0.06349206349206349,0.08080808080808081,0.203125,0.23762376237623764,0.010398441821381964,0.029330011627354564,0.27415912129314535,0.2675434362934363
8100,0.6052631578947367,0.6266666666666667,0.2933333333333334,0.31081081081081086,0.4342105263157895,0.41333333333333333,0.12551649629132308,0.1585452403170462,0.31327866886647726,0.40821629496056977
8101,0.43859649122807015,0.43956043956043955,0.23214285714285715,0.20224719101123598,0.2807017543859649,0.19780219780219782,0.13480130085975628,0.07071775095476406,0.45778125059922153,0.3071776155717762
8102,0.5161290322580645,0.4901960784313726,0.22950819672131145,0.22,0.38709677419354843,0.33333333333333337,0.14591180179312957,0.1030176592128274,0.36639718076285244,0.3053023202976342
8103,0.4779874213836478,0.5750000000000001,0.21656050955414013,0.2531645569620253,0.25157232704402516,0.325,0.10212618681923681,0.19041116577303194,0.37172011661807575,0.4503080415045396
8104,0.39726027397260266,0.24539877300613497,0.1388888888888889,0.062111801242236024,0.273972602739726,0.15950920245398773,0.018101630273604282,0.013063215637864138,0.3175344611043059,0.18805432990150198
8105,0.7230769230769231,0.5454545454545455,0.484375,0.3333333333333333,0.6461538461538462,0.43636363636363634,0.30364123987713326,0.15993404706704187,0.5168420436703368,0.3517922944211978
8106,0.46616541353383456,0.4329896907216495,0.21374045801526717,0.1473684210526316,0.31578947368421056,0.30927835051546393,0.0366131629611229,0.03214771436916149,0.3838299209299891,0.28624192059095105
8107,0.4074074074074074,0.3380281690140845,0.2641509433962264,0.20289855072463767,0.25925925925925924,0.28169014084507044,0.09076725730239614,0.14152826682728378,0.4039189846968457,0.22862533230426205
8108,0.41481481481481486,0.4230769230769231,0.19548872180451127,0.17647058823529413,0.2814814814814815,0.3076923076923077,0.07271242522097128,0.09501377537860012,0.3431506096366079,0.2788889171262294
8109,0.44755244755244755,0.5048543689320388,0.2127659574468085,0.27722772277227725,0.3356643356643356,0.31067961165048547,0.09032200218090644,0.18247822039542128,0.3419671765099922,0.3375334999887395
8110,0.3285024154589372,0.44761904761904764,0.048780487804878044,0.10576923076923077,0.13526570048309175,0.16190476190476188,0.018276369941867876,0.01274929606231415,0.20382769511554458,0.26050634626945407
8111,0.5357142857142857,0.6040268456375839,0.18072289156626503,0.23129251700680273,0.1904761904761905,0.22818791946308725,0.03067494170152561,0.04778639479548104,0.39027083460402984,0.38641825309180994
8112,0.5043478260869566,0.5853658536585367,0.2654867256637168,0.25,0.34782608695652173,0.4634146341463415,0.12709611986686595,0.08128639406476276,0.3903784576212337,0.3430706521739131
8113,0.4955752212389381,0.48351648351648346,0.19819819819819817,0.31460674157303375,0.24778761061946905,0.3736263736263737,0.10062798670101017,0.141069692444025,0.3207327624787421,0.3314571607254534
8114,0.411214953271028,0.37499999999999994,0.1714285714285714,0.1702127659574468,0.28037383177570097,0.2708333333333333,0.030044141739933795,0.03364699525779843,0.40121065375302667,0.34942475124378114
8115,0.196078431372549,0.3636363636363636,0.019999999999999997,0.24074074074074076,0.1568627450980392,0.2909090909090909,0.009614428458751706,0.18713839923380796,0.1600878460382593,0.25968750000000007
8116,0.40540540540540543,0.3673469387755102,0.1643835616438356,0.08275862068965517,0.24324324324324326,0.2040816326530612,0.07990544821719502,0.06321881726187183,0.27435974389755896,0.2748087778482915
8117,0.5521472392638037,0.5317919075144509,0.4347826086956521,0.38596491228070173,0.5153374233128835,0.4624277456647399,0.299204489243313,0.24396889224703652,0.5823594219754951,0.5782292064093874
8118,0.2564102564102564,0.3125,0.02631578947368421,0.0967741935483871,0.15384615384615388,0.21875,0.010968473790606286,0.018341681391245233,0.17107114147909966,0.179135101010101
8119,0.31343283582089554,0.29702970297029707,0.10606060606060606,0.12121212121212122,0.19402985074626866,0.17821782178217824,0.020008789648758813,0.027284306236102555,0.2329993928354584,0.1853509599245488
8120,0.6111111111111112,0.4957264957264957,0.33962264150943394,0.19130434782608696,0.5185185185185185,0.3418803418803419,0.20576155037813212,0.14370666679571661,0.4933395054171512,0.37979628217656985
8121,0.672,0.6461538461538462,0.5365853658536586,0.515625,0.49599999999999994,0.5076923076923077,0.38697829836900716,0.3445801567486292,0.5645820015626111,0.5522743261662929
8122,0.6327683615819208,0.4150943396226415,0.4228571428571429,0.22929936305732482,0.4971751412429378,0.2893081761006289,0.3111883776504533,0.07138337542966293,0.45949647599989385,0.23021109847048407
8123,0.5473684210526316,0.42424242424242425,0.27956989247311825,0.31249999999999994,0.3368421052631579,0.30303030303030304,0.15366148079454905,0.11927001848004874,0.36640382136629,0.2505446623093682
8124,0.556390977443609,0.6181818181818183,0.29007633587786263,0.33333333333333337,0.39097744360902253,0.30909090909090914,0.12325695700161311,0.17588181044237433,0.5103963797026365,0.4977487012498863
8125,0.41666666666666663,0.5333333333333333,0.13559322033898305,0.31067961165048547,0.21666666666666665,0.3619047619047619,0.03379673864027907,0.06282177848285968,0.29860199273963073,0.36785662352770104
8126,0.3595505617977528,0.2696629213483146,0.1149425287356322,0.09195402298850575,0.1797752808988764,0.1797752808988764,0.06266221810881523,0.05708541835983005,0.21922307912025132,0.2042865295597218
8127,0.4800000000000001,0.2921348314606742,0.1951219512195122,0.06896551724137931,0.30399999999999994,0.1797752808988764,0.02634849504811973,0.012288864198254678,0.29748988103482765,0.13653615497100047
8128,0.3870967741935484,0.33999999999999997,0.14754098360655735,0.12244897959183672,0.17741935483870966,0.18,0.02170642750800201,0.02519820294120627,0.2924340467894475,0.2268789978678038
8129,0.41739130434782606,0.4086021505376344,0.2300884955752212,0.1758241758241758,0.2782608695652174,0.23655913978494622,0.08872544692035507,0.02019443079791215,0.2749138463424178,0.25509769880174293
8130,0.33333333333333337,0.41176470588235287,0.12307692307692307,0.16,0.21212121212121213,0.3333333333333333,0.02545423226947673,0.06879413955256418,0.22492618110236226,0.34737945492662475
8131,0.48275862068965514,0.417910447761194,0.1678321678321678,0.13636363636363638,0.28965517241379307,0.2686567164179104,0.02381789957241891,0.01906962627094752,0.2626906437447748,0.17677329624478436
8132,0.547945205479452,0.5945945945945946,0.2638888888888889,0.3119266055045871,0.4383561643835616,0.4684684684684684,0.11781386232003345,0.05315690997461589,0.4184920041314955,0.3732869932469589
8133,0.6666666666666667,0.6194690265486725,0.41739130434782606,0.3783783783783784,0.5470085470085471,0.49557522123893805,0.21481825760469983,0.21131347528654032,0.47184474031690143,0.47267691798941797
8134,0.4716981132075472,0.4175824175824176,0.2692307692307692,0.20224719101123595,0.3584905660377358,0.30769230769230765,0.1456667451153178,0.07590831443532543,0.4041463414634146,0.29568142361111116
8135,0.7,0.7294117647058824,0.48979591836734687,0.5060240963855422,0.64,0.6588235294117648,0.3181401102910648,0.2973819825857479,0.5718738304640718,0.5390143737166325
8136,0.2884615384615385,0.24175824175824176,0.15686274509803919,0.13483146067415733,0.23076923076923075,0.2197802197802198,0.05803565809959766,0.12378925185511493,0.25086714527708315,0.22773279352226716
8137,0.5000000000000001,0.5751633986928104,0.13253012048192772,0.19867549668874174,0.2976190476190476,0.326797385620915,0.07844916059994471,0.1287760477658908,0.35269890901833306,0.3942829884045208
8138,0.5818181818181819,0.31067961165048535,0.40740740740740744,0.0396039603960396,0.5454545454545454,0.19417475728155342,0.2660047229882146,0.024192600268697264,0.5479245283018868,0.1802337763409962
8139,0.5371428571428571,0.5125000000000001,0.23121387283236994,0.13924050632911392,0.3771428571428571,0.25,0.13901138509628605,0.031767153658692045,0.37685249292306067,0.2500441238939113
8140,0.2413793103448276,0.3655913978494624,0.052631578947368425,0.17582417582417584,0.15517241379310345,0.3010752688172043,0.020332040733378413,0.028043837975358202,0.10998307952622674,0.1671084036412078
8141,0.43010752688172044,0.411764705882353,0.21978021978021975,0.1515151515151515,0.3010752688172043,0.29411764705882354,0.06697455898563957,0.08447773742536654,0.36312996746850645,0.26497456659399976
8142,0.5671641791044775,0.48520710059171596,0.3115577889447236,0.26347305389221554,0.2885572139303483,0.4023668639053254,0.15699098907682668,0.09894256860468804,0.3996000295154387,0.2938152223230491
8143,0.4888888888888889,0.45801526717557256,0.21052631578947367,0.2015503875968992,0.2074074074074074,0.1984732824427481,0.09675318442320932,0.05932259906637557,0.34777377445823693,0.28576147461097196
8144,0.2608695652173913,0.19999999999999998,0.15555555555555556,0.10344827586206896,0.23913043478260868,0.16666666666666666,0.10896686547833379,0.02552583704900383,0.29987485902328237,0.10689655172413795
8145,0.4833333333333333,0.4821428571428572,0.2711864406779661,0.2363636363636364,0.36666666666666664,0.3571428571428571,0.1910352468393006,0.17660651918738968,0.36601145883308117,0.3325552358721025
8146,0.6598984771573604,0.5376344086021506,0.41025641025641024,0.2608695652173913,0.467005076142132,0.3225806451612903,0.312804766972723,0.13532811323407248,0.5397419186652763,0.38644910954133926
8147,0.390625,0.3773584905660377,0.11111111111111112,0.09615384615384616,0.25,0.24528301886792453,0.05647857271976961,0.05190635572320848,0.22191108834042955,0.18776547179548253
8148,0.25352112676056343,0.2162162162162162,0.11594202898550725,0.08333333333333334,0.1971830985915493,0.16216216216216214,0.026220538724357412,0.023527319061563207,0.19604037267080746,0.19423076923076923
8149,0.39669421487603307,0.4742268041237114,0.18487394957983194,0.23157894736842108,0.23140495867768596,0.22680412371134018,0.09388697862749172,0.09280965911896666,0.3338182796224755,0.32969139900643296
8150,0.34951456310679613,0.33333333333333337,0.0594059405940594,0.05084745762711865,0.21359223300970875,0.18333333333333332,0.009520658216940883,0.0076944975486778495,0.20232323232323232,0.20632024396929824
8151,0.4892086330935252,0.4461538461538461,0.20437956204379562,0.20312499999999997,0.3597122302158273,0.24615384615384617,0.1260304226830837,0.06562473508480068,0.49711281034526295,0.4248229904206581
8152,0.4210526315789474,0.45454545454545453,0.24,0.24074074074074073,0.2631578947368421,0.2909090909090909,0.1088247348146588,0.12197379410305399,0.358915593123574,0.3058706154169292
8153,0.5088757396449705,0.34594594594594597,0.29940119760479045,0.12021857923497267,0.2485207100591716,0.17297297297297298,0.2500986633586402,0.056389661631971434,0.39988001530839157,0.23678743765642155
8154,0.37179487179487175,0.3576158940397351,0.09090909090909091,0.06711409395973154,0.20512820512820515,0.1986754966887417,0.010363389901939643,0.009745221379184729,0.28671879735709527,0.25323059551689525
8155,0.47058823529411764,0.5106382978723404,0.22,0.23913043478260868,0.35294117647058826,0.4255319148936171,0.14360689687357708,0.14864706943959644,0.3275945905609236,0.38460162427104577
8156,0.43859649122807015,0.5636363636363636,0.14285714285714288,0.24074074074074076,0.3157894736842105,0.38181818181818183,0.03182136343323252,0.04453536871807301,0.367817586752498,0.3448245260390122
8157,0.33093525179856115,0.3669724770642202,0.05839416058394161,0.07476635514018691,0.11510791366906475,0.2385321100917431,0.007256106028258608,0.021757005275562798,0.22273391812865503,0.1752577319587629
8158,0.3106796116504854,0.19753086419753088,0.07920792079207921,0.025316455696202528,0.11650485436893204,0.12345679012345678,0.013101376346591444,0.006353986728847961,0.22543697033898308,0.11822916666666668
8159,0.4195804195804196,0.5354330708661418,0.1702127659574468,0.288,0.2937062937062937,0.4409448818897637,0.10195944292971283,0.2306532180782493,0.30574673222763427,0.40339136271284837
8160,0.42857142857142855,0.5217391304347826,0.14545454545454545,0.24444444444444446,0.3214285714285714,0.391304347826087,0.07102549926281305,0.11140985739847596,0.3220759493670886,0.3124274533213942
8161,0.4678362573099415,0.5575757575757575,0.30769230769230765,0.3558282208588957,0.40935672514619886,0.4727272727272727,0.2467659226039971,0.27300719836729664,0.3893203094469863,0.45668930613806685
8162,0.6470588235294118,0.7261146496815287,0.4880952380952381,0.6064516129032259,0.5529411764705882,0.6624203821656051,0.2953071939568606,0.42196362809685783,0.5195805150669213,0.4732804510258843
8163,0.5384615384615384,0.47244094488188976,0.234375,0.25599999999999995,0.29230769230769227,0.4094488188976378,0.1185438261146896,0.1763080448748146,0.36702932438380276,0.34065692283514065
8164,0.45454545454545453,0.411764705882353,0.2,0.17910447761194032,0.31818181818181823,0.22058823529411764,0.1130042202916768,0.12925932065340295,0.3792825896762904,0.31722932917316693
8165,0.5276073619631901,0.5135135135135136,0.19875776397515527,0.1780821917808219,0.3190184049079755,0.3108108108108108,0.12836391931277485,0.11359501075278286,0.3580123485552763,0.3240013728647992
8166,0.2641509433962264,0.5797101449275363,0.07692307692307691,0.3582089552238806,0.2075471698113208,0.5217391304347826,0.02072878854369565,0.15404442080188027,0.19649257552483357,0.40065295613871826
8167,0.5542168674698795,0.5780346820809249,0.3536585365853659,0.3625730994152047,0.44578313253012053,0.4508670520231214,0.19270411730291362,0.1745965097226137,0.45744449397584863,0.4653062789154274
8168,0.4444444444444444,0.6153846153846154,0.2641509433962264,0.5,0.27777777777777773,0.6153846153846154,0.17624704038362635,0.352799497348442,0.3695081260070287,0.4946043165467626
8169,0.4132231404958678,0.5,0.20168067226890757,0.23529411764705882,0.36363636363636365,0.3846153846153846,0.11208963371035957,0.11144236615739528,0.2949466648663246,0.2837971199822084
8170,0.3773584905660377,0.42666666666666664,0.11538461538461538,0.1643835616438356,0.2452830188679245,0.26666666666666666,0.01916661072585203,0.04057152599472996,0.259159449665254,0.27065822421410235
8171,0.48000000000000004,0.5813953488372092,0.22448979591836732,0.30952380952380953,0.39999999999999997,0.46511627906976744,0.13573131042058284,0.1389936065408423,0.3921568627450981,0.4186007957559682
8172,0.5405405405405406,0.744186046511628,0.3013698630136986,0.4251968503937008,0.35135135135135137,0.5426356589147286,0.17481852589265673,0.24636895656931307,0.4647021289569505,0.5997381598730006
8173,0.4102564102564103,0.3544303797468354,0.07792207792207793,0.08974358974358974,0.24358974358974356,0.2278481012658228,0.04118767503815264,0.021734345800431525,0.3296054544753816,0.299234360410831
8174,0.5523809523809524,0.5652173913043477,0.3300970873786408,0.4222222222222222,0.5142857142857143,0.5217391304347826,0.15795520424576298,0.24041392351383212,0.3796378116575877,0.3095970273560125
8175,0.3790849673202614,0.3582089552238806,0.07947019867549669,0.1212121212121212,0.2483660130718954,0.22388059701492535,0.02009515636041994,0.06353554684265005,0.23511516478737607,0.23712084217440718
8176,0.45161290322580644,0.3783783783783784,0.24836601307189543,0.1834862385321101,0.3225806451612903,0.25225225225225223,0.12077916903479004,0.08767213231245276,0.3529272529955831,0.2180439081361177
8177,0.3694267515923567,0.33587786259541985,0.14193548387096772,0.15503875968992248,0.24203821656050958,0.21374045801526717,0.032875106507533156,0.02790951369167618,0.2827375896851011,0.17249350578112818
8178,0.3272727272727272,0.3088235294117647,0.12269938650306747,0.07462686567164178,0.20606060606060606,0.22058823529411764,0.09595286394445211,0.06821794829556797,0.24165680473372786,0.16477493391463402
8179,0.41509433962264153,0.5102040816326531,0.23076923076923075,0.3333333333333333,0.32075471698113206,0.4489795918367347,0.17548761953909858,0.21714434782785483,0.36337435737653845,0.45549802761341224
8180,0.3418803418803419,0.34426229508196726,0.1565217391304348,0.15,0.25641025641025644,0.21311475409836064,0.0992657584966108,0.06744823232439673,0.2007058705737076,0.22260083878130013
8181,0.6285714285714287,0.43548387096774194,0.5217391304347826,0.0983606557377049,0.557142857142857,0.17741935483870966,0.4669654040309521,0.028128340315246362,0.5664742247997724,0.23736537530944182
8182,0.40816326530612246,0.5148514851485149,0.16666666666666666,0.20202020202020202,0.30612244897959184,0.3564356435643564,0.07291904951633747,0.07139097750608846,0.2485680214259183,0.3582124423865254
8183,0.38095238095238093,0.396039603960396,0.22580645161290322,0.18181818181818185,0.3650793650793651,0.31683168316831684,0.07722291137744487,0.09644307442014657,0.35537190082644626,0.31931609208780465
8184,0.5847953216374269,0.6258503401360543,0.40236686390532544,0.3586206896551724,0.5263157894736842,0.4217687074829932,0.3165308489656004,0.20859026146360551,0.48619448763621814,0.4222391096551848
8185,0.6041666666666666,0.5783132530120482,0.44680851063829785,0.3703703703703704,0.5833333333333334,0.3132530120481928,0.2997645715650589,0.20637208369517182,0.45170923112841643,0.3587567912169748
8186,0.3968253968253968,0.41304347826086957,0.14516129032258063,0.13333333333333336,0.3174603174603175,0.21739130434782608,0.029696183973796895,0.026019659273603116,0.2385327022375215,0.21196029665479152
8187,0.38532110091743116,0.3956043956043956,0.16822429906542055,0.20224719101123598,0.27522935779816515,0.26373626373626374,0.11127177976187139,0.1432084252186392,0.34311256610425583,0.31212359475374735
8188,0.5691056910569106,0.6440677966101697,0.4628099173553719,0.46551724137931033,0.5691056910569106,0.6101694915254237,0.25266389715884763,0.27924956255524636,0.6271414029396186,0.6649439225196802
8189,0.34951456310679613,0.4285714285714286,0.1188118811881188,0.14634146341463417,0.27184466019417475,0.30952380952380953,0.010940300623436379,0.06724888422961112,0.2778231070496084,0.3468406593406593
8190,0.391304347826087,0.41379310344827586,0.10294117647058824,0.08771929824561404,0.1739130434782609,0.20689655172413793,0.02182143276403381,0.01283599255742823,0.27614078719723184,0.24704203579285333
8191,0.41333333333333333,0.4999999999999999,0.1081081081081081,0.14925373134328357,0.25333333333333335,0.35294117647058826,0.008896043311532709,0.04713608823253208,0.2765369127516779,0.2852679314769288
8192,0.559322033898305,0.553191489361702,0.2758620689655173,0.2391304347826087,0.3220338983050847,0.3191489361702128,0.16086645454293633,0.049508574671351904,0.5767241379310345,0.3619260204081633
8193,0.5728643216080402,0.5670103092783506,0.26395939086294423,0.18749999999999997,0.4020100502512563,0.3402061855670103,0.21608135222155683,0.15364921191563857,0.4760490474776189,0.42473525622060176
8194,0.5079365079365079,0.3655913978494623,0.27419354838709675,0.13186813186813184,0.4285714285714286,0.27956989247311825,0.12662873904967142,0.07252605189561437,0.5911922745703112,0.2961033950617284
8195,0.44247787610619466,0.485981308411215,0.23423423423423423,0.2857142857142857,0.33628318584070793,0.35514018691588783,0.1560378052954563,0.14449846902805963,0.44398253275109173,0.41897123893805305
8196,0.5274725274725274,0.6067415730337079,0.22471910112359553,0.367816091954023,0.3076923076923077,0.33707865168539325,0.04522535495954841,0.20199088342870705,0.4713155183374619,0.6125443786982248
8197,0.5074626865671641,0.4378698224852071,0.19095477386934673,0.1437125748502994,0.25870646766169153,0.2366863905325444,0.09027964929220143,0.03015067727377202,0.33979178716020825,0.1978867538664735
8198,0.5263157894736843,0.3636363636363636,0.3870967741935483,0.2558139534883721,0.4631578947368421,0.29545454545454547,0.22047389345574256,0.1712766252338756,0.5505403687221869,0.3484191604102781
8199,0.5208333333333334,0.3661971830985916,0.40425531914893614,0.2318840579710145,0.5208333333333334,0.25352112676056343,0.22565117031545429,0.20979943895337047,0.4891015417331207,0.32430908065425834
8200,0.5954198473282443,0.46601941747572817,0.34108527131782945,0.25742574257425743,0.4732824427480916,0.33009708737864074,0.14902912752800715,0.05391156052335505,0.39135141404573653,0.21627906976744182
8201,0.5068493150684932,0.297029702970297,0.26388888888888884,0.08080808080808081,0.3698630136986301,0.19801980198019803,0.13523459027396473,0.02141912106141469,0.30402018176525764,0.12505885122410546
8202,0.43523316062176165,0.5263157894736842,0.20942408376963353,0.2801932367149758,0.25906735751295334,0.37320574162679426,0.1852697130153525,0.2503747920340941,0.2680015177802866,0.380362062180244
8203,0.44827586206896547,0.32075471698113206,0.14035087719298248,0.05769230769230769,0.20689655172413796,0.18867924528301885,0.012984915557663214,0.011355654623548239,0.22248953734363502,0.14285714285714285
8204,0.4026845637583893,0.5547445255474452,0.163265306122449,0.26666666666666666,0.30872483221476515,0.30656934306569344,0.07155256522989342,0.108829546976023,0.3539097246317383,0.40263178033967983
8205,0.30303030303030304,0.46376811594202894,0.07692307692307691,0.35820895522388063,0.18181818181818182,0.40579710144927533,0.035899835697611404,0.28756524180899246,0.3579978008217982,0.4076086956521739
8206,0.6666666666666667,0.6099290780141844,0.4635761589403974,0.4028776978417266,0.5751633986928104,0.5390070921985816,0.3101940231433787,0.2713777270838944,0.5327605684047803,0.4848656408597367
8207,0.5982905982905982,0.6262626262626263,0.4695652173913043,0.5154639175257733,0.4444444444444445,0.6060606060606062,0.3215477466491877,0.34761165914949504,0.5816705714751593,0.5154513349942822
8208,0.38,0.4235294117647058,0.24489795918367346,0.24096385542168675,0.28,0.3529411764705882,0.14442201033523058,0.14165923395901786,0.44611850550638465,0.39744329104190695
8209,0.5789473684210527,0.3220338983050848,0.37499999999999994,0.08620689655172414,0.5438596491228069,0.23728813559322037,0.27521156603992747,0.04469545870680075,0.5466232994358541,0.1952408256880734
8210,0.1276595744680851,0.13114754098360656,0.043478260869565216,0.0,0.10638297872340424,0.09836065573770493,0.007567143835953721,0.0067177027389942,0.13493319268635723,0.03508771929824561
8211,0.3243243243243243,0.35714285714285715,0.07339449541284403,0.07317073170731707,0.16216216216216214,0.21428571428571427,0.009680725341678643,0.012288864198254678,0.14177693761814744,0.14668930859288715
8212,0.5075757575757576,0.42975206611570255,0.33587786259541985,0.25,0.4166666666666667,0.3305785123966942,0.17157916048728378,0.0799012944468993,0.3065738323974549,0.24602920364137087
8213,0.4962406015037594,0.432,0.32061068702290074,0.1788617886178862,0.3609022556390978,0.27199999999999996,0.21677303540205953,0.08113098942221757,0.45375358207528627,0.3253678339554678
8214,0.5308641975308641,0.5522388059701493,0.25,0.2727272727272727,0.35802469135802467,0.40298507462686567,0.03535257746281662,0.09060534878346878,0.3758179001148155,0.30300171095008055
8215,0.40764331210191085,0.4672897196261683,0.14193548387096774,0.2285714285714286,0.24203821656050956,0.39252336448598135,0.07079528865217818,0.1089911664188046,0.29455275532308345,0.3139450341718773
8216,0.4171779141104295,0.4285714285714286,0.14906832298136646,0.2555555555555556,0.23312883435582823,0.31868131868131866,0.052432787718194554,0.16820578496223548,0.24255725190839694,0.360030670253937
8217,0.32432432432432434,0.34328358208955223,0.06849315068493152,0.0909090909090909,0.1891891891891892,0.19402985074626863,0.008285048717620163,0.00807770624266921,0.21072629219778685,0.2295721529352482
8218,0.3816793893129771,0.18823529411764706,0.21705426356589147,0.0,0.25954198473282447,0.09411764705882353,0.11068305811835312,0.00526486967881516,0.27991741443659174,0.06396588486140725
8219,0.5747126436781609,0.5,0.2117647058823529,0.17142857142857143,0.39080459770114934,0.4166666666666667,0.047053556867151264,0.039182552292724084,0.4710796374571531,0.32027186761229315
8220,0.48648648648648646,0.43478260869565216,0.2568807339449541,0.19999999999999998,0.3783783783783784,0.30434782608695654,0.13805185751686716,0.10986772726342178,0.44347272727272724,0.2774640847156398
8221,0.49612403100775193,0.5426356589147286,0.1732283464566929,0.2992125984251969,0.29457364341085274,0.3410852713178295,0.015831943323183065,0.11609293534905052,0.21168739823655366,0.35162498170576134
8222,0.23312883435582823,0.24050632911392408,0.062111801242236024,0.03846153846153846,0.147239263803681,0.12658227848101267,0.019851370907394663,0.017516889111907866,0.1715353260869565,0.15267988582734937
8223,0.23404255319148937,0.29333333333333333,0.06521739130434782,0.0821917808219178,0.21276595744680854,0.18666666666666665,0.021052036168281642,0.01500243980428485,0.125,0.16679790026246713
8224,0.4878048780487805,0.4672897196261682,0.1322314049586777,0.20952380952380956,0.22764227642276422,0.2616822429906542,0.02989863190786836,0.07299243811966315,0.22767075306479861,0.33612624970649657
8225,0.45,0.5507246376811594,0.189873417721519,0.25,0.25000000000000006,0.2173913043478261,0.05182797087573876,0.14381909826040307,0.34226235524936827,0.38991206238593
8226,0.6308724832214765,0.42424242424242425,0.29931972789115646,0.16923076923076924,0.49664429530201337,0.33333333333333337,0.15084171070300895,0.09017469516287564,0.48372298217303433,0.2744818227476433
8227,0.7135135135135136,0.5029239766081871,0.53551912568306,0.272189349112426,0.5945945945945946,0.2923976608187135,0.38893324637874427,0.13537812140385613,0.5269505924435501,0.26734319591660044
8228,0.34437086092715236,0.4732824427480916,0.04026845637583893,0.1395348837209302,0.2119205298013245,0.3358778625954198,0.015777467307320957,0.01401290931050905,0.22616888888888895,0.3013832375175905
8229,0.32,0.24096385542168675,0.10204081632653061,0.07407407407407407,0.16,0.16867469879518074,0.019990204006945546,0.026220538724357412,0.2403236040609137,0.15224706904038213
8230,0.288135593220339,0.3870967741935484,0.12068965517241381,0.15384615384615385,0.22033898305084745,0.23655913978494622,0.045701988502610695,0.08724402687855005,0.17733510402833114,0.26412133891213385
8231,0.4603174603174604,0.5826771653543307,0.1935483870967742,0.33599999999999997,0.23809523809523808,0.3622047244094488,0.12933963092554096,0.14614181525069286,0.36398270181219117,0.390927622259927
8232,0.32,0.24242424242424246,0.06122448979591836,0.02061855670103093,0.14,0.12121212121212123,0.01991784270954466,0.004863726726437654,0.2564006024096385,0.1658881303150078
8233,0.43870967741935485,0.38636363636363635,0.11764705882352941,0.09195402298850575,0.2580645161290323,0.25,0.05255969701803819,0.03874759691639974,0.25289268553865835,0.25972502047955365
8234,0.5,0.5128205128205128,0.3111111111111111,0.3684210526315789,0.3913043478260869,0.48717948717948717,0.16918599645177493,0.2685511592284066,0.4858673147898101,0.35895744229077564
8235,0.5563909774436091,0.35999999999999993,0.35114503816793885,0.12244897959183672,0.481203007518797,0.16,0.10643910604602357,0.02777693938889328,0.4890653512773722,0.17285868392664508
8236,0.5477707006369427,0.576,0.24516129032258063,0.3089430894308943,0.40764331210191085,0.464,0.12399320180338759,0.10032051299291407,0.3692307692307692,0.31405419418492264
8237,0.425531914893617,0.4552845528455284,0.20143884892086333,0.23140495867768596,0.3262411347517731,0.2276422764227642,0.12870906410330057,0.1642112066348521,0.39604511278195487,0.3854089280854413
8238,0.3870967741935484,0.36734693877551017,0.2197802197802198,0.10416666666666667,0.3440860215053763,0.28571428571428575,0.10695860479627832,0.017513564291974693,0.27529038826414914,0.19960139511709019
8239,0.434108527131783,0.5581395348837209,0.25196850393700787,0.3333333333333333,0.34108527131782945,0.3720930232558139,0.10974172960774563,0.22990778354634833,0.33639538151760034,0.41112668161434973
8240,0.45751633986928103,0.4929577464788732,0.17218543046357618,0.2285714285714286,0.26143790849673204,0.3661971830985915,0.06576552054463353,0.03245929012746791,0.305796783625731,0.30493929934096425
8241,0.5811965811965812,0.4897959183673469,0.34782608695652173,0.25,0.4102564102564103,0.32653061224489793,0.21165076601732508,0.11529771834460681,0.5061255965545339,0.3236538258892953
8242,0.6929133858267716,0.7118644067796609,0.5760000000000001,0.5517241379310344,0.6614173228346457,0.6440677966101694,0.36475373760599566,0.402960428777393,0.6038098219565401,0.5740754021376512
8243,0.389937106918239,0.5594405594405595,0.14012738853503187,0.24113475177304963,0.25157232704402516,0.37762237762237766,0.07020433570474836,0.07491513790027371,0.3329592486469277,0.352641056422569
8244,0.47058823529411764,0.42222222222222217,0.14,0.1818181818181818,0.2549019607843137,0.26666666666666666,0.06591692048610194,0.09439109934336933,0.2696972187766204,0.2535070368096765
8245,0.35398230088495575,0.3220338983050847,0.07207207207207209,0.08620689655172414,0.19469026548672563,0.1864406779661017,0.023686440265695587,0.04516881220954752,0.15740740740740738,0.17326340930018413
8246,0.43478260869565216,0.6433566433566433,0.27941176470588236,0.5815602836879432,0.2608695652173913,0.5034965034965035,0.19932305076843712,0.45017578655229773,0.28939751664849517,0.5342292524005487
8247,0.1694915254237288,0.27906976744186046,0.06896551724137932,0.11023622047244094,0.11864406779661017,0.18604651162790697,0.0069050551424722165,0.017728123569857736,0.13122485781661813,0.24581497797356824
8248,0.31654676258992803,0.35294117647058826,0.10218978102189781,0.1,0.15827338129496402,0.17647058823529413,0.008131627747286353,0.02624308202742789,0.2728100393700787,0.2501919738247863
8249,0.4647887323943662,0.4812030075187971,0.24285714285714283,0.32061068702290074,0.30985915492957744,0.406015037593985,0.14390403946671457,0.19138986650414344,0.3101819589624468,0.34885776519735257
8250,0.40366972477064217,0.4470588235294118,0.14953271028037382,0.12048192771084337,0.27522935779816515,0.25882352941176473,0.00989811335029808,0.0168918351148984,0.29270707633280735,0.29841977684436466
8251,0.35820895522388063,0.48648648648648646,0.16666666666666669,0.23853211009174313,0.208955223880597,0.36036036036036034,0.08519848993806854,0.1771277442908971,0.3500003339857188,0.36145133801383794
8252,0.6304347826086957,0.42500000000000004,0.2888888888888889,0.10256410256410257,0.5000000000000001,0.25,0.04844135202948247,0.03449791816221286,0.33694976819767725,0.20278763679384793
8253,0.6298342541436464,0.4114285714285715,0.3240223463687151,0.16184971098265893,0.430939226519337,0.25142857142857145,0.14636900895212637,0.07134909601136881,0.44323232497243653,0.1928412451599134
8254,0.4266666666666667,0.39999999999999997,0.17567567567567569,0.10169491525423728,0.27999999999999997,0.19999999999999998,0.03309483138590581,0.02615152417418896,0.3536237880276713,0.22766613006525768
8255,0.4144144144144144,0.32608695652173914,0.12844036697247707,0.04444444444444444,0.2882882882882883,0.17391304347826086,0.03347748359313415,0.013041096845223643,0.3045811744933852,0.15285996055226822
8256,0.4375,0.3779527559055118,0.18987341772151897,0.144,0.25,0.1889763779527559,0.13434092464977074,0.10500152223054095,0.37102796674225247,0.24040606217129978
8257,0.5811965811965812,0.4848484848484849,0.2956521739130435,0.16494845360824742,0.358974358974359,0.3434343434343434,0.09369417876746644,0.010658032163338703,0.3638754597351238,0.20190878905175097
8258,0.5233644859813084,0.46464646464646464,0.2476190476190476,0.2268041237113402,0.2616822429906542,0.3434343434343435,0.030717490052419586,0.1500049105581167,0.427169763107263,0.39224271614398043
8259,0.5789473684210527,0.5411764705882353,0.21276595744680848,0.19047619047619052,0.21052631578947367,0.2588235294117647,0.13889864506809244,0.041862822694817815,0.43370997790846766,0.38247809121729665
8260,0.46153846153846156,0.5309734513274337,0.2836879432624113,0.3063063063063063,0.44755244755244755,0.37168141592920356,0.08732743774734335,0.1025971892992958,0.45884107768322085,0.4462220274186086
8261,0.40476190476190477,0.3132530120481928,0.17073170731707316,0.04938271604938272,0.16666666666666666,0.19277108433734938,0.06586716003473081,0.011055446882286175,0.4693308550185874,0.3170177612556795
8262,0.3652173913043478,0.4042553191489362,0.12389380530973451,0.06521739130434782,0.2608695652173913,0.2553191489361702,0.06743392319512985,0.015360875768478385,0.2704255319148936,0.22998255798108633
8263,0.37777777777777777,0.4096385542168674,0.1818181818181818,0.14814814814814814,0.24444444444444444,0.26506024096385544,0.10538486915909825,0.12519775678207912,0.284983711794577,0.27345731191885037
8264,0.45637583892617445,0.33663366336633666,0.20408163265306123,0.0808080808080808,0.29530201342281875,0.2376237623762376,0.07993888563470482,0.02722220545238604,0.3761679690368431,0.21885952102803738
8265,0.41414141414141414,0.5529411764705883,0.17346938775510204,0.2976190476190476,0.2525252525252525,0.3764705882352941,0.07120108516993373,0.12113836250483369,0.21532506485084307,0.3181551044798908
8266,0.3666666666666667,0.3962264150943396,0.0847457627118644,0.11538461538461538,0.21666666666666665,0.22641509433962265,0.022042716406087945,0.028201304683778832,0.22173256106774109,0.2382060831781502
8267,0.2574257425742574,0.4,0.0808080808080808,0.19354838709677422,0.1782178217821782,0.2736842105263158,0.021126480857843462,0.09593129759879486,0.12634194831013917,0.2939550885560275
8268,0.5238095238095238,0.4946236559139786,0.33870967741935487,0.3516483516483517,0.4126984126984127,0.3870967741935484,0.1860188041273946,0.09475959006462746,0.3866195999327618,0.30271568086694134
8269,0.5625,0.4444444444444445,0.2698412698412698,0.21052631578947367,0.296875,0.1925925925925926,0.10620278327507753,0.08414225549177602,0.4201013680011205,0.29331047222694073
8270,0.5755395683453237,0.631578947368421,0.2773722627737227,0.39285714285714285,0.3741007194244604,0.43859649122807015,0.14431546522688685,0.1854338309878832,0.404896733468162,0.40857167620038126
8271,0.5,0.4444444444444444,0.28813559322033894,0.1886792452830189,0.45,0.2962962962962963,0.20145170703953122,0.13515018568719295,0.3904268808114962,0.28084745762711866
8272,0.5578947368421052,0.5135135135135135,0.2765957446808511,0.2328767123287671,0.30526315789473685,0.25675675675675674,0.2162460828373224,0.11178911354608713,0.3178133069903578,0.2576173939614165
8273,0.5882352941176472,0.5148514851485148,0.30769230769230765,0.303030303030303,0.2857142857142857,0.4158415841584158,0.15890001015965552,0.13607201331702404,0.4041559779228856,0.3488813045127039
8274,0.5151515151515151,0.2156862745098039,0.2,0.08,0.2272727272727273,0.1568627450980392,0.030926360833001244,0.019814816165401705,0.327910482374768,0.10251083815028902
8275,0.26865671641791045,0.28148148148148144,0.0303030303030303,0.03007518796992481,0.14925373134328357,0.11851851851851852,0.017761940081573165,0.017278508543533203,0.13867488443759632,0.14592933947772657
8276,0.4228571428571429,0.4968152866242038,0.18497109826589594,0.2967741935483871,0.25142857142857145,0.3949044585987261,0.13887010374489656,0.19565993476904792,0.3292566843587252,0.3828547648772368
8277,0.6573426573426574,0.9166666666666666,0.5957446808510638,0.851063829787234,0.6433566433566433,0.9166666666666666,0.338424500015158,0.6053282895331628,0.7144771604701918,0.7968697793729319
8278,0.3850931677018633,0.45197740112994345,0.1509433962264151,0.2057142857142857,0.2732919254658386,0.3615819209039548,0.0714901786119503,0.12420919680641469,0.2520601951864183,0.33096082239127717
8279,0.423728813559322,0.5348837209302325,0.1896551724137931,0.2619047619047619,0.27118644067796616,0.2790697674418605,0.13645561402524667,0.09674172753711992,0.35876753368676834,0.3364872068230278
8280,0.07017543859649122,0.09523809523809523,0.0,0.0,0.052631578947368425,0.07142857142857144,0.0032284492022662025,0.005223577740745086,0.03456221198156682,0.0373134328358209
8281,0.2077922077922078,0.14432989690721648,0.02666666666666666,0.021052631578947368,0.12987012987012989,0.12371134020618557,0.010874186245524662,0.007795274631335565,0.13160150891632375,0.10174418604651163
8282,0.37878787878787884,0.3673469387755102,0.15384615384615383,0.16666666666666669,0.303030303030303,0.326530612244898,0.08814994905828351,0.07845524597545818,0.3044538621461699,0.2679997925095965
8283,0.23703703703703705,0.3090909090909091,0.03007518796992481,0.05555555555555555,0.14814814814814814,0.16363636363636366,0.0037880804373367463,0.011072581435845821,0.12745098039215688,0.18204953419677347
8284,0.44025157232704404,0.3787878787878788,0.17834394904458598,0.12307692307692307,0.2893081761006289,0.24242424242424243,0.03162361602738338,0.031014651727797018,0.3082872928176795,0.1909293668494869
8285,0.711111111111111,0.4571428571428572,0.6766917293233082,0.31884057971014496,0.6962962962962963,0.4,0.37859030732692306,0.1844063904789403,0.6514161220043573,0.40865479139632727
8286,0.25,0.34782608695652173,0.11764705882352938,0.11940298507462688,0.19230769230769232,0.17391304347826086,0.046323394415878606,0.08320287117027969,0.28311214794444356,0.28771977416456146
8287,0.46464646464646464,0.425,0.10309278350515463,0.10256410256410256,0.26262626262626265,0.32499999999999996,0.01722162818073382,0.030438526886045675,0.27100213219616204,0.2596227134146341
8288,0.5138888888888888,0.4329896907216495,0.15492957746478875,0.16842105263157894,0.25000000000000006,0.26804123711340205,0.028887286988432997,0.02596905286504879,0.3148660054336969,0.18356643356643357
8289,0.5274725274725275,0.4925373134328358,0.32222222222222224,0.2878787878787879,0.32967032967032966,0.32835820895522383,0.207327814331903,0.16378286138016446,0.4969413325471697,0.3507334581772784
8290,0.41758241758241754,0.4776119402985075,0.20224719101123595,0.24615384615384617,0.21978021978021978,0.35820895522388063,0.025279619843431637,0.01590065088728635,0.2922694141852342,0.24505108556832697
8291,0.4366197183098592,0.43971631205673756,0.14285714285714285,0.14388489208633093,0.28169014084507044,0.28368794326241137,0.06463926947394708,0.06550710485781203,0.2860734939571904,0.2864892984542212
8292,0.3287671232876712,0.3609022556390977,0.06944444444444445,0.04580152671755725,0.1643835616438356,0.19548872180451127,0.008828560629131057,0.00860583293250388,0.24758735440931778,0.18575574274030945
8293,0.3404255319148936,0.3440860215053763,0.15217391304347827,0.13186813186813187,0.23404255319148937,0.23655913978494625,0.07930219617625987,0.07968371423736574,0.23243400058021466,0.2944591029023747
8294,0.6890756302521008,0.7291666666666669,0.47863247863247865,0.5957446808510638,0.5714285714285714,0.7083333333333334,0.4300680747817415,0.362684467861173,0.6992537049481836,0.5232432432432432
8295,0.4413793103448275,0.41025641025641024,0.2517482517482518,0.2260869565217391,0.3310344827586207,0.376068376068376,0.10790649939200021,0.13219575758851151,0.31794447603784315,0.18856746047055065
8296,0.4583333333333333,0.4580152671755725,0.14084507042253522,0.20155038759689922,0.27777777777777773,0.35114503816793896,0.08217526668736105,0.09824442237539738,0.3070086599148686,0.2996721831349469
8297,0.2417582417582418,0.28169014084507044,0.02247191011235955,0.02898550724637681,0.17582417582417584,0.14084507042253522,0.005488673667067168,0.007259447857267675,0.13819095477386933,0.10666666666666667
8298,0.5962732919254657,0.5211267605633804,0.22641509433962265,0.22857142857142856,0.29813664596273287,0.352112676056338,0.10179294756164371,0.1494169302815086,0.4170190598762028,0.3502080443828016
8299,0.28037383177570097,0.4000000000000001,0.07619047619047621,0.1590909090909091,0.24299065420560745,0.26666666666666666,0.011912967260166678,0.03652781498295658,0.15856236786469344,0.27686403508771923
8300,0.43478260869565216,0.4705882352941177,0.13186813186813184,0.12972972972972974,0.2717391304347826,0.2887700534759358,0.09187956118077086,0.06274165199269777,0.2923750894505673,0.32887313128885154
8301,0.6712328767123288,0.7022900763358779,0.513888888888889,0.6046511627906976,0.6027397260273972,0.6717557251908397,0.322435204043121,0.36635664791677847,0.5698783051106459,0.5528601694915254
8302,0.5093167701863354,0.5864661654135338,0.32704402515723263,0.3969465648854962,0.4720496894409938,0.5263157894736842,0.21073183903632342,0.21056970569766018,0.34054263698532466,0.3993990282917619
8303,0.6713286713286714,0.7804878048780487,0.6099290780141844,0.7438016528925621,0.6573426573426573,0.7804878048780487,0.4016212738479532,0.509565948966162,0.7165078068264342,0.8154798987445586
8304,0.5212121212121212,0.5230769230769231,0.24539877300613497,0.35937499999999994,0.2545454545454546,0.4307692307692308,0.13662873630436426,0.23201790100475553,0.3513268627754264,0.3866358587533157
8305,0.5714285714285714,0.5874125874125874,0.31446540880503143,0.2553191489361702,0.48447204968944096,0.4195804195804196,0.23702406309575494,0.1381359319493354,0.4581021482429932,0.39122278268905214
8306,0.17500000000000002,0.3103448275862069,0.0,0.10714285714285714,0.1,0.20689655172413793,0.005720251726917803,0.018527424518670454,0.12711864406779663,0.20668816965113257
8307,0.5510204081632653,0.6493506493506493,0.2916666666666667,0.4,0.42857142857142855,0.5974025974025973,0.1315515275029985,0.22356869918870712,0.49268095774288806,0.5067567567567568
8308,0.37209302325581395,0.43243243243243246,0.10328638497652583,0.0983606557377049,0.19534883720930232,0.2594594594594594,0.008144790725941353,0.009605384569500363,0.1686471196258996,0.17321262819657618
8309,0.5656565656565656,0.4615384615384615,0.2653061224489796,0.22077922077922077,0.3333333333333333,0.30769230769230765,0.15720612853514396,0.08141101949802824,0.4120700183187462,0.2457596371882086
8310,0.3865546218487395,0.30612244897959184,0.13675213675213677,0.10416666666666667,0.2689075630252101,0.1836734693877551,0.029823628634547426,0.010691817957851993,0.18667763157894735,0.11554545454545452
8311,0.2542372881355932,0.40404040404040403,0.08620689655172414,0.12371134020618557,0.2033898305084746,0.2828282828282828,0.04466891446919068,0.07223500778803758,0.1287128712871287,0.2587090163934426
8312,0.4,0.27777777777777773,0.14457831325301204,0.05714285714285714,0.2588235294117647,0.2222222222222222,0.026210756672153043,0.007928399830171252,0.18324607329842935,0.12129380053908355
8313,0.34224598930481287,0.3502824858757062,0.09729729729729727,0.14857142857142858,0.20320855614973266,0.28248587570621464,0.016434088606752436,0.051896897873504544,0.16904205128205133,0.21446040084473614
8314,0.5492957746478874,0.5323741007194245,0.28571428571428575,0.32116788321167883,0.19718309859154928,0.3597122302158274,0.19223243858689942,0.24695633820498325,0.3711951493919138,0.3802002882723845
8315,0.33644859813084116,0.3896103896103896,0.19047619047619052,0.16,0.24299065420560745,0.2597402597402597,0.07749370908741021,0.0693167055723383,0.4271803479893149,0.3232516861909834
8316,0.4698795180722891,0.5230769230769231,0.2073170731707317,0.15625,0.3253012048192771,0.2769230769230769,0.08074334676324828,0.0700833937852679,0.3887523915240777,0.30909705528846154
8317,0.4000000000000001,0.55,0.08849557522123894,0.3220338983050847,0.1739130434782609,0.4666666666666667,0.014895877919526236,0.15746295599495724,0.2846809080335702,0.48832116788321167
8318,0.35862068965517235,0.16842105263157897,0.1118881118881119,0.021505376344086023,0.20689655172413796,0.10526315789473684,0.08099125439374119,0.005081164696595983,0.2651285366217493,0.06422018348623852
8319,0.20779220779220778,0.45614035087719296,0.10666666666666667,0.21818181818181817,0.15584415584415584,0.28070175438596484,0.022496413075522317,0.09970617113450042,0.22830715019820877,0.21235521235521237
8320,0.6068965517241379,0.5084745762711864,0.4195804195804196,0.29310344827586204,0.5793103448275861,0.423728813559322,0.23263380167933378,0.2009384309485614,0.714487996636588,0.5076083333530329
8321,0.5617977528089888,0.5000000000000001,0.25287356321839083,0.2790697674418605,0.449438202247191,0.43181818181818177,0.03760979247438992,0.03772925335113756,0.5110743801652894,0.32760949614196105
8322,0.3170731707317073,0.2580645161290322,0.11111111111111112,0.05228758169934641,0.17073170731707318,0.16774193548387095,0.0198406524458567,0.013907967440167186,0.2839422657337985,0.1617873651771957
8323,0.3529411764705883,0.28571428571428564,0.14569536423841062,0.09708737864077671,0.22222222222222224,0.20952380952380956,0.08913296634964196,0.08007510924117403,0.32316552901023887,0.21320259947554435
8324,0.5617977528089888,0.48571428571428577,0.3218390804597701,0.2058823529411765,0.49438202247191004,0.37142857142857144,0.10777404963273683,0.03709091243806321,0.46875,0.27937739440522374
8325,0.41379310344827586,0.4464285714285714,0.23776223776223773,0.16363636363636364,0.23448275862068968,0.23214285714285712,0.08978619912096625,0.12113610558464948,0.31227305737109673,0.30256073127973954
8326,0.5487804878048781,0.5844155844155844,0.4197530864197531,0.4605263157894737,0.47560975609756106,0.5324675324675325,0.310278019500475,0.3326372373400407,0.5055953344758822,0.6144250878747637
8327,0.4153846153846154,0.3620689655172414,0.171875,0.14035087719298248,0.2153846153846154,0.22413793103448276,0.08733894883195875,0.08707487335130791,0.2716497397080898,0.22037041646959252
8328,0.6153846153846154,0.536231884057971,0.33766233766233766,0.27941176470588236,0.39743589743589747,0.2608695652173913,0.1460332241580159,0.09720219560013858,0.3895314168434774,0.2661235174698151
8329,0.48192771084337355,0.5,0.2716049382716049,0.3142857142857143,0.2891566265060241,0.33333333333333337,0.20792339374889604,0.2371144604616222,0.46701570680628274,0.42422518396925923
8330,0.8551724137931035,0.8767123287671232,0.7832167832167832,0.8333333333333334,0.8551724137931035,0.8767123287671232,0.5827465787216022,0.6462203991130044,0.710546099312022,0.7361146051712089
8331,0.30303030303030304,0.3541666666666667,0.07692307692307693,0.0851063829787234,0.19696969696969696,0.1875,0.01011510520463225,0.057577160338474404,0.19666523235800348,0.22055352055352054
8332,0.4635761589403973,0.4528301886792453,0.28187919463087246,0.2692307692307692,0.3576158940397351,0.4339622641509434,0.16079226673852767,0.17415138078563042,0.4480556251138226,0.36053900709219855
8333,0.3625730994152046,0.23021582733812954,0.13017751479289938,0.029197080291970802,0.2573099415204679,0.10071942446043167,0.019865855156358938,0.0027240065001355755,0.1952115460172576,0.0909317898081943
8334,0.4725274725274725,0.45121951219512196,0.13333333333333333,0.13580246913580246,0.2527472527472528,0.2926829268292683,0.11149394100163028,0.09391745957717301,0.3047804007782374,0.2591284482593817
8335,0.36279069767441857,0.3431372549019608,0.10328638497652583,0.10891089108910892,0.2046511627906977,0.2156862745098039,0.0528325719772258,0.048583042198155374,0.19295071560480154,0.173282639067485
8336,0.549618320610687,0.45045045045045046,0.2170542635658915,0.07339449541284403,0.42748091603053434,0.27027027027027023,0.14903287673523916,0.016826685014478007,0.46208243534482757,0.2448402351173377
8337,0.5205479452054794,0.5,0.23611111111111113,0.1384615384615385,0.3972602739726028,0.303030303030303,0.07467522857143867,0.0363247731133674,0.4022739430555913,0.3194166708068362
8338,0.8472222222222222,0.7538461538461539,0.76056338028169,0.65625,0.6805555555555556,0.7384615384615384,0.5656789976285483,0.4625502014850191,0.7698882847647018,0.6254058540210367
8339,0.41333333333333333,0.339622641509434,0.17567567567567569,0.11538461538461538,0.30666666666666664,0.22641509433962262,0.07252854126424071,0.03739134436555839,0.3875118143845849,0.20189348748854338
8340,0.6011560693641618,0.4794520547945206,0.3859649122807018,0.29166666666666663,0.38150289017341044,0.3698630136986301,0.2834191580028802,0.15335178553127826,0.443642141861181,0.29846464235143866
8341,0.6034482758620691,0.31683168316831684,0.4736842105263158,0.16161616161616163,0.5344827586206897,0.2772277227722772,0.29949372923649237,0.10234249574848989,0.4203763153201356,0.20185494490460204
8342,0.44,0.38961038961038963,0.08163265306122448,0.21333333333333335,0.18,0.33766233766233766,0.01164069729160941,0.11261117768451277,0.2448453608247423,0.3449453551912568
8343,0.7387387387387386,0.7478260869565216,0.5871559633027523,0.5663716814159293,0.6666666666666666,0.6782608695652174,0.39528004905475694,0.4035368462855537,0.6804878756035964,0.7175495243718282
8344,0.3333333333333333,0.3793103448275862,0.05999999999999999,0.14285714285714285,0.17647058823529413,0.2413793103448276,0.008955590288565624,0.023482657122638518,0.25477707006369427,0.23278388278388276
8345,0.649122807017544,0.41071428571428575,0.5892857142857142,0.2545454545454546,0.6140350877192982,0.32142857142857145,0.4673649499282377,0.19820996764934853,0.6967453145917,0.372503616741773
8346,0.45161290322580644,0.36666666666666664,0.18300653594771243,0.15254237288135591,0.2838709677419355,0.2833333333333333,0.10221753412595076,0.08681159602478161,0.38341604077253216,0.2779794257066984
8347,0.4251968503937008,0.5652173913043477,0.24,0.3777777777777778,0.31496062992125984,0.43478260869565216,0.1339111948666829,0.22659977945908566,0.4245917597261262,0.44891338582677165
8348,0.738255033557047,0.6,0.5578231292517006,0.36231884057971014,0.5771812080536913,0.5,0.34663087143607707,0.11805411254766537,0.6219418174342105,0.4159960388508029
8349,0.3870967741935484,0.5210084033613445,0.26229508196721313,0.4102564102564102,0.3064516129032258,0.5210084033613445,0.13301630915227886,0.2200186791888524,0.3962413052654762,0.4760904361744697
8350,0.838095238095238,0.6324786324786323,0.6213592233009708,0.45217391304347826,0.7999999999999999,0.5811965811965812,0.4244724941674343,0.3027059304707869,0.6814509359523211,0.5620750144675926
8351,0.5027322404371585,0.3821656050955414,0.25414364640883974,0.09032258064516129,0.34972677595628415,0.21656050955414013,0.1830177460416694,0.02218685952315873,0.32106054169563086,0.19268244156637013
8352,0.42016806722689076,0.4742268041237114,0.17094017094017094,0.23157894736842105,0.33613445378151263,0.3711340206185567,0.0751124270113967,0.08374493457638639,0.2980033044522454,0.25545869561952816
8353,0.575,0.5827814569536424,0.4936708860759493,0.5100671140939597,0.5125000000000001,0.5562913907284769,0.368651990563097,0.39289337916399075,0.6460902610235614,0.6288700197172242
8354,0.6330935251798561,0.696969696969697,0.4817518248175182,0.5384615384615385,0.60431654676259,0.6212121212121211,0.38478070414809273,0.4167060277857063,0.5432865466101696,0.590070246641366
8355,0.5116279069767442,0.43902439024390244,0.20472440944881892,0.20987654320987653,0.40310077519379844,0.3658536585365854,0.12530021137440372,0.1404304855129022,0.32679355783308933,0.39864135069069406
8356,0.33333333333333337,0.2608695652173913,0.0425531914893617,0.02985074626865672,0.14583333333333334,0.20289855072463767,0.00994291166603031,0.00893407631449372,0.18561536743354926,0.12968299711815562
8357,0.43478260869565216,0.3262411347517731,0.20588235294117646,0.08633093525179857,0.34782608695652173,0.22695035460992907,0.02415411207097094,0.004840370220823159,0.2004604327734826,0.11363636363636362
8358,0.38709677419354843,0.6896551724137931,0.0784313725490196,0.6491228070175438,0.27096774193548384,0.6896551724137931,0.05115849213771903,0.3032387118360964,0.2503652684889728,0.46987667206855827
8359,0.608,0.37837837837837834,0.3902439024390244,0.10958904109589042,0.39999999999999997,0.21621621621621617,0.19079982291920083,0.02589793486917335,0.4094533055641466,0.21065333613484613
8360,0.5321100917431192,0.5142857142857143,0.3364485981308411,0.2524271844660194,0.4403669724770642,0.39999999999999997,0.14728344732251553,0.051020989993044004,0.343578125,0.4002834645669291
8361,0.5801526717557253,0.6016260162601627,0.3875968992248062,0.4132231404958678,0.38167938931297707,0.40650406504065045,0.21875709020671216,0.2565056909621634,0.5172293724482276,0.5122541309697833
8362,0.7131782945736435,0.8598130841121495,0.6929133858267716,0.8380952380952381,0.7131782945736435,0.8598130841121495,0.41546187317485944,0.574473007955345,0.759829355471002,0.8222961745274403
8363,0.5142857142857142,0.4716981132075472,0.17475728155339806,0.21153846153846154,0.34285714285714286,0.3773584905660377,0.03204078960246967,0.03673190387281503,0.3842975206611571,0.3613163773844303
8364,0.5562913907284769,0.3918918918918919,0.2953020134228188,0.1917808219178082,0.3311258278145695,0.25675675675675674,0.15841008152855912,0.10561393446836936,0.4056619945603099,0.2215757424090758
8365,0.5492957746478873,0.6277372262773723,0.24285714285714285,0.39999999999999997,0.35211267605633806,0.5401459854014597,0.09702457466997208,0.23211214746730327,0.4455009684803663,0.5461243468000225
8366,0.326241134751773,0.3893805309734514,0.10071942446043164,0.10810810810810811,0.19858156028368792,0.1946902654867257,0.024530909131952768,0.011190409023963328,0.22405619371066257,0.18554744525547442
8367,0.3333333333333333,0.3865546218487395,0.14516129032258066,0.13675213675213674,0.1904761904761905,0.21848739495798322,0.06939324458653504,0.054207039453009066,0.23909657320872277,0.26198015122873347
8368,0.3790849673202614,0.49152542372881364,0.1324503311258278,0.17241379310344826,0.26143790849673204,0.3559322033898305,0.06348029706942378,0.09463828889338871,0.3933476834768348,0.49156048378585654
8369,0.6950354609929078,0.8034188034188035,0.5899280575539567,0.6608695652173913,0.6950354609929078,0.7863247863247864,0.4573887409574055,0.49906441668006,0.6655941852681444,0.6882317215113216
8370,0.5730994152046783,0.4999999999999999,0.2366863905325444,0.21505376344086022,0.42105263157894735,0.276595744680851,0.16148261615317247,0.09697484899882597,0.43757646491569996,0.39218958611481974
8371,0.35384615384615387,0.5166666666666667,0.078125,0.15254237288135591,0.19999999999999998,0.19999999999999998,0.013657366886037478,0.016231917650317965,0.2000507716954659,0.33486691667428886
8372,0.3716814159292035,0.3716814159292035,0.0900900900900901,0.0900900900900901,0.2831858407079646,0.2831858407079646,0.013599739580232311,0.013599739580232311,0.2026889081039535,0.2026889081039535
8373,0.3823529411764707,0.38202247191011235,0.11940298507462685,0.16091954022988506,0.19117647058823534,0.24719101123595505,0.02855772562532869,0.037394378678131515,0.34782174688057044,0.23382955771305286
8374,0.45054945054945056,0.43529411764705883,0.12222222222222223,0.11904761904761904,0.2087912087912088,0.27058823529411763,0.03266109110750358,0.026888084003869054,0.29392758124700347,0.24155144458488131
8375,0.3218390804597701,0.17500000000000002,0.07058823529411766,0.05128205128205127,0.2298850574712644,0.1,0.024735654061400793,0.012660998324628945,0.2262777140449043,0.13901212658976636
8376,0.40437158469945356,0.4385026737967914,0.143646408839779,0.16216216216216214,0.22950819672131148,0.19251336898395724,0.05921757542841726,0.03742884555450163,0.30000000000000004,0.26583336248652334
8377,0.3,0.5161290322580645,0.14285714285714285,0.16666666666666669,0.28,0.25806451612903225,0.01001757146410903,0.0203556143790228,0.1506849315068493,0.25763679086941926
8378,0.34,0.409090909090909,0.12244897959183673,0.1627906976744186,0.26,0.29545454545454547,0.1187213441765688,0.10744536239637013,0.21520638330520175,0.2803109975961538
8379,0.4516129032258065,0.5396825396825397,0.16304347826086957,0.2245989304812834,0.3010752688172043,0.380952380952381,0.0922186421211937,0.1531287538982211,0.30157469266561665,0.32894908601718864
8380,0.4275862068965517,0.40287769784172667,0.19580419580419584,0.16058394160583941,0.3448275862068965,0.3165467625899281,0.021055635114676605,0.010794803135620942,0.3526207957050416,0.3190890907575631
8381,0.7894736842105263,0.7894736842105263,0.7142857142857142,0.7142857142857142,0.7894736842105263,0.7894736842105263,0.4469594451908329,0.4469594451908329,0.7773895940002682,0.7773895940002682
8382,0.30303030303030304,0.34146341463414637,0.14432989690721648,0.2750000000000001,0.24242424242424243,0.31707317073170727,0.08145291049897864,0.16088446999152947,0.2510741138560687,0.2297145003756574
8383,0.4444444444444445,0.6290322580645161,0.1971830985915493,0.4098360655737705,0.3333333333333333,0.5645161290322579,0.08106687584322446,0.1909962481138148,0.3441394080996884,0.5297764791818846
8384,0.5769230769230769,0.5555555555555556,0.33766233766233766,0.45161290322580644,0.41025641025641024,0.5238095238095237,0.18262794022771453,0.16564439210880294,0.41661342087675624,0.3431926994206269
8385,0.296875,0.40963855421686746,0.07936507936507937,0.1728395061728395,0.171875,0.26506024096385544,0.009097115577366264,0.04765283582328867,0.19675925925925924,0.3566174118851148
8386,0.5128205128205129,0.5032258064516129,0.2987012987012987,0.2745098039215686,0.39743589743589747,0.38709677419354843,0.2458459457200383,0.19255357116610844,0.38753321809128205,0.3638978972695889
8387,0.33962264150943394,0.3333333333333333,0.07692307692307693,0.06382978723404255,0.18867924528301885,0.18749999999999997,0.02447573795099288,0.028982767760828927,0.2014937969448899,0.17417859259886523
8388,0.5359477124183006,0.5757575757575758,0.2119205298013245,0.2153846153846154,0.3790849673202615,0.4090909090909091,0.13164451464827523,0.159161995752392,0.43460842679283523,0.42341463414634145
8389,0.5223880597014926,0.45454545454545453,0.2878787878787879,0.2790697674418604,0.3432835820895523,0.34090909090909094,0.13544894983917005,0.18207089062870085,0.5551588827252034,0.3539852725060442
8390,0.4,0.38888888888888884,0.1836734693877551,0.2285714285714286,0.26,0.2777777777777778,0.026396548405028204,0.050117246628245134,0.3559269575982668,0.26706586826347306
8391,0.8045977011494253,0.6081081081081081,0.7558139534883721,0.5479452054794519,0.7816091954022988,0.5540540540540541,0.6588581454534179,0.46594241850757484,0.8013582472490928,0.4932382300904197
8392,0.2857142857142857,0.2784810126582279,0.05454545454545454,0.0,0.17857142857142858,0.12658227848101267,0.023550443892434977,0.005044052691228382,0.20084454236239951,0.11044176706827309
8393,0.18867924528301885,0.2898550724637681,0.0,0.11940298507462688,0.1509433962264151,0.2608695652173913,0.004162420118136847,0.017827225666572345,0.09900990099009901,0.18753994684966532
8394,0.41935483870967744,0.4503311258278146,0.17391304347826086,0.174496644295302,0.25806451612903225,0.2516556291390728,0.12159317691652406,0.1112260799001125,0.29207360506529484,0.22642517814726837
8395,0.3448275862068966,0.3661971830985915,0.09411764705882353,0.057971014492753624,0.13793103448275862,0.14084507042253522,0.01558500916206472,0.017313061339977776,0.26672535211267606,0.18691176470588233
8396,0.1744186046511628,0.25609756097560976,0.023529411764705882,0.024691358024691357,0.06976744186046513,0.10975609756097561,0.004656500864145956,0.004488804095095885,0.0954138095253954,0.10604308420514755
8397,0.41269841269841273,0.5,0.1935483870967742,0.24489795918367344,0.20634920634920637,0.24000000000000002,0.0860204265061898,0.1222679881138429,0.2974444073261776,0.3641188755637556
8398,0.43333333333333335,0.32075471698113206,0.11864406779661017,0.03846153846153846,0.25,0.1509433962264151,0.05299011647119595,0.010288252588200673,0.3211689299058719,0.21089493677212978
8399,0.46774193548387094,0.38,0.1639344262295082,0.12244897959183673,0.27419354838709675,0.20000000000000004,0.04165390095137291,0.016041629863027897,0.41109441981460443,0.22635756056808687
8400,0.31168831168831174,0.6440677966101694,0.11842105263157894,0.4310344827586207,0.1818181818181818,0.576271186440678,0.02524279868809682,0.27423108058943013,0.3044538621461699,0.591691168797687
8401,0.4444444444444444,0.32432432432432434,0.2061855670103093,0.1111111111111111,0.36363636363636365,0.24324324324324323,0.09703328174669225,0.019782115043343255,0.32993287875559335,0.17984407936561048
8402,0.288659793814433,0.15555555555555556,0.10526315789473685,0.022727272727272728,0.20618556701030927,0.08888888888888889,0.025638922977847523,0.005599757876912195,0.23150977995110023,0.08750000000000001
8403,0.41836734693877553,0.37267080745341613,0.12371134020618557,0.11320754716981134,0.20408163265306123,0.1987577639751553,0.050090293219280685,0.013470379367743122,0.23385025615965027,0.16903424732958924
8404,0.3551401869158879,0.42696629213483145,0.15238095238095237,0.25287356321839083,0.29906542056074764,0.38202247191011235,0.05670064571372339,0.1648709080885425,0.345083266572349,0.3765352551864579
8405,0.2653061224489796,0.3287671232876712,0.10416666666666666,0.19718309859154928,0.2653061224489796,0.3287671232876712,0.022281646936186346,0.04874286287450101,0.1826354510451045,0.18073075250108744
8406,0.38260869565217387,0.4946236559139785,0.1592920353982301,0.21978021978021978,0.31304347826086953,0.38709677419354843,0.05215645177631585,0.12913106185779066,0.1706827309236948,0.2545989740861328
8407,0.3680981595092025,0.6370370370370372,0.16149068322981366,0.49624060150375937,0.24539877300613497,0.5333333333333333,0.08328638406563006,0.34915800133613406,0.22431015290878198,0.506218112244898
8408,0.4098360655737705,0.4631578947368421,0.1,0.17204301075268816,0.21311475409836064,0.3368421052631579,0.08077696234278228,0.0884175306899128,0.23317007972922388,0.2974100793436467
8409,0.5166666666666667,0.5396825396825398,0.27118644067796605,0.33870967741935487,0.3666666666666667,0.2857142857142857,0.09315871949694429,0.18138418171074078,0.30717267043263996,0.3586053253884487
8410,0.6446280991735536,0.6346153846153846,0.48739495798319327,0.3725490196078432,0.5785123966942148,0.4807692307692308,0.3072805165964986,0.26696984270550944,0.6367924528301887,0.5533814889645594
8411,0.5294117647058824,0.5242718446601942,0.28,0.25742574257425743,0.35294117647058826,0.33009708737864074,0.20247469739337648,0.19089930432372385,0.49706877943485084,0.49959909066473496
8412,0.4360902255639098,0.5421686746987951,0.2595419847328244,0.32926829268292684,0.33082706766917286,0.32530120481927716,0.2308351629772931,0.2091770222309928,0.4383630990923112,0.5699674235891539
8413,0.3945578231292517,0.4411764705882353,0.12413793103448276,0.14925373134328357,0.16326530612244897,0.17647058823529413,0.056054571499523184,0.05920358235784676,0.2334394020356847,0.25083032799737714
8414,0.5217391304347826,0.6575342465753424,0.35555555555555557,0.47887323943661975,0.4782608695652174,0.5753424657534247,0.11692676709903456,0.206264225994693,0.30815336004430116,0.4441779290897211
8415,0.6068965517241379,0.6143790849673203,0.48951048951048953,0.4768211920529802,0.5655172413793104,0.5490196078431373,0.3512522900317499,0.3703461063407926,0.5184666971498246,0.5224139285730793
8416,0.4444444444444445,0.4516129032258065,0.2268041237113402,0.24175824175824176,0.40404040404040403,0.4301075268817204,0.14685951182541487,0.13817790393734294,0.4470789926276468,0.3911045027429254
8417,0.5026737967914439,0.6282722513089005,0.2162162162162162,0.38095238095238093,0.3636363636363637,0.35602094240837695,0.13222415362265547,0.27189541024282726,0.365522549284364,0.4842834996530216
8418,0.6239999999999999,0.5585585585585585,0.30894308943089427,0.25688073394495414,0.432,0.37837837837837834,0.14977210691018056,0.07836450860878418,0.37723630049783563,0.3672245444628063
8419,0.26415094339622647,0.31428571428571433,0.05095541401273885,0.07246376811594202,0.18867924528301888,0.17142857142857143,0.007636706101458078,0.012442474230024717,0.12385919165580182,0.14666666666666667
8420,0.4393939393939394,0.3333333333333333,0.1692307692307692,0.15094339622641512,0.22727272727272727,0.20370370370370372,0.08839374326825923,0.02470796628000464,0.2932111392957477,0.17194212531409583
8421,0.4,0.22695035460992904,0.09815950920245398,0.05755395683453238,0.21818181818181817,0.17021276595744683,0.06531118856283426,0.05312302939647288,0.2633867280336494,0.17208555329486652
8422,0.5932203389830509,0.6138613861386139,0.396551724137931,0.40404040404040403,0.45762711864406785,0.5346534653465346,0.23250740968051978,0.2700090943230636,0.563001002004008,0.5351465120209574
8423,0.5203252032520325,0.5098039215686275,0.2479338842975206,0.26,0.34146341463414637,0.39215686274509803,0.12037374000486066,0.16777402882140335,0.3839540934335534,0.3031352885842908
8424,0.609442060085837,0.42727272727272725,0.3116883116883116,0.11926605504587157,0.2832618025751073,0.2272727272727273,0.1567665149126026,0.014224736360316494,0.3126536185707783,0.18836765216674145
8425,0.35514018691588783,0.2388059701492537,0.19047619047619047,0.030769230769230767,0.29906542056074764,0.11940298507462685,0.12175786528564365,0.012190246787179232,0.4230617866981503,0.14000822368421054
8426,0.5391304347826087,0.3555555555555555,0.336283185840708,0.11363636363636363,0.41739130434782606,0.2,0.21801837467061866,0.0137273160248634,0.41618259242502437,0.15838501936741045
8427,0.3650793650793651,0.453781512605042,0.17741935483870971,0.2222222222222222,0.19047619047619047,0.28571428571428575,0.06141477122707083,0.09824206103656088,0.366362784357161,0.45541299790356393
8428,0.2978723404255319,0.37681159420289856,0.06521739130434782,0.11940298507462688,0.19148936170212766,0.2608695652173913,0.01006279867010102,0.03452110052043257,0.18229166666666666,0.25313212786354167
8429,0.3216783216783217,0.31250000000000006,0.07092198581560284,0.02127659574468085,0.16783216783216784,0.125,0.01938717074757913,0.009524518439370635,0.21941752699812528,0.1381692573402418
8430,0.47058823529411764,0.48717948717948717,0.19999999999999998,0.2105263157894737,0.3333333333333333,0.33333333333333337,0.018360579418080412,0.05200958936866471,0.3026190476190476,0.3520196136391299
8431,0.40625,0.39215686274509803,0.09523809523809523,0.07999999999999999,0.18749999999999997,0.17647058823529413,0.022226146120106767,0.01460772707779318,0.34261361729734574,0.24245111051144655
8432,0.608695652173913,0.5611510791366906,0.3406593406593406,0.3211678832116788,0.4130434782608696,0.28776978417266186,0.15072912788241566,0.15141303090623257,0.4879342349509413,0.36003080477474
8433,0.5714285714285715,0.3733333333333333,0.3448275862068965,0.1081081081081081,0.43537414965986393,0.21333333333333335,0.24145365350349648,0.09385357283012903,0.43479746836581523,0.2658419618528611
8434,0.4378698224852071,0.42953020134228187,0.22754491017964074,0.20408163265306126,0.3313609467455621,0.1879194630872483,0.145141897930079,0.11580729126714638,0.3655983937784329,0.3096265316938571
8435,0.4395604395604396,0.21951219512195125,0.22471910112359547,0.025,0.32967032967032966,0.12195121951219512,0.0831776544611041,0.005320971440969592,0.24950592885375494,0.060606060606060615
8436,0.3076923076923077,0.6956521739130436,0.06741573033707865,0.5074626865671642,0.1758241758241758,0.6666666666666666,0.013594021799031653,0.2929141160459279,0.2511604774535809,0.5951512836539575
8437,0.46857142857142864,0.4125,0.16184971098265896,0.13924050632911392,0.29714285714285715,0.2125,0.056771603781578056,0.009300794767133655,0.2686445172730439,0.19851325690065263
8438,0.37333333333333335,0.3103448275862069,0.1643835616438356,0.17857142857142855,0.2666666666666667,0.2413793103448276,0.09722173654869887,0.03267057405108945,0.3198582674416575,0.17722878625134264
8439,0.6347305389221556,0.6577181208053691,0.509090909090909,0.54421768707483,0.5988023952095809,0.6308724832214765,0.4469091818748319,0.3357663753429145,0.49323147031229053,0.4250376478682834
8440,0.46846846846846846,0.4269662921348315,0.1651376146788991,0.09195402298850575,0.3783783783783784,0.2921348314606741,0.03384129602542208,0.031762929633536593,0.3525748521251296,0.25794937169914406
8441,0.5535714285714286,0.5565217391304348,0.23636363636363636,0.2654867256637168,0.4107142857142857,0.4695652173913043,0.050905473002901824,0.0929817374941346,0.4198796690252365,0.37832586305550253
8442,0.4363636363636364,0.3870967741935484,0.18404907975460125,0.13114754098360656,0.26666666666666666,0.22580645161290322,0.0779833975332273,0.08342996589698759,0.31002499038831216,0.2657732981508755
8443,0.47619047619047616,0.39215686274509803,0.2524271844660194,0.2,0.34285714285714286,0.3333333333333333,0.11469079029317523,0.17286039232097053,0.3532523865074018,0.33073852295409184
8444,0.3870967741935484,0.44680851063829785,0.21311475409836064,0.26086956521739124,0.3225806451612903,0.4042553191489362,0.02466714313882741,0.03649217855110974,0.2656777019358345,0.28207852661404575
8445,0.2857142857142857,0.4509803921568628,0.07272727272727272,0.09999999999999999,0.21428571428571427,0.27450980392156865,0.021211341552234704,0.034345921661261866,0.2424220367494824,0.2795635519888012
8446,0.3793103448275862,0.28125,0.2456140350877193,0.07936507936507936,0.22413793103448273,0.203125,0.09826642153402583,0.03500176914541493,0.34642944718415386,0.283248730964467
8447,0.8226950354609929,0.9305555555555556,0.7625899280575541,0.8591549295774648,0.8085106382978724,0.9305555555555556,0.6637113131276318,0.6448399560537205,0.7323158651758574,0.7910916577352688
8448,0.6461538461538462,0.7559055118110235,0.46875,0.56,0.5692307692307693,0.5984251968503937,0.3291471517488187,0.37211593918655156,0.5515901060070671,0.652535587188612
8449,0.6027397260273972,0.5161290322580645,0.3611111111111111,0.2745098039215686,0.5068493150684932,0.42580645161290326,0.25921000583239395,0.13081475290586733,0.5074738078034683,0.3969489650353722
8450,0.4776119402985075,0.4915254237288135,0.19696969696969696,0.2413793103448276,0.3432835820895522,0.3898305084745763,0.05410734354182638,0.0740600634212373,0.31366678311753526,0.33379886148007587
8451,0.4318181818181818,0.4269662921348315,0.2558139534883721,0.25287356321839083,0.3181818181818182,0.24719101123595508,0.18682966884488503,0.18975464141824344,0.32658229890063795,0.29360465116279066
8452,0.4333333333333333,0.44000000000000006,0.1864406779661017,0.163265306122449,0.2,0.16,0.06372168753943097,0.02114742050641213,0.2005804417553579,0.21326013513513511
8453,0.36065573770491804,0.4,0.15,0.14814814814814814,0.19672131147540983,0.2545454545454545,0.06970298883760381,0.1008906686250189,0.34456877729257646,0.409739569268161
8454,0.5697674418604651,0.7602339181286549,0.3882352941176471,0.6272189349112427,0.37209302325581395,0.6081871345029239,0.30097776486063205,0.5477454711542861,0.4668562594239688,0.7044657638636849
8455,0.4786324786324786,0.5294117647058822,0.22608695652173913,0.2,0.3931623931623932,0.31372549019607837,0.13981910172331063,0.046610048911630064,0.3017075098814229,0.31507272095983957
8456,0.37168141592920356,0.367816091954023,0.09009009009009009,0.09411764705882353,0.19469026548672566,0.25287356321839083,0.06862573731681512,0.029555432879545963,0.2593877551020408,0.20627605881062103
8457,0.5740740740740742,0.6185567010309279,0.2830188679245283,0.3157894736842105,0.38888888888888884,0.39175257731958757,0.18157536912086644,0.21925344863735524,0.37911779295051357,0.3760798422668049
8458,0.5050505050505051,0.4736842105263158,0.32989690721649484,0.33928571428571425,0.4444444444444445,0.4035087719298246,0.22063346280514315,0.2658405469822355,0.3443526170798898,0.4199623352165725
8459,0.49295774647887325,0.5357142857142857,0.24285714285714285,0.3090909090909091,0.25352112676056343,0.3928571428571428,0.040662254032317366,0.15256720246787286,0.3139240506329114,0.2583142437591777
8460,0.3684210526315789,0.43333333333333335,0.10666666666666669,0.1694915254237288,0.18421052631578946,0.23333333333333334,0.008269726917536496,0.09183130263358096,0.16829642023313096,0.25007625956919777
8461,0.46486486486486484,0.4736842105263158,0.2950819672131147,0.29333333333333333,0.36756756756756753,0.381578947368421,0.2358212634569836,0.2694131116066011,0.3986585977282193,0.3623891140908555
8462,0.5736434108527132,0.6190476190476191,0.3307086614173228,0.29032258064516125,0.49612403100775193,0.33333333333333337,0.1567595217233898,0.1440719182886893,0.3510772250919583,0.4118337982675084
8463,0.41904761904761906,0.46666666666666673,0.13592233009708737,0.18181818181818182,0.3238095238095238,0.39999999999999997,0.026078225888157922,0.03172639389317077,0.3231322088912073,0.3268387957317073
8464,0.2807017543859649,0.2916666666666667,0.0892857142857143,0.10638297872340424,0.19298245614035087,0.1875,0.025045361270148,0.029848263865389718,0.18634388740016128,0.13592233009708737
8465,0.3119266055045871,0.379746835443038,0.14953271028037385,0.2337662337662338,0.23853211009174313,0.3291139240506329,0.06388988773780561,0.03442208097764251,0.2855055894308943,0.259982800446675
8466,0.40579710144927533,0.32727272727272727,0.26865671641791045,0.26415094339622636,0.40579710144927533,0.32727272727272727,0.20220013177278284,0.11746155283991787,0.27286467712889123,0.211864406779661
8467,0.4202898550724638,0.36923076923076925,0.16176470588235295,0.109375,0.31884057971014496,0.26153846153846155,0.06693313404839672,0.05962666183490191,0.3042861605384524,0.2133656108490287
8468,0.3511450381679389,0.3300970873786408,0.06201550387596899,0.0396039603960396,0.18320610687022904,0.15533980582524273,0.008060806187718665,0.006142088024257253,0.19751243531881008,0.13282732447817835
8469,0.3893805309734513,0.5046728971962616,0.14414414414414414,0.34285714285714286,0.26548672566371684,0.4485981308411215,0.0993458397268001,0.26963583946717196,0.3555899649649649,0.4168725922546634
8470,0.45098039215686275,0.41025641025641024,0.2,0.1842105263157895,0.3137254901960784,0.3333333333333333,0.11057913790145216,0.0946423771296465,0.3748110831234257,0.2684871689396576
8471,0.3373493975903615,0.365079365079365,0.10975609756097562,0.1935483870967742,0.1927710843373494,0.253968253968254,0.050361168677760804,0.07089921327694594,0.24164516656360832,0.20133194293027445
8472,0.45859872611464964,0.5858585858585859,0.2580645161290323,0.4536082474226804,0.35668789808917195,0.5454545454545454,0.17678594926879315,0.36125081935389813,0.5509380240537455,0.4436289851565209
8473,0.4489795918367347,0.556390977443609,0.2482758620689655,0.2900763358778626,0.2448979591836735,0.3157894736842105,0.15186969315425305,0.16104133706993534,0.31321503444144955,0.3626088444427545
8474,0.53125,0.46464646464646464,0.3650793650793651,0.26804123711340205,0.453125,0.36363636363636365,0.19781122072208512,0.1023757183527608,0.5113543633862582,0.3331328541108843
8475,0.484076433121019,0.42424242424242425,0.20645161290322578,0.18404907975460125,0.356687898089172,0.26666666666666666,0.08226546389656572,0.030477416190299665,0.420738347788717,0.3568813775510204
8476,0.4262295081967213,0.32631578947368417,0.13259668508287292,0.03191489361702128,0.22950819672131148,0.14736842105263157,0.05781865914885884,0.007097272502437884,0.2562964433603721,0.1570964247020585
8477,0.31683168316831684,0.4054054054054054,0.08080808080808081,0.1111111111111111,0.1386138613861386,0.2162162162162162,0.01070155744123372,0.018330256089173443,0.21147123836940315,0.19888065289008686
8478,0.47682119205298007,0.4903225806451613,0.1476510067114094,0.16993464052287582,0.2649006622516556,0.1935483870967742,0.05656959077445147,0.03090609699578085,0.26714485392171344,0.22792274733221968
8479,0.4305555555555556,0.4369747899159664,0.2676056338028169,0.13675213675213677,0.3194444444444444,0.2857142857142857,0.08845450564553764,0.03986956970591273,0.40821092278719406,0.3363676731793961
8480,0.4897959183673469,0.5365853658536586,0.22916666666666669,0.25,0.4285714285714286,0.41463414634146345,0.1435183871878551,0.11629414674124076,0.41947456467703814,0.3284775778349044
8481,0.5087719298245614,0.4615384615384615,0.16071428571428573,0.2156862745098039,0.3333333333333333,0.3269230769230769,0.026456895830003036,0.10522029073012164,0.21784771019885163,0.19562834749881097
8482,0.3516483516483516,0.3846153846153846,0.08888888888888889,0.0909090909090909,0.1758241758241758,0.20512820512820512,0.020072886806945925,0.020797143026810665,0.23307782591357304,0.19677698032961194
8483,0.2621951219512196,0.19047619047619047,0.19018404907975459,0.14057507987220447,0.14024390243902438,0.13968253968253969,0.0031417640228767747,0.0003511520199474985,0.13437927219978502,0.08678767776646241
8484,0.48854961832061067,0.49635036496350365,0.17054263565891473,0.17777777777777778,0.24427480916030533,0.26277372262773724,0.07917353810429117,0.12703931399200974,0.32438673001235135,0.3312005940273669
8485,0.7132867132867132,0.7777777777777779,0.4397163120567376,0.4929577464788732,0.5594405594405595,0.5972222222222223,0.28338975917284,0.3514274930080631,0.5922754946727549,0.6198993617927598
8486,0.35220125786163525,0.38848920863309355,0.12738853503184713,0.1897810218978102,0.18867924528301888,0.2446043165467626,0.022145418523085617,0.08138894284398739,0.2568697729988053,0.26496534341524886
8487,0.4036697247706422,0.4528301886792453,0.14953271028037382,0.2692307692307692,0.27522935779816515,0.39622641509433965,0.08603736791079789,0.1512481986141142,0.28370786516853935,0.33665158371040727
8488,0.3963963963963964,0.42424242424242425,0.12844036697247707,0.20618556701030932,0.2522522522522523,0.3232323232323232,0.03448476188731893,0.08685512383761877,0.27901817749402363,0.32010667903525053
8489,0.3538461538461538,0.36363636363636365,0.234375,0.20168067226890757,0.3384615384615384,0.347107438016529,0.18520373245549537,0.16610291533532465,0.3012889366272825,0.2652406417112299
8490,0.524390243902439,0.515625,0.2345679012345679,0.23809523809523808,0.25609756097560976,0.25,0.1016681361802253,0.08049131873332238,0.43295610425240066,0.3348783221261607
8491,0.4406779661016949,0.4444444444444445,0.10344827586206898,0.11290322580645161,0.3050847457627119,0.30158730158730157,0.012011055432195763,0.011553901883035303,0.25295648600520526,0.27807650273224044
8492,0.5326633165829145,0.6598984771573604,0.34517766497461927,0.5025641025641026,0.4221105527638191,0.568527918781726,0.2511824942896475,0.3845058341447498,0.4623713639766206,0.5294576232686584
8493,0.38461538461538464,0.6285714285714286,0.17647058823529413,0.4117647058823529,0.25000000000000006,0.45714285714285713,0.06135396682673574,0.2906527545054391,0.373073803730738,0.45765915119363404
8494,0.47863247863247865,0.39669421487603307,0.24347826086956526,0.2184873949579832,0.30769230769230765,0.29752066115702475,0.12725469300101427,0.11017622046088031,0.3807940074906367,0.32189832089552245
8495,0.5354330708661417,0.5391304347826087,0.3360000000000001,0.336283185840708,0.4094488188976378,0.39999999999999997,0.23796162801585216,0.23384787770573393,0.47362831858407084,0.4599230996746525
8496,0.35,0.43548387096774194,0.13559322033898308,0.19672131147540986,0.2666666666666667,0.3064516129032258,0.02057318951141825,0.027493713169254082,0.26446580322349145,0.3836763822115385
8497,0.3584905660377358,0.4554455445544554,0.09615384615384615,0.1616161616161616,0.22641509433962262,0.21782178217821782,0.026203490270117424,0.026323261338296638,0.27931415929203535,0.30832081486095336
8498,0.3448275862068966,0.44859813084112143,0.12587412587412586,0.2095238095238095,0.20689655172413793,0.31775700934579443,0.009413632805086752,0.06527169776804352,0.2975018050541517,0.28893203883495144
8499,0.39416058394160586,0.41999999999999993,0.11851851851851852,0.14285714285714285,0.23357664233576644,0.2,0.07530379877915352,0.02547557136330332,0.2619528450688815,0.24195121951219511
8500,0.16129032258064516,0.22950819672131145,0.03333333333333333,0.03389830508474577,0.06451612903225806,0.09836065573770492,0.005097615802300061,0.00578083904183164,0.06726457399103139,0.0900900900900901
8501,0.4776119402985075,0.5401459854014599,0.18181818181818182,0.28148148148148144,0.29850746268656714,0.3795620437956205,0.06853572631155831,0.10502715095973843,0.291574907302521,0.32871870397643593
8502,0.37209302325581395,0.4842105263157895,0.12598425196850394,0.23655913978494622,0.21705426356589147,0.3157894736842105,0.07002347079854232,0.16452373064000014,0.2620720419315267,0.39624130526547613
8503,0.39263803680981596,0.4642857142857143,0.12422360248447203,0.1818181818181818,0.2576687116564417,0.35714285714285715,0.02553328816766488,0.12122474523616136,0.30167130020645644,0.2399503161698284
8504,0.3311258278145695,0.2689075630252101,0.09395973154362416,0.10256410256410256,0.2119205298013245,0.2184873949579832,0.06732896735458677,0.090496034469529,0.31600904173257566,0.21345984591828127
8505,0.39999999999999997,0.4946236559139785,0.1935483870967742,0.32967032967032966,0.35789473684210527,0.47311827956989244,0.11374135888116878,0.14204813965026056,0.31945389526718887,0.375578947368421
8506,0.3841059602649007,0.38461538461538464,0.10738255033557047,0.11764705882352941,0.15894039735099338,0.19230769230769232,0.023369104196291127,0.024882285824583784,0.28536513497804183,0.21866096866096862
8507,0.33557046979865773,0.36,0.09523809523809523,0.16216216216216217,0.20134228187919462,0.2533333333333333,0.03917757652435895,0.07163964309718585,0.31529854074496927,0.389103148782549
8508,0.6432160804020101,0.5918367346938775,0.233502538071066,0.24742268041237114,0.24120603015075376,0.32653061224489793,0.12222462103243656,0.11604257996890967,0.3787497229888995,0.36428451365940134
8509,0.5547445255474452,0.6341463414634146,0.3851851851851852,0.5619834710743802,0.4671532846715329,0.6341463414634146,0.309244439359935,0.40261720492569164,0.37987000045553937,0.4731747078433527
8510,0.375,0.32075471698113206,0.12727272727272726,0.01923076923076923,0.2678571428571429,0.15094339622641512,0.08626154326759787,0.01122604871362541,0.31850426570681356,0.13104838709677422
8511,0.5714285714285714,0.5398773006134969,0.24827586206896554,0.2732919254658385,0.3537414965986394,0.38036809815950917,0.15144608133951853,0.18052341660242677,0.49711702312641287,0.47821969696969696
8512,0.6451612903225806,0.5932203389830508,0.5490196078431373,0.44827586206896547,0.49032258064516127,0.5084745762711864,0.40486941947437916,0.271146559831384,0.637512437810945,0.43982156611999795
8513,0.45238095238095233,0.5,0.1951219512195122,0.2962962962962963,0.2857142857142857,0.42857142857142855,0.06869592482449395,0.1126018078166288,0.322561553030303,0.32074266402901414
8514,0.4736842105263159,0.38961038961038963,0.2933333333333334,0.14473684210526316,0.32894736842105265,0.2727272727272727,0.1454062297464364,0.02631935067469198,0.43287522323161726,0.3670528017241379
8515,0.40268456375838924,0.5466666666666666,0.17687074829931973,0.3378378378378378,0.2416107382550336,0.39999999999999997,0.07439151540286335,0.1665021531997346,0.3483723523832941,0.5187198195340313
8516,0.2095238095238095,0.30434782608695654,0.019417475728155338,0.044444444444444446,0.11428571428571428,0.1956521739130435,0.00502727015690302,0.006168026086725149,0.12035010940919037,0.11210762331838564
8517,0.4774193548387097,0.5428571428571428,0.20915032679738563,0.24637681159420288,0.2709677419354839,0.3,0.10761455419990346,0.08419897816387507,0.3491490132623888,0.36366249820324853
8518,0.5573770491803279,0.5254237288135594,0.31666666666666665,0.22413793103448276,0.4754098360655738,0.45762711864406785,0.14650846974942258,0.09456827242608865,0.5264253017062006,0.38261689363836277
8519,0.6785714285714285,0.6666666666666666,0.5090909090909091,0.4821428571428571,0.30357142857142855,0.2982456140350877,0.3846490909188392,0.35734049715857896,0.6334230342067175,0.6225482238995752
8520,0.5416666666666667,0.5120772946859904,0.2736842105263158,0.24390243902439024,0.4270833333333333,0.3285024154589372,0.21372346546356805,0.2126812040047636,0.42096224993873155,0.33798041363222575
8521,0.49689440993788825,0.49382716049382713,0.25157232704402516,0.2625,0.31055900621118016,0.3333333333333333,0.16657162412996016,0.1695375039243735,0.28987793037668785,0.30882005083167663
8522,0.47692307692307695,0.4869565217391304,0.28125,0.247787610619469,0.3384615384615385,0.34782608695652173,0.1539547605626537,0.1278649431594667,0.5322259700550852,0.45464131095480875
8523,0.5,0.4413793103448276,0.25352112676056343,0.18181818181818182,0.2638888888888889,0.23448275862068965,0.10895829959408466,0.027248191741949083,0.31394935735525287,0.246046608406159
8524,0.48648648648648646,0.3999999999999999,0.3853211009174312,0.16867469879518074,0.46846846846846846,0.21176470588235294,0.2562266702760097,0.044357687650167815,0.5452209567198177,0.27153284671532846
8525,0.5693430656934306,0.47058823529411764,0.2518518518518519,0.20512820512820515,0.39416058394160586,0.36974789915966383,0.12633335019137865,0.10101692160632662,0.37203356527399106,0.3105297755998446
8526,0.5203252032520326,0.6666666666666666,0.34710743801652894,0.45999999999999996,0.4552845528455285,0.588235294117647,0.1307967840280626,0.15939085969325395,0.3675652193664891,0.5421581621382815
8527,0.48648648648648646,0.4470588235294118,0.22018348623853212,0.24096385542168675,0.36036036036036034,0.4470588235294118,0.1388064216577725,0.16974366097962512,0.4239543726235741,0.3690225248590127
8528,0.43478260869565216,0.3870967741935483,0.10619469026548672,0.06593406593406594,0.29565217391304344,0.25806451612903225,0.025635499024924395,0.013164039298317196,0.2560777245351036,0.1507724859775641
8529,0.6349206349206349,0.5263157894736843,0.2903225806451613,0.21374045801526717,0.39682539682539686,0.31578947368421056,0.11606065294331892,0.08498469028581299,0.5493526442835199,0.4604078097393993
8530,0.3956043956043956,0.29906542056074764,0.15730337078651685,0.09523809523809523,0.30769230769230765,0.205607476635514,0.041754282527496696,0.023135918985245026,0.31483790523690774,0.26634844868735086
8531,0.5128205128205129,0.5875706214689266,0.25906735751295334,0.36571428571428577,0.30769230769230776,0.519774011299435,0.15675779141412058,0.22264858913275454,0.31262012300595804,0.398102155492684
8532,0.3787878787878788,0.3789473684210526,0.10769230769230771,0.08602150537634408,0.22727272727272727,0.23157894736842108,0.017712120165113754,0.01406140052757773,0.318713987473904,0.2242872128888819
8533,0.5492957746478873,0.42748091603053434,0.3142857142857143,0.18604651162790695,0.4084507042253521,0.2595419847328244,0.18734387900903082,0.023988714749667468,0.42908619304825824,0.2738180622796008
8534,0.48,0.39999999999999997,0.16260162601626013,0.18181818181818182,0.31999999999999995,0.26666666666666666,0.06055595608072891,0.03112437832742162,0.2909430575057798,0.20872882593457945
8535,0.3121387283236994,0.5365853658536586,0.04678362573099415,0.25925925925925924,0.12716763005780343,0.3170731707317073,0.008114275805529987,0.1390493675309835,0.21851850443406703,0.45626811626254327
8536,0.38367346938775504,0.3349282296650718,0.10699588477366255,0.07729468599033816,0.2204081632653061,0.1722488038277512,0.012942487798228482,0.004752268540245671,0.17423517840184502,0.12529517554148095
8537,0.4615384615384615,0.3448275862068966,0.34730538922155685,0.2517482517482518,0.378698224852071,0.30344827586206896,0.13607398330330542,0.0329490755055458,0.22626056763285027,0.15261825138891694
8538,0.47619047619047616,0.40310077519379844,0.24193548387096775,0.1732283464566929,0.2698412698412699,0.248062015503876,0.11118746425186224,0.08054598400143807,0.43226086956521736,0.3608064680677413
8539,0.5391304347826087,0.4727272727272727,0.23008849557522124,0.24074074074074073,0.29565217391304344,0.2727272727272727,0.07903960553971673,0.10673597516774437,0.26557488095949633,0.30167393958102395
8540,0.5443037974683543,0.6771653543307086,0.3205128205128205,0.48,0.31645569620253167,0.4724409448818898,0.22826226520418808,0.2278515695330287,0.40710909643216187,0.4088927205969043
8541,0.3917525773195876,0.393939393939394,0.09374999999999999,0.061224489795918366,0.1958762886597938,0.20202020202020202,0.025325864390843715,0.011232806004165284,0.21823052293966425,0.22308410288974911
8542,0.5142857142857142,0.5333333333333332,0.40579710144927533,0.4417177914110429,0.4714285714285714,0.49696969696969695,0.32959977538561913,0.35458842466613427,0.4026321272310577,0.5437592826888169
8543,0.32812500000000006,0.2105263157894737,0.06349206349206349,0.017857142857142856,0.14062500000000003,0.15789473684210525,0.009982853168054915,0.00907072037149474,0.24624499085791982,0.13358778625954199
8544,0.3969465648854962,0.6774193548387097,0.21705426356589144,0.3934426229508196,0.30534351145038163,0.5,0.12933927496523,0.2100313258905591,0.29967972742759796,0.5294279369778999
8545,0.2689075630252101,0.29310344827586204,0.03418803418803419,0.07017543859649122,0.1680672268907563,0.20689655172413796,0.019806253766319257,0.02675847043949086,0.16506612345199984,0.24173922962850294
8546,0.2903225806451613,0.2941176470588235,0.09836065573770492,0.0909090909090909,0.1935483870967742,0.2941176470588235,0.03698334308594279,0.013948420003997713,0.25879948758616483,0.18899700598802396
8547,0.33027522935779813,0.253968253968254,0.11214953271028037,0.06451612903225808,0.2201834862385321,0.15873015873015872,0.055990942289707135,0.04178770354516948,0.2664930555555555,0.19986884696952784
8548,0.3939393939393939,0.38202247191011235,0.07692307692307691,0.16091954022988506,0.21212121212121213,0.24719101123595508,0.012704755546187956,0.011011431016626948,0.21969991188617866,0.14969818913480887
8549,0.5467625899280576,0.5333333333333333,0.18978102189781024,0.23728813559322035,0.2446043165467626,0.2833333333333333,0.026592185354786597,0.03914649825526533,0.44069810974231466,0.37538019133993256
8550,0.1639344262295082,0.20370370370370372,0.15,0.169811320754717,0.1639344262295082,0.20370370370370372,0.07453320310772862,0.08905449401499639,0.30758620689655175,0.3471972691340281
8551,0.44067796610169496,0.5714285714285715,0.20689655172413793,0.29333333333333333,0.37288135593220334,0.4935064935064935,0.12960723204690336,0.1032074791665863,0.4560771214252227,0.41105990783410135
8552,0.43859649122807015,0.4301075268817204,0.26785714285714285,0.2637362637362637,0.2456140350877193,0.3870967741935484,0.12973597640520138,0.15448332317694916,0.3595591057037679,0.25779222534602075
8553,0.43999999999999995,0.5742574257425743,0.1836734693877551,0.20202020202020202,0.36000000000000004,0.3564356435643564,0.0507996808896372,0.0513027232121018,0.3369501476956922,0.40477321369301733
8554,0.6666666666666667,0.618421052631579,0.5465116279069767,0.42666666666666675,0.39080459770114945,0.47368421052631576,0.44881557534392663,0.37744863602716205,0.6280601775062941,0.5310096949707339
8555,0.5584415584415585,0.6099290780141845,0.34210526315789475,0.3741007194244605,0.4675324675324676,0.524822695035461,0.22365969658212168,0.2645944009538626,0.6133212809917354,0.6303713861800321
8556,0.36129032258064514,0.49275362318840576,0.13071895424836602,0.23529411764705882,0.2064516129032258,0.33333333333333337,0.01798837522415741,0.10761495852078377,0.25486477462437396,0.2715171760584179
8557,0.5735294117647058,0.5511811023622047,0.26865671641791045,0.304,0.3676470588235294,0.36220472440944884,0.15177506963150122,0.15061447540271627,0.4639198881734227,0.40883233442881983
8558,0.3966942148760331,0.39344262295081966,0.2857142857142857,0.2833333333333334,0.38016528925619836,0.36065573770491804,0.20532783842757849,0.20866759762570433,0.3709562059859155,0.39446427266940093
8559,0.5569620253164557,0.5135135135135136,0.15584415584415584,0.19444444444444445,0.32911392405063294,0.40540540540540543,0.04028301616067902,0.09725344769610776,0.34417402122779056,0.31977077363896844
8560,0.3917525773195877,0.42553191489361697,0.10526315789473685,0.17391304347826086,0.24742268041237112,0.21276595744680848,0.031741251276821654,0.03564182642522974,0.26908414909638556,0.2951427858835266
8561,0.25757575757575757,0.265625,0.1076923076923077,0.09523809523809523,0.19696969696969693,0.1875,0.0678480312173042,0.07121999707233623,0.19851912313432837,0.23031193901709293
8562,0.7142857142857142,0.721311475409836,0.6,0.6077348066298343,0.6373626373626373,0.644808743169399,0.38962501347826417,0.3961347806709522,0.5071720136362196,0.5179592698111217
8563,0.42857142857142855,0.44094488188976383,0.14473684210526316,0.15999999999999998,0.24675324675324678,0.25196850393700787,0.03174825388338053,0.04143290354497549,0.34280050360667863,0.3396076998050682
8564,0.4720496894409938,0.55,0.2641509433962264,0.35443037974683544,0.24844720496894407,0.36250000000000004,0.1664221288761563,0.24471842148278836,0.500895061728395,0.6032190082644627
8565,0.48275862068965525,0.43037974683544294,0.3356643356643357,0.25641025641025644,0.3862068965517241,0.3164556962025316,0.20710913325211355,0.14368903184527118,0.5368845419532143,0.5163187573558892
8566,0.5517241379310344,0.5405405405405405,0.313953488372093,0.31506849315068497,0.42528735632183906,0.41891891891891897,0.19525704596380009,0.1496908576836084,0.3639153543270078,0.3258586364464164
8567,0.45901639344262296,0.6046511627906977,0.2833333333333333,0.380952380952381,0.40983606557377056,0.5813953488372092,0.18057092923065116,0.21711470279394743,0.4312233367923441,0.43672839506172845
8568,0.35862068965517235,0.3546099290780142,0.08391608391608392,0.08633093525179857,0.23448275862068968,0.24113475177304963,0.05378415990900805,0.056691825727646736,0.2907274590163934,0.29339958639705876
8569,0.5510204081632654,0.6956521739130435,0.4166666666666667,0.41791044776119407,0.5306122448979592,0.6376811594202899,0.2217693002119518,0.2769413275131342,0.6797699060972472,0.6265903131565672
8570,0.5108695652173914,0.5644171779141105,0.2857142857142857,0.31055900621118016,0.391304347826087,0.39263803680981596,0.21510782455981567,0.17559174192094698,0.37909564482239877,0.40000553133842864
8571,0.3225806451612903,0.3185840707964602,0.13071895424836602,0.10810810810810811,0.2064516129032258,0.24778761061946902,0.018679795262473993,0.01558525018147675,0.22118417375334373,0.18377590673575125
8572,0.35897435897435903,0.27941176470588236,0.17391304347826086,0.08955223880597016,0.27350427350427353,0.19117647058823528,0.0838367668991168,0.00936117863540653,0.30822753906250006,0.2105830123392309
8573,0.42105263157894735,0.2878787878787879,0.1733333333333333,0.030769230769230767,0.2631578947368421,0.15151515151515152,0.04140496872357877,0.007244759888640875,0.2816990701606086,0.14814814814814814
8574,0.3893805309734513,0.5148514851485149,0.16216216216216214,0.22222222222222224,0.26548672566371684,0.25742574257425743,0.060697661272074814,0.15290303066135774,0.22859712230215826,0.34292292019688536
8575,0.5696969696969696,0.7012987012987013,0.38036809815950917,0.5526315789473685,0.42424242424242425,0.6493506493506493,0.28266520448035454,0.4151482360461669,0.49501982315357484,0.5718488212988639
8576,0.35526315789473684,0.4242424242424242,0.2,0.2268041237113402,0.27631578947368424,0.22222222222222224,0.12774558075675344,0.08030020369355136,0.3417533432392274,0.248066000247902
8577,0.48322147651006714,0.5942028985507246,0.29931972789115646,0.3676470588235294,0.3624161073825503,0.4927536231884057,0.1408291647067021,0.18915334273742238,0.4713285487983236,0.5639300904249616
8578,0.3695652173913043,0.4096385542168675,0.15384615384615383,0.1585365853658537,0.22826086956521738,0.20481927710843376,0.011781981443075224,0.053935143365665565,0.18509708737864075,0.2049269999887005
8579,0.5810810810810811,0.42045454545454547,0.34246575342465757,0.2413793103448276,0.4594594594594595,0.32954545454545453,0.28462923408648183,0.21143636756685177,0.45600632435748956,0.30864683428180484
8580,0.5584415584415585,0.475,0.2631578947368421,0.27848101265822783,0.3246753246753247,0.3375,0.09770408425237437,0.1383116790826009,0.4845091049452795,0.41925303805469094
8581,0.4745762711864407,0.4042553191489362,0.27586206896551724,0.2173913043478261,0.3559322033898305,0.3191489361702128,0.15968156401369302,0.14453458809780845,0.5026121883397155,0.313390638832567
8582,0.5755395683453237,0.7272727272727273,0.35036496350364965,0.46296296296296297,0.5035971223021584,0.5818181818181818,0.19362872513192284,0.3369994252687663,0.47110584831811225,0.583982062827668
8583,0.7074829931972789,0.36666666666666664,0.496551724137931,0.1864406779661017,0.5986394557823129,0.26666666666666666,0.3331510308121846,0.09139972204970974,0.4972747394737381,0.2124157022116206
8584,0.6304347826086956,0.7722772277227723,0.4,0.5252525252525253,0.41304347826086957,0.5346534653465346,0.26932330106591557,0.27500441138956966,0.48769456902724906,0.6579584356305545
8585,0.3823529411764705,0.3652173913043479,0.14925373134328357,0.10619469026548672,0.2794117647058823,0.2782608695652174,0.05040982459379112,0.01982608746206727,0.36704473850031505,0.2955813953488372
8586,0.3252032520325203,0.25196850393700787,0.08264462809917354,0.032,0.16260162601626016,0.1574803149606299,0.021020333771917518,0.008468095161901763,0.1879699248120301,0.21870809636103022
8587,0.35294117647058826,0.38709677419354843,0.22222222222222224,0.24175824175824173,0.23529411764705885,0.3440860215053763,0.04891577874713021,0.029817898035358736,0.3484375,0.3180272108843537
8588,0.41758241758241765,0.43010752688172044,0.22471910112359555,0.21978021978021975,0.3516483516483516,0.3655913978494624,0.09697915680942962,0.0940616528311578,0.5552268509802867,0.5895900321543408
8589,0.46808510638297873,0.4999999999999999,0.15217391304347827,0.22857142857142856,0.2978723404255319,0.36111111111111105,0.014954983534942814,0.019462882882164217,0.277099609375,0.23492500765228033
8590,0.5046728971962616,0.6206896551724139,0.32075471698113206,0.5232558139534884,0.36448598130841126,0.49425287356321834,0.26068831409577425,0.3451631289712989,0.408128078817734,0.4839880111303316
8591,0.6114649681528662,0.5324675324675324,0.39999999999999997,0.28947368421052627,0.5732484076433121,0.44155844155844154,0.3186184520671241,0.20382989025738502,0.5281884175970962,0.39729618671926364
8592,0.4285714285714286,0.3185840707964602,0.14516129032258066,0.07207207207207207,0.3333333333333333,0.24778761061946905,0.01401290931050905,0.01476040573087342,0.2724953617810761,0.1823295179263566
8593,0.5945945945945946,0.5394736842105263,0.34972677595628415,0.29333333333333333,0.4216216216216216,0.4342105263157895,0.22950228656109342,0.16134173999766604,0.44446775956284157,0.3543972793460107
8594,0.3777777777777777,0.4533333333333333,0.09090909090909091,0.05479452054794521,0.19999999999999998,0.29333333333333333,0.02672994357314647,0.015207675084487074,0.24758429276315788,0.23001118255521383
8595,0.3539823008849557,0.336,0.12612612612612611,0.0813008130081301,0.21238938053097345,0.16,0.03423355117438054,0.054906629811364155,0.19013457672877748,0.2481573410706673
8596,0.5846153846153846,0.5396825396825397,0.28125,0.25806451612903225,0.49230769230769234,0.3492063492063492,0.11433208611722472,0.09708951310114475,0.4198113671871154,0.3262951334379906
8597,0.43137254901960786,0.35071090047393366,0.11857707509881425,0.15311004784688992,0.19607843137254902,0.18957345971563982,0.03453451357325861,0.011201589600160836,0.20039841655975302,0.14876518376245845
8598,0.3816793893129771,0.47826086956521735,0.21705426356589147,0.26666666666666666,0.3053435114503817,0.391304347826087,0.08009583988983181,0.09950844432597741,0.40266065103727444,0.34897459701240613
8599,0.4910179640718563,0.4822695035460993,0.23030303030303031,0.24460431654676257,0.37125748502994016,0.4113475177304965,0.10828148125353605,0.11975735614271155,0.3295001682806309,0.3092315998932272
8600,0.16091954022988506,0.23255813953488375,0.023529411764705882,0.047619047619047616,0.1149425287356322,0.13953488372093023,0.004971455833015154,0.013043787072509855,0.08746355685131196,0.14792899408284022
8601,0.5,0.5333333333333333,0.28571428571428575,0.31818181818181823,0.41999999999999993,0.4666666666666666,0.20870354969046068,0.24870000287261818,0.37589869281045746,0.3914435210834103
8602,0.43661971830985913,0.37931034482758624,0.2285714285714286,0.2105263157894737,0.323943661971831,0.3448275862068965,0.11646282167632487,0.14637401919289283,0.41519122969776956,0.3168260038240918
8603,0.6857142857142857,0.5389221556886228,0.5549132947976879,0.3515151515151515,0.45714285714285713,0.39520958083832336,0.3936782018379427,0.22262513890479413,0.5281690140845071,0.34434448118006106
8604,0.3382352941176471,0.3826086956521739,0.1492537313432836,0.07079646017699115,0.29411764705882354,0.2608695652173913,0.0889557848705107,0.04445259375670956,0.33985623935214354,0.30677516209042255
8605,0.3103448275862069,0.30612244897959184,0.14035087719298245,0.14583333333333334,0.17241379310344826,0.2040816326530612,0.09566275871465298,0.11573861895656049,0.33632109459748366,0.28974477619209976
8606,0.5714285714285715,0.5050505050505051,0.4477611940298507,0.2142857142857143,0.5123152709359605,0.33333333333333337,0.37876816151097714,0.209995151496019,0.5614612877054252,0.36438748054979253
8607,0.6060606060606061,0.3177570093457944,0.35384615384615387,0.057142857142857155,0.5151515151515151,0.205607476635514,0.257695496597823,0.006108664528910921,0.5041567595108695,0.11954992967651194
8608,0.5490196078431373,0.49350649350649356,0.304635761589404,0.3026315789473684,0.3921568627450981,0.3896103896103896,0.09581663354642815,0.11760069142100456,0.4540297001153402,0.43215724761608626
8609,0.4732824427480916,0.4444444444444445,0.17054263565891473,0.12371134020618557,0.3511450381679389,0.2626262626262626,0.07079528865217818,0.08774903339271693,0.4421444999603458,0.28362488786364226
8610,0.522167487684729,0.4663212435233161,0.15920398009950246,0.1675392670157068,0.26600985221674883,0.24870466321243523,0.07972548766007866,0.06512869240963484,0.2741058472724953,0.23878575980988417
8611,0.39999999999999997,0.40268456375838924,0.16216216216216214,0.08163265306122448,0.22666666666666666,0.18791946308724833,0.024196393236410114,0.012044529609087352,0.22598828372854846,0.16791044776119404
8612,0.6821705426356589,0.5052631578947367,0.5196850393700787,0.2580645161290323,0.5891472868217054,0.4,0.38053295547538407,0.07020801706172124,0.6549827723297111,0.27069039451114923
8613,0.6885245901639345,0.47619047619047616,0.5,0.22580645161290322,0.6229508196721312,0.34920634920634924,0.33698686681065876,0.15538756427938455,0.5912297045515039,0.37358710106382975
8614,0.16806722689075632,0.5940594059405941,0.0,0.3232323232323232,0.10084033613445377,0.5148514851485149,0.004285784448128173,0.27745693897142676,0.08241758241758242,0.44496315713616547
8615,0.2727272727272727,0.25,0.09259259259259259,0.0909090909090909,0.2,0.21428571428571427,0.010369624853513556,0.0099458088695389,0.17464788732394365,0.16118772949374044
8616,0.5319148936170213,0.3555555555555555,0.28260869565217395,0.0909090909090909,0.44680851063829785,0.17777777777777776,0.2249319861333046,0.07343660663917347,0.4825458829365079,0.2294280675233056
8617,0.37142857142857144,0.40522875816993464,0.057971014492753624,0.11920529801324503,0.21428571428571427,0.23529411764705882,0.008831620144881905,0.02506362758897701,0.1694915254237288,0.24473684210526317
8618,0.4285714285714286,0.31343283582089554,0.14473684210526316,0.10606060606060606,0.2857142857142857,0.22388059701492538,0.07291768616282557,0.062002754578118505,0.30455271565495207,0.18793174342105265
8619,0.6524064171122995,0.6,0.33513513513513515,0.3191489361702128,0.5026737967914437,0.46315789473684216,0.12029344181953262,0.10710874370393843,0.4422436860755277,0.39509996107218326
8620,0.4566929133858268,0.5294117647058824,0.17600000000000002,0.22388059701492538,0.28346456692913385,0.36764705882352944,0.11902354063312222,0.11242968521661557,0.39840873111470554,0.40638789902850225
8621,0.5157894736842106,0.544378698224852,0.23404255319148934,0.20359281437125748,0.30526315789473685,0.24852071005917165,0.10512109330635092,0.018472479221819084,0.24414996714165688,0.19553846153846152
8622,0.21487603305785125,0.11940298507462688,0.01680672268907563,0.0,0.11570247933884296,0.08955223880597016,0.003742668061961706,0.006512072938394752,0.14030612244897958,0.04451038575667656
8623,0.54,0.27450980392156865,0.3469387755102041,0.06000000000000001,0.4,0.13725490196078433,0.2154138423734831,0.010786965203981676,0.518734693877551,0.16331658291457285
8624,0.4031007751937984,0.6040268456375839,0.1889763779527559,0.4625850340136055,0.23255813953488372,0.5503355704697986,0.15245993407856492,0.36341053432793635,0.327167701863354,0.6087513526180481
8625,0.22222222222222224,0.2142857142857143,0.03773584905660377,0.0,0.12962962962962962,0.10714285714285715,0.010194942480697543,0.005266775906963349,0.12149532710280372,0.10185185185185186
8626,0.3966942148760331,0.5116279069767442,0.18487394957983191,0.2677165354330709,0.3140495867768595,0.26356589147286824,0.09623061140393963,0.17733289347233225,0.27544468624665025,0.45855544125440323
8627,0.4255319148936171,0.3235294117647059,0.1739130434782609,0.0909090909090909,0.2553191489361702,0.23529411764705882,0.02877001236995154,0.007956733729469914,0.31857730746619645,0.11331444759206799
8628,0.496551724137931,0.6153846153846154,0.2517482517482518,0.3971631205673759,0.3724137931034483,0.48951048951048953,0.1369208286278257,0.2074485649850843,0.3745695809187872,0.43658177050373065
8629,0.48175182481751827,0.6618705035971223,0.23703703703703702,0.40875912408759124,0.3357664233576642,0.5035971223021583,0.079377067891223,0.16512471577549728,0.29695900537634407,0.46083627329034466
8630,0.26771653543307083,0.4235294117647059,0.11199999999999999,0.1927710843373494,0.2047244094488189,0.3058823529411765,0.05327908839259743,0.09711223049106384,0.3097614914021164,0.418220317099623
8631,0.506024096385542,0.47222222222222227,0.24390243902439024,0.19718309859154928,0.3132530120481928,0.33333333333333337,0.08487295586288851,0.0859190143854667,0.3444386474125247,0.26280618311533893
8632,0.33333333333333337,0.4222222222222222,0.10714285714285715,0.11363636363636365,0.2280701754385965,0.22222222222222224,0.0535927978246754,0.011282688593999526,0.224644128113879,0.1560484788711023
8633,0.43283582089552236,0.5043478260869565,0.10606060606060606,0.1946902654867257,0.22388059701492538,0.34782608695652173,0.026778468154661884,0.09182359750821356,0.3146039603960396,0.3245968438136676
8634,0.4086021505376344,0.43181818181818177,0.21978021978021978,0.25581395348837205,0.3225806451612903,0.31818181818181823,0.13016628405860248,0.15118702339858642,0.4444282451280556,0.3618780670245033
8635,0.5625000000000001,0.384,0.21518987341772153,0.1138211382113821,0.28750000000000003,0.192,0.09920601413088297,0.023994470987718213,0.4612313034188035,0.23063834402719735
8636,0.5074626865671641,0.553191489361702,0.18181818181818182,0.30434782608695654,0.29850746268656714,0.4042553191489361,0.10956255163774786,0.15885018949607066,0.34837235238329417,0.3675328182484542
8637,0.43410852713178294,0.5742574257425743,0.12598425196850394,0.30303030303030304,0.186046511627907,0.4158415841584159,0.05187655676439713,0.20160275336943287,0.27132800223255077,0.42803683241252294
8638,0.4897959183673469,0.46551724137931033,0.2708333333333333,0.15789473684210528,0.4285714285714286,0.2586206896551724,0.1513851459876605,0.027223029101035603,0.41476478091813057,0.3559370206004822
8639,0.352,0.3010752688172043,0.08130081300813008,0.04395604395604395,0.208,0.23655913978494622,0.01955220623838396,0.011955001291462567,0.18711018711018712,0.1409090909090909
8640,0.2736842105263158,0.26804123711340205,0.17204301075268816,0.16842105263157894,0.2736842105263158,0.26804123711340205,0.06513150070588715,0.06328332688539852,0.27245296414625486,0.2707231040564374
8641,0.4489795918367347,0.4878048780487805,0.16666666666666666,0.225,0.2040816326530612,0.2682926829268293,0.015312433400572515,0.020534714636440573,0.32968213058419243,0.2571537998577447
8642,0.45751633986928103,0.4065040650406504,0.15894039735099338,0.1487603305785124,0.23529411764705882,0.24390243902439024,0.028306821700452203,0.07242107664214012,0.29202483421148256,0.23427258462871225
8643,0.40707964601769914,0.4,0.16216216216216217,0.17475728155339806,0.3185840707964602,0.28571428571428575,0.06290281840089479,0.09516807405336351,0.2855898775677475,0.23595982355135808
8644,0.41221374045801523,0.5081967213114754,0.12403100775193798,0.23333333333333334,0.2900763358778626,0.3770491803278688,0.10604365980728132,0.18628190811062592,0.43949716139497164,0.4972315630797774
8645,0.4271844660194175,0.5,0.1782178217821782,0.2564102564102564,0.23300970873786406,0.4000000000000001,0.09960625045252035,0.11305191841034848,0.36590624318332854,0.35679450665210105
8646,0.35211267605633806,0.45161290322580644,0.08571428571428573,0.14754098360655737,0.16901408450704225,0.2903225806451613,0.023410224109936022,0.06956159998300451,0.24776855428618397,0.40699176196585674
8647,0.32954545454545453,0.3310344827586207,0.10344827586206898,0.055944055944055944,0.22727272727272724,0.1793103448275862,0.021393650349696505,0.005848748728405262,0.1998299319727891,0.13622722400857448
8648,0.742857142857143,0.742857142857143,0.5433526011560693,0.5549132947976879,0.4685714285714286,0.5942857142857143,0.42848222647926876,0.42848222647926876,0.6399369122807467,0.6753804601247257
8649,0.46258503401360546,0.38888888888888895,0.15172413793103448,0.18867924528301885,0.27210884353741494,0.2777777777777778,0.07220431297886203,0.05980800591780725,0.23407117308314254,0.18035714285714288
8650,0.5486725663716814,0.4150943396226415,0.2522522522522523,0.17307692307692307,0.35398230088495575,0.2641509433962264,0.08828781887996916,0.07696598126748815,0.3350704761904762,0.2967251002965289
8651,0.5492957746478873,0.4545454545454545,0.2857142857142857,0.22222222222222224,0.35211267605633806,0.2545454545454546,0.1343665774835906,0.1314770573188977,0.4951267339676084,0.3737739415772016
8652,0.5084745762711863,0.5911949685534591,0.22857142857142856,0.2929936305732484,0.327683615819209,0.4025157232704403,0.043662681474709045,0.15651632340485014,0.34578951322115387,0.42876102817971584
8653,0.34285714285714286,0.3902439024390244,0.11650485436893204,0.125,0.19047619047619047,0.2682926829268293,0.06005224893477591,0.05042753422066459,0.2361220043572985,0.2081918986195972
8654,0.5529411764705883,0.7019867549668874,0.2857142857142857,0.4026845637583893,0.28235294117647053,0.4768211920529801,0.10490981219183887,0.15599554340696406,0.36442731691321884,0.484754887545832
8655,0.360655737704918,0.45652173913043476,0.11666666666666667,0.2,0.21311475409836064,0.2608695652173913,0.033497685068086876,0.04148982838151318,0.21135686063649495,0.240862586686162
8656,0.3883495145631068,0.3953488372093023,0.15841584158415842,0.19047619047619047,0.3300970873786408,0.3720930232558139,0.0915702886193843,0.08956949418294508,0.25782855938109434,0.3073714442013129
8657,0.5636363636363637,0.6181818181818182,0.2777777777777778,0.2037037037037037,0.36363636363636365,0.36363636363636365,0.18242095398238567,0.11632465601369746,0.46496486059595005,0.460254010902822
8658,0.1941747572815534,0.42222222222222217,0.019801980198019802,0.18181818181818182,0.1359223300970874,0.35555555555555557,0.008907530052738092,0.0848007939406595,0.13888888888888887,0.36650131153015447
8659,0.4378698224852071,0.5205479452054794,0.1437125748502994,0.23611111111111113,0.23668639053254437,0.30136986301369867,0.0645085108438381,0.09308405990001982,0.2703536411928634,0.3009276437847867
8660,0.2330097087378641,0.27184466019417475,0.039603960396039604,0.019801980198019802,0.13592233009708737,0.17475728155339806,0.017620300614149337,0.008210456196938812,0.20070162759534452,0.15228426395939085
8661,0.27586206896551724,0.3595505617977528,0.08771929824561403,0.1839080459770115,0.18965517241379312,0.20224719101123598,0.027577260787461,0.05121994662551456,0.24476061427280946,0.23846153846153847
8662,0.5441176470588235,0.391304347826087,0.25373134328358216,0.11111111111111112,0.3088235294117647,0.21739130434782608,0.11067591853316405,0.010538602571789036,0.4842580505406931,0.22640117994100295
8663,0.6491228070175439,0.6333333333333333,0.5,0.4745762711864407,0.4912280701754386,0.4666666666666667,0.32739040013712917,0.29299512012694323,0.6174741885211971,0.656614785992218
8664,0.48979591836734687,0.6470588235294118,0.3333333333333333,0.48484848484848486,0.40816326530612246,0.5882352941176471,0.17740848897371572,0.3488611533620711,0.5361514103485447,0.5790310650887575
8665,0.5899280575539568,0.25742574257425743,0.49635036496350365,0.0404040404040404,0.5179856115107914,0.15841584158415842,0.43776386060237493,0.003699742316825488,0.503177966101695,0.1175495374738754
8666,0.33333333333333337,0.5473684210526315,0.14285714285714285,0.3655913978494624,0.26315789473684204,0.5263157894736842,0.024520037521807824,0.11568645249970987,0.25081699346405234,0.37385606320190656
8667,0.3025210084033613,0.5490196078431373,0.06837606837606838,0.26,0.20168067226890754,0.47058823529411764,0.012436923988150203,0.16893281509571026,0.1604004004004004,0.315843621399177
8668,0.5534591194968553,0.4171779141104294,0.2802547770700637,0.1739130434782609,0.4025157232704402,0.26993865030674846,0.24166768595245164,0.15946661049635802,0.4389222015817344,0.29829382458690334
8669,0.32061068702290074,0.25925925925925924,0.09302325581395349,0.05660377358490566,0.183206106870229,0.18518518518518517,0.012204387653707629,0.011738518622489053,0.30130895795246804,0.24047619047619045
8670,0.4812834224598931,0.6163522012578616,0.21621621621621623,0.42038216560509556,0.32085561497326204,0.47798742138364775,0.10634301196646966,0.22105043958201828,0.2631383428947617,0.3903582117015461
8671,0.5245901639344263,0.5365853658536586,0.23204419889502761,0.2716049382716049,0.30601092896174864,0.3658536585365854,0.12608929935408206,0.0760967250425494,0.3238709272170925,0.2776641476989909
8672,0.3968253968253968,0.2921348314606742,0.1774193548387097,0.09195402298850575,0.28571428571428575,0.20224719101123595,0.056749245913271455,0.0275748768055379,0.3727882549969055,0.19154923994688547
8673,0.48447204968944096,0.5575757575757576,0.2389937106918239,0.2208588957055215,0.3478260869565217,0.39999999999999997,0.06929847827527827,0.06821442460251761,0.3077575402555649,0.37392451539215793
8674,0.41530054644808745,0.391304347826087,0.1767955801104972,0.16483516483516486,0.273224043715847,0.30434782608695654,0.07304018447254645,0.08334963107224268,0.2510526127297385,0.21109434531668497
8675,0.603448275862069,0.5,0.4035087719298246,0.3090909090909091,0.46551724137931033,0.4107142857142857,0.31986603697640253,0.26527010447708727,0.5167477561344036,0.4130111998573938
8676,0.48520710059171596,0.3902439024390244,0.155688622754491,0.07407407407407407,0.3550295857988166,0.23170731707317077,0.04811721562015488,0.004889886998625308,0.26763992725803193,0.17456359102244387
8677,0.4482758620689655,0.4025157232704402,0.22093023255813954,0.14012738853503182,0.3563218390804598,0.2515723270440252,0.14139291485167635,0.09081625231038641,0.37364623788323703,0.25680371568632715
8678,0.423728813559322,0.43396226415094347,0.1206896551724138,0.1346153846153846,0.22033898305084748,0.18867924528301885,0.06513150070588715,0.074473042608096,0.3504223107569721,0.324699321373379
8679,0.4227642276422764,0.37398373983739835,0.11570247933884298,0.11570247933884298,0.2113821138211382,0.2113821138211382,0.023524505744750703,0.022091967223319898,0.2056194362017804,0.1817892456336698
8680,0.48000000000000004,0.45454545454545453,0.17886178861788618,0.16666666666666663,0.272,0.32727272727272727,0.031706481119542836,0.09684433213089316,0.29966545454545457,0.3339961473932766
8681,0.36800000000000005,0.4050632911392405,0.1951219512195122,0.25974025974025977,0.208,0.3291139240506329,0.07480447919606817,0.038823147236388814,0.2222027972027972,0.26603929924242425
8682,0.48214285714285715,0.39175257731958757,0.16363636363636366,0.23157894736842105,0.30357142857142855,0.32989690721649484,0.03623123312519231,0.11164796488475354,0.3725264509274426,0.298449679844098
8683,0.5384615384615384,0.38095238095238104,0.3529411764705882,0.14634146341463417,0.4615384615384615,0.2619047619047619,0.27470666591801646,0.014811893357848277,0.43319376361655776,0.19575177009579345
8684,0.21428571428571427,0.13725490196078433,0.05454545454545454,0.04,0.14285714285714288,0.09803921568627451,0.004416685676341836,0.00479130933496022,0.13725701943844493,0.10657596371882087
8685,0.46,0.396551724137931,0.24489795918367346,0.19298245614035087,0.33999999999999997,0.2931034482758621,0.1167352402201267,0.08369957009386966,0.41200923787528865,0.3993055555555556
8686,0.520408163265306,0.5088757396449705,0.29896907216494845,0.311377245508982,0.35714285714285715,0.4260355029585799,0.2286045671885115,0.23869685586632977,0.42778326180257514,0.4151507748587464
8687,0.34177215189873417,0.46268656716417905,0.05128205128205127,0.18181818181818182,0.15189873417721522,0.3134328358208955,0.009853766509924264,0.119907266792431,0.2614704256495302,0.36403139838369863
8688,0.5098039215686274,0.4,0.23841059602649003,0.14492753623188406,0.26143790849673204,0.30000000000000004,0.11417254947192639,0.020272588294209734,0.28661041299904894,0.22103088695154693
8689,0.3655913978494623,0.3144654088050315,0.10869565217391305,0.06369426751592357,0.17204301075268816,0.16352201257861637,0.01940421295173866,0.008399917913946238,0.1851031401171982,0.13703101470635357
8690,0.4324324324324324,0.47058823529411764,0.1651376146788991,0.2,0.3423423423423424,0.3921568627450981,0.08563512331995012,0.06819555192096452,0.2832344308440473,0.26767927143866993
8691,0.4482758620689655,0.30588235294117644,0.24561403508771928,0.024096385542168672,0.3275862068965517,0.18823529411764706,0.09724109213777057,0.012640874819987349,0.4087912087912089,0.16197567441135194
8692,0.47916666666666663,0.3235294117647059,0.2765957446808511,0.21212121212121213,0.39583333333333337,0.2941176470588235,0.06846374658642289,0.16156345887749107,0.4253706199460917,0.22351797862001946
8693,0.48888888888888893,0.3518518518518519,0.22556390977443608,0.13207547169811318,0.2814814814814815,0.25925925925925924,0.1219368750271052,0.07636663908510287,0.35094668107779103,0.22523825832280311
8694,0.22988505747126436,0.2921348314606742,0.11764705882352941,0.045977011494252866,0.16091954022988508,0.13483146067415733,0.06266221810881523,0.006352348738099228,0.15927318295739346,0.1371571072319202
8695,0.17777777777777778,0.16161616161616163,0.022727272727272728,0.020618556701030927,0.11111111111111112,0.10101010101010101,0.00609117754209106,0.005488673667067168,0.07709251101321588,0.08676789587852494
8696,0.48366013071895425,0.6,0.15894039735099338,0.18840579710144928,0.3137254901960784,0.37142857142857144,0.05410734354182638,0.06127175458422465,0.2911442205856782,0.3273590394802516
8697,0.5333333333333333,0.5365853658536586,0.2727272727272727,0.2750000000000001,0.4222222222222222,0.3658536585365854,0.21101976815644027,0.17774321231635618,0.3616364695910151,0.42971841439461345
8698,0.7333333333333333,0.5945945945945946,0.6271186440677966,0.4036697247706422,0.7333333333333333,0.4324324324324324,0.45606012382975253,0.2498132542243881,0.6521157703696628,0.4107352219718449
8699,0.5436893203883495,0.5688073394495413,0.39603960396039606,0.39252336448598135,0.5048543689320389,0.5321100917431192,0.21750259257404533,0.21666866375782293,0.637135922330097,0.6728468899521531
8700,0.4338624338624339,0.3916083916083916,0.0855614973262032,0.07092198581560283,0.1904761904761905,0.1818181818181818,0.04894432203523639,0.034155214454076446,0.2675150824370026,0.1860024012670516
8701,0.6097560975609756,0.6064516129032258,0.35802469135802467,0.39215686274509803,0.47560975609756095,0.27096774193548384,0.3076619373737327,0.3004277721476781,0.4682680439620606,0.44470238454486144
8702,0.4132231404958678,0.5166666666666667,0.11764705882352941,0.1694915254237288,0.24793388429752064,0.31666666666666665,0.027574366655649964,0.0789492237668599,0.2891508771929825,0.3550953276047261
8703,0.2625,0.29230769230769227,0.05063291139240506,0.04687500000000001,0.13749999999999998,0.13846153846153847,0.014871841275322123,0.02122863610573553,0.1647426496701387,0.13449367088607592
8704,0.5503875968992249,0.4484304932735427,0.34375,0.3167420814479638,0.3178294573643411,0.36771300448430494,0.2150050392595162,0.09860577643276959,0.388992036596406,0.27470159151193635
8705,0.25925925925925924,0.2393162393162393,0.03773584905660377,0.05217391304347826,0.12962962962962962,0.15384615384615385,0.007865875418572421,0.008508474131867486,0.15662650602409636,0.209958071278826
8706,0.46464646464646464,0.4,0.1443298969072165,0.17647058823529413,0.36363636363636365,0.37142857142857144,0.09170008382622656,0.10615068717205602,0.39129208302140644,0.2778670379891459
8707,0.568527918781726,0.5445544554455445,0.26666666666666666,0.27,0.27411167512690354,0.2475247524752475,0.15960507681036204,0.17865882429906382,0.38608636086782655,0.3692109744560076
8708,0.4084507042253521,0.448,0.18571428571428572,0.1788617886178862,0.22535211267605634,0.272,0.09870827340651266,0.02808037297701334,0.22062508605259534,0.25588411723728677
8709,0.5142857142857142,0.4912280701754386,0.1359223300970874,0.17857142857142855,0.28571428571428575,0.31578947368421056,0.030016107598030254,0.027992072842037898,0.28977926561355793,0.34267662308120705
8710,0.3130434782608696,0.3488372093023256,0.07079646017699115,0.07142857142857144,0.17391304347826086,0.18604651162790697,0.02227618786984324,0.01776410298921775,0.2527931415929204,0.23862683438155136
8711,0.4999999999999999,0.4835164835164835,0.23529411764705882,0.20224719101123598,0.24999999999999994,0.3076923076923077,0.11738518622489055,0.08242381058463763,0.3736111871271414,0.2547945205479452
8712,0.3472222222222222,0.3125,0.1267605633802817,0.0759493670886076,0.20833333333333334,0.18749999999999997,0.01967472430023306,0.034202077959679056,0.253951726763914,0.20833333333333334
8713,0.33613445378151263,0.3103448275862069,0.13675213675213674,0.03508771929824561,0.20168067226890757,0.1724137931034483,0.02797544859755726,0.004895193668220429,0.27167616753235796,0.21981141484897077
8714,0.9655172413793104,0.9655172413793104,0.9411764705882352,0.9411764705882352,0.9655172413793104,0.9655172413793104,0.6789055024081728,0.6789055024081728,0.8550856531049251,0.8550856531049251
8715,0.4444444444444444,0.5625,0.2571428571428571,0.3225806451612903,0.36111111111111105,0.375,0.11152418657706378,0.1568754597871929,0.36461718445339925,0.41123778501628666
8716,0.4869565217391304,0.39999999999999997,0.3185840707964602,0.20408163265306123,0.4521739130434782,0.33999999999999997,0.25245171183653276,0.13460603860297932,0.2999197244165685,0.1799413125721614
8717,0.336283185840708,0.2833333333333334,0.1081081081081081,0.0847457627118644,0.19469026548672566,0.14999999999999997,0.03894106718914188,0.030516053024995233,0.15044247787610618,0.1650561951754386
8718,0.512,0.5858585858585857,0.22764227642276422,0.288659793814433,0.288,0.3838383838383838,0.08478678634747444,0.11362612484814091,0.5205761316872427,0.49674511999333754
8719,0.5112781954887219,0.5344827586206897,0.2900763358778626,0.43859649122807015,0.3909774436090225,0.48275862068965514,0.12476983296039419,0.1617204212027148,0.3080528263231132,0.31370300058007694
8720,0.453781512605042,0.3716814159292035,0.13675213675213677,0.09009009009009007,0.23529411764705882,0.26548672566371684,0.027073042988569728,0.06055317640728297,0.2943124613618298,0.2807547169811321
8721,0.5434782608695652,0.5714285714285715,0.3076923076923077,0.4181818181818182,0.3804347826086957,0.46428571428571436,0.18278507714602502,0.13097650855518286,0.5007990739684762,0.36236884465075875
8722,0.5161290322580646,0.44025157232704404,0.2391304347826087,0.14012738853503187,0.24731182795698928,0.2264150943396226,0.1166934764816165,0.09378261573815887,0.30336155912952223,0.23504588297304646
8723,0.6605504587155965,0.7472527472527473,0.5981308411214953,0.7191011235955057,0.6422018348623854,0.7472527472527473,0.40140484134956866,0.5602847200312663,0.6599715485706544,0.6352536143644696
8724,0.5777777777777778,0.42758620689655175,0.2808988764044944,0.13986013986013984,0.38888888888888884,0.2620689655172414,0.15950694312156383,0.01851150984670186,0.4070969854899113,0.16489240324228865
8725,0.5272727272727272,0.5490196078431372,0.2962962962962963,0.27999999999999997,0.4545454545454546,0.4117647058823529,0.0963123374611594,0.050580673694229715,0.4368383644600592,0.4042624254473161
8726,0.47368421052631576,0.6756756756756757,0.26785714285714285,0.41666666666666663,0.38596491228070173,0.6216216216216216,0.1760161116906645,0.3152513633102281,0.48843221920144997,0.5522515862172229
8727,0.6796116504854369,0.47826086956521735,0.49504950495049505,0.24444444444444444,0.4466019417475728,0.34782608695652173,0.3244936834199078,0.20415884818088254,0.5628976994615762,0.3366515837104072
8728,0.2733812949640288,0.45070422535211263,0.07299270072992702,0.2,0.17266187050359708,0.29577464788732394,0.014543364191042536,0.07360537269577054,0.2587741709921201,0.3273063611409475
8729,0.4768211920529801,0.49557522123893805,0.21476510067114093,0.21621621621621623,0.3576158940397351,0.23008849557522124,0.09346582700506147,0.036490885471995665,0.3847254815268283,0.250679802955665
8730,0.6153846153846153,0.4666666666666666,0.3529411764705882,0.34090909090909094,0.4423076923076923,0.4222222222222222,0.21507714965678412,0.25991677190057333,0.5283708609271524,0.4390022675736961
8731,0.38938053097345127,0.4814814814814815,0.12612612612612611,0.20754716981132076,0.2831858407079646,0.38888888888888895,0.02619265921314053,0.038384487690352485,0.21888825767356987,0.2971336963431825
8732,0.3238095238095238,0.42696629213483145,0.13592233009708737,0.2528735632183908,0.2476190476190476,0.33707865168539325,0.06537426243815944,0.08790269495571741,0.28542199488491055,0.30709109894630254
8733,0.41830065359477125,0.5303030303030304,0.1456953642384106,0.38461538461538464,0.2875816993464052,0.5151515151515151,0.08629923318682352,0.22120760562115013,0.2502775729751117,0.39572426051173404
8734,0.46875,0.4720496894409938,0.12698412698412698,0.13836477987421383,0.28125,0.28571428571428575,0.027574366655649964,0.05175087438732212,0.26480902873785694,0.3910803537101115
8735,0.48951048951048953,0.5714285714285714,0.1843971631205674,0.2741935483870968,0.3356643356643356,0.39682539682539686,0.07585185221044637,0.12092110196738025,0.3075434087396978,0.38592735033356734
8736,0.4217687074829932,0.4666666666666667,0.08275862068965517,0.14864864864864863,0.20408163265306123,0.26666666666666666,0.010818801158174341,0.05014252780397407,0.2938027136046938,0.3172718376480131
8737,0.548076923076923,0.5714285714285714,0.23300970873786409,0.45360824742268047,0.3076923076923077,0.5204081632653061,0.1537837110000235,0.2811622078391865,0.3434497819205108,0.35766356611124545
8738,0.4173913043478261,0.8031496062992126,0.23008849557522124,0.7519999999999999,0.31304347826086953,0.7874015748031495,0.12662216388625958,0.5888384133462803,0.2772011706914558,0.6818639703097781
8739,0.3945578231292517,0.41025641025641024,0.13793103448275862,0.19130434782608696,0.2312925170068027,0.3247863247863248,0.0336734042575316,0.052549797010730454,0.22127295597484278,0.1661437908496732
8740,0.703125,0.6323529411764707,0.507936507936508,0.46268656716417905,0.640625,0.588235294117647,0.4122483369601723,0.35820158042154826,0.5768802507898362,0.5616015713709499
8741,0.36206896551724144,0.3958333333333333,0.12280701754385966,0.10638297872340427,0.1896551724137931,0.2916666666666667,0.05122450099121123,0.03099318789067651,0.23670050030594253,0.26369294605809124
8742,0.29370629370629375,0.39215686274509803,0.09929078014184398,0.1456953642384106,0.18181818181818182,0.2091503267973856,0.018857525680046047,0.05217888777045941,0.20687251545936397,0.30700174520069806
8743,0.5606060606060607,0.48484848484848486,0.2,0.1846153846153846,0.3787878787878788,0.25757575757575757,0.09995836004992847,0.03737977319460608,0.28776978417266186,0.3202238209432454
8744,0.38036809815950917,0.26760563380281693,0.16149068322981364,0.08571428571428572,0.2822085889570552,0.15492957746478875,0.09210813426289444,0.01871532084066883,0.33079540690267145,0.15470608222901797
8745,0.6408839779005524,0.5490196078431372,0.4916201117318436,0.3443708609271523,0.4972375690607735,0.3529411764705882,0.3308245156169794,0.2001948614983547,0.5651408927368117,0.38490853658536595
8746,0.38016528925619836,0.32608695652173914,0.18487394957983191,0.1111111111111111,0.3140495867768595,0.21739130434782608,0.027425278028084886,0.026695839582617332,0.3355215171407731,0.26625533934504025
8747,0.47058823529411764,0.3888888888888889,0.15384615384615385,0.1509433962264151,0.3025210084033614,0.2777777777777778,0.07056062808883197,0.03136334531744038,0.3667819548872181,0.19996564062462976
8748,0.6212121212121212,0.6141732283464566,0.29230769230769227,0.304,0.4848484848484849,0.4724409448818898,0.21400702820604914,0.23040833329811275,0.43462458125919673,0.4171832451121378
8749,0.5638297872340425,0.4390243902439024,0.30107526881720426,0.18518518518518517,0.32978723404255317,0.24390243902439024,0.1010178841363108,0.030173074636887908,0.4499890986621171,0.25649543563982063
8750,0.6562500000000001,0.6466165413533834,0.5396825396825397,0.4580152671755725,0.5,0.5112781954887218,0.40476216610114873,0.347421404775997,0.5202843696537002,0.5024179695071821
8751,0.4903225806451613,0.4166666666666667,0.23529411764705885,0.1408450704225352,0.39999999999999997,0.3055555555555555,0.13536222025139863,0.0774716501415106,0.3952670748705695,0.29565699230511877
8752,0.41441441441441446,0.4615384615384615,0.2018348623853211,0.2696629213483146,0.19819819819819817,0.24175824175824176,0.037039826060455326,0.04194802114077243,0.3029030710172745,0.30478834718107034
8753,0.3548387096774194,0.3818181818181817,0.11475409836065574,0.1481481481481481,0.1774193548387097,0.2909090909090909,0.05732453671373875,0.06717300429789962,0.314609775857413,0.3019511783839433
8754,0.3649635036496351,0.5040650406504066,0.13333333333333333,0.2644628099173554,0.23357664233576644,0.2926829268292683,0.052837888192246926,0.13858627484905378,0.25048222752304383,0.28160710111247095
8755,0.2362204724409449,0.35164835164835173,0.032,0.1348314606741573,0.1889763779527559,0.1978021978021978,0.008105633842195183,0.06134227411504095,0.18469340710004611,0.3011323735955056
8756,0.43157894736842106,0.3954802259887006,0.2021276595744681,0.18285714285714286,0.29473684210526313,0.23728813559322035,0.08177941617569648,0.052051556866988834,0.2782972837538059,0.20311525209484396
8757,0.5128205128205128,0.5128205128205129,0.12987012987012986,0.1391304347826087,0.19230769230769232,0.29059829059829057,0.0186072054163963,0.01019928780113627,0.32434131147715256,0.16366612111292964
8758,0.4026845637583893,0.496551724137931,0.23129251700680273,0.27972027972027974,0.348993288590604,0.33103448275862063,0.147789583247071,0.1315334350482749,0.3594776893808371,0.4158806393984641
8759,0.5,0.5106382978723404,0.2686567164179105,0.27338129496402874,0.42647058823529416,0.43971631205673756,0.0859118063799866,0.10814525256112562,0.2773195720274217,0.28329873475527384
8760,0.3448275862068966,0.38016528925619836,0.13986013986013984,0.15126050420168066,0.27586206896551724,0.2975206611570248,0.08391548763302638,0.09882976379598273,0.31428544971340205,0.3074269480519481
8761,0.3090909090909091,0.2247191011235955,0.09259259259259259,0.0,0.19999999999999998,0.15730337078651685,0.020024394203577156,0.0061006446130066954,0.18072289156626506,0.12690355329949238
8762,0.5283018867924528,0.5473684210526316,0.36538461538461536,0.34408602150537637,0.41509433962264153,0.37894736842105264,0.179933863994271,0.08439278589573897,0.372381679389313,0.3305583354855372
8763,0.5303030303030303,0.5471698113207547,0.3692307692307692,0.3653846153846154,0.42424242424242425,0.4339622641509434,0.20053834005674118,0.21382685808160165,0.5636054421768707,0.48998554216867474
8764,0.34951456310679613,0.5151515151515151,0.21782178217821782,0.3125,0.3106796116504854,0.48484848484848486,0.07596458453655346,0.07508325052934221,0.39899803184827337,0.4316129032258065
8765,0.4615384615384615,0.4477611940298507,0.2105263157894737,0.24615384615384617,0.3333333333333333,0.38805970149253727,0.04809089118277273,0.02432990035512884,0.3565695941297867,0.34539501730811867
8766,0.3184713375796178,0.2695035460992907,0.09032258064516129,0.05755395683453238,0.15286624203821653,0.1276595744680851,0.012124107700762742,0.011988531530267046,0.19018826739427017,0.17008773861542203
8767,0.5522388059701493,0.46153846153846156,0.33333333333333337,0.18750000000000003,0.4328358208955224,0.32307692307692304,0.21487393084853323,0.12851755735905168,0.5753014433286541,0.46586444280683303
8768,0.3089430894308943,0.2912621359223301,0.08264462809917356,0.039603960396039604,0.19512195121951217,0.15533980582524273,0.01905010853582135,0.009270196054984471,0.3467349486611124,0.23325870140443722
8769,0.358974358974359,0.47058823529411764,0.10434782608695652,0.16,0.22222222222222224,0.2549019607843137,0.021642524039193412,0.039329006888939616,0.3100322544766989,0.3975653975653975
8770,0.29906542056074764,0.47058823529411764,0.15238095238095237,0.21212121212121215,0.24299065420560745,0.3823529411764706,0.04762847908639895,0.0888387900130364,0.33873417721518995,0.2863367569249922
8771,0.5408805031446541,0.5263157894736842,0.25477707006369427,0.22666666666666666,0.3396226415094339,0.32894736842105265,0.09008543902953649,0.04387481097880881,0.4427392700719433,0.43634792626728114
8772,0.3620689655172414,0.2962962962962963,0.07017543859649121,0.10126582278481013,0.27586206896551724,0.22222222222222224,0.012701477830849087,0.012900052782540236,0.2717401960784314,0.1553362573099415
8773,0.5170068027210885,0.5373134328358209,0.2482758620689655,0.3636363636363637,0.32653061224489793,0.417910447761194,0.03459451822877272,0.15826993148016966,0.20309327846364883,0.2742203136893423
8774,0.308411214953271,0.3891891891891892,0.11320754716981131,0.12021857923497266,0.21495327102803738,0.1945945945945946,0.0951119523990563,0.021727950422060653,0.20705542661361628,0.1983244918424735
8775,0.6099290780141844,0.5641025641025642,0.38848920863309355,0.4,0.43971631205673756,0.5128205128205128,0.2761766651116251,0.21070153935817856,0.4509531685236769,0.3478300922758826
8776,0.5730337078651684,0.47500000000000003,0.22727272727272724,0.16455696202531644,0.33707865168539325,0.25,0.12233105658055836,0.011585753138034751,0.3709287552798311,0.19845499869777136
8777,0.39999999999999997,0.46031746031746035,0.12269938650306747,0.2096774193548387,0.14545454545454548,0.2222222222222222,0.021660816932520033,0.031473102186882505,0.2202216272497397,0.26861702127659576
8778,0.7238095238095238,0.628099173553719,0.5825242718446603,0.4201680672268908,0.7047619047619049,0.5289256198347109,0.37326625280950626,0.26096045023142433,0.6499843718755886,0.5270609621258971
8779,0.47706422018348627,0.4,0.14953271028037382,0.08849557522123894,0.25688073394495414,0.20869565217391303,0.13350097003610484,0.013743242602310569,0.30953821334946563,0.26666666666666666
8780,0.38028169014084506,0.36697247706422026,0.14285714285714285,0.16822429906542058,0.23943661971830987,0.2385321100917431,0.029815031118136513,0.03296979502821327,0.3202365874413727,0.3042989417989418
8781,0.650887573964497,0.6143790849673204,0.40718562874251496,0.3576158940397351,0.2958579881656805,0.2875816993464052,0.28107919530082415,0.2633975187767735,0.510049558653516,0.4704879402599491
8782,0.35294117647058826,0.31111111111111106,0.08,0.06818181818181819,0.21568627450980393,0.22222222222222224,0.00936579915264199,0.011067926155676427,0.24982167352537726,0.1272264631043257
8783,0.4999999999999999,0.5165562913907285,0.2676056338028169,0.2550335570469799,0.36111111111111105,0.3973509933774835,0.12365767613148457,0.10514361597979408,0.4320778982872877,0.49509959177927926
8784,0.3833333333333333,0.46428571428571425,0.20338983050847456,0.21818181818181817,0.26666666666666666,0.23214285714285712,0.12694432319602042,0.1321877975666513,0.27237094709897613,0.3025650866756221
8785,0.4363636363636364,0.416,0.22222222222222224,0.17886178861788618,0.4,0.336,0.03770404368108719,0.04245727221147106,0.2952700119946749,0.3078821069509447
8786,0.3714285714285714,0.3125,0.07246376811594203,0.07936507936507936,0.1857142857142857,0.21875,0.010685362716233774,0.01012090815331229,0.23021754203501477,0.17337202655762216
8787,0.5585585585585585,0.4,0.20183486238532108,0.07228915662650602,0.3063063063063063,0.16470588235294117,0.1091972754819137,0.012652805704984591,0.36099750427931165,0.23562682991748737
8788,0.3508771929824562,0.4,0.10714285714285714,0.13636363636363635,0.26315789473684204,0.2,0.01325850377587209,0.04475425067632264,0.30741383614899004,0.2341170758773755
8789,0.36363636363636365,0.4285714285714286,0.05555555555555555,0.125,0.18181818181818182,0.22448979591836737,0.005594080064153323,0.07910010014539721,0.16569200779727095,0.2752612663343215
8790,0.47916666666666663,0.46,0.25531914893617025,0.28571428571428564,0.2708333333333333,0.42,0.10128441760457453,0.09651036116391722,0.47662292817679563,0.5057123031361908
8791,0.30985915492957744,0.3649635036496351,0.1285714285714286,0.13333333333333333,0.21126760563380284,0.291970802919708,0.04283751728228247,0.07330916344404988,0.30721769924427733,0.4024478416108314
8792,0.4390243902439025,0.6554621848739495,0.1652892561983471,0.4615384615384615,0.2113821138211382,0.4369747899159664,0.08086889065437623,0.36067389616390105,0.3301322469039998,0.6199458690182723
8793,0.3760683760683761,0.48543689320388356,0.10434782608695653,0.19801980198019806,0.3076923076923077,0.38834951456310685,0.06096501558248645,0.11535569229124434,0.305149422953261,0.39165602383993187
8794,0.45161290322580644,0.5294117647058824,0.21311475409836064,0.3582089552238806,0.27419354838709675,0.4852941176470588,0.09486871212827239,0.22526003372339576,0.41544809449318737,0.560642563787472
8795,0.35064935064935066,0.3164556962025316,0.06578947368421052,0.0641025641025641,0.19480519480519481,0.13924050632911392,0.02018410681545798,0.01873072775128328,0.20033686750000917,0.17917824074074074
8796,0.2786885245901639,0.380952380952381,0.08333333333333334,0.17073170731707318,0.180327868852459,0.30952380952380953,0.02705696454779055,0.10217232041671848,0.2035625217595191,0.19782716049382723
8797,0.4142857142857142,0.41463414634146345,0.1739130434782609,0.15,0.32857142857142857,0.24390243902439024,0.05239924894627382,0.012095123757881292,0.4440154440154442,0.16040157004830918
8798,0.4473684210526316,0.44897959183673475,0.1733333333333333,0.15172413793103448,0.27631578947368424,0.2585034013605442,0.023398023383531787,0.02139922371592389,0.23492805403635775,0.17919820522183078
8799,0.35294117647058826,0.28846153846153844,0.10256410256410256,0.0392156862745098,0.18487394957983191,0.19230769230769232,0.019690143583343832,0.01084920505214433,0.2283762333094712,0.1649473457984096
8800,0.46153846153846156,0.5507246376811593,0.20224719101123598,0.23880597014925373,0.30769230769230765,0.40579710144927544,0.08360161095423953,0.09803138549205548,0.32192590091990886,0.31036655211912945
8801,0.4675324675324675,0.4473684210526316,0.18421052631578946,0.13333333333333333,0.3766233766233766,0.3157894736842105,0.10325878524756048,0.028385062866428407,0.37875100945005696,0.3119768415178571
8802,0.38167938931297707,0.5510204081632653,0.24806201550387594,0.45833333333333326,0.3053435114503817,0.28571428571428575,0.13679547867538067,0.28202625563316513,0.4331450094161958,0.4859167913928115
8803,0.35294117647058826,0.42424242424242425,0.05128205128205128,0.10309278350515465,0.16806722689075632,0.18181818181818182,0.01012090815331229,0.06919357692125218,0.19858977587509447,0.23890977443609018
8804,0.4464285714285714,0.4339622641509434,0.2727272727272727,0.19230769230769232,0.33928571428571425,0.30188679245283023,0.11898081400792607,0.07810423391684482,0.35738717251835,0.37088455941711534
8805,0.47058823529411764,0.4628099173553719,0.15384615384615383,0.2184873949579832,0.26890756302521,0.2809917355371901,0.051587612251534694,0.07056062808883197,0.2618486338429761,0.3573466721672167
8806,0.38235294117647056,0.4,0.1343283582089552,0.12030075187969926,0.23529411764705882,0.2518518518518519,0.028027285749761603,0.024197077478154895,0.26158827539195634,0.2266811742618194
8807,0.5401459854014599,0.5087719298245614,0.2222222222222222,0.1607142857142857,0.3211678832116788,0.24561403508771928,0.0653402965991945,0.029007982210555144,0.29674074074074075,0.22380151882836977
8808,0.5072463768115942,0.39999999999999997,0.2941176470588235,0.1694915254237288,0.3188405797101449,0.29999999999999993,0.15154458290790626,0.10694862688228991,0.4275794961486599,0.2973819830962688
8809,0.5274725274725274,0.41791044776119407,0.38202247191011235,0.27692307692307694,0.4835164835164835,0.3582089552238806,0.21981445899398266,0.16567119129214083,0.5072075038772865,0.3685950413223141
8810,0.3950617283950617,0.47457627118644075,0.20253164556962025,0.2807017543859649,0.32098765432098764,0.3728813559322034,0.11561678083663278,0.10700885984768607,0.2823748767258383,0.28160391796755435
8811,0.3137254901960784,0.19718309859154928,0.13999999999999999,0.028985507246376812,0.2549019607843137,0.11267605633802817,0.039663108114673815,0.004665111872135207,0.264634884572556,0.05827505827505827
8812,0.5241379310344828,0.484375,0.26573426573426573,0.25396825396825395,0.38620689655172413,0.35937499999999994,0.07974151065974755,0.10472602467863074,0.36228804710044255,0.3496917562724014
8813,0.4,0.574074074074074,0.27184466019417475,0.41509433962264153,0.3619047619047619,0.5555555555555556,0.18304160536389955,0.25067666190888466,0.40597058823529414,0.6192261959206075
8814,0.3783783783783784,0.3689320388349514,0.14678899082568808,0.09900990099009901,0.27027027027027023,0.2524271844660194,0.0268935627146869,0.08533654358875632,0.3047975481817646,0.32828177069934134
8815,0.4090909090909091,0.3364485981308411,0.1627906976744186,0.1142857142857143,0.2272727272727273,0.16822429906542055,0.03554366983671189,0.009571763961486927,0.2397577672459189,0.19037206719422461
8816,0.4081632653061224,0.6030150753768845,0.2268041237113402,0.32487309644670054,0.2857142857142857,0.4221105527638191,0.12919643878492573,0.22359458306727692,0.25826326639334773,0.35694590734378534
8817,0.3247863247863248,0.2882882882882883,0.1391304347826087,0.07339449541284404,0.20512820512820512,0.16216216216216214,0.06987713045687152,0.01095406308391926,0.24767432365374592,0.20464878671775225
8818,0.46601941747572817,0.48598130841121495,0.15841584158415842,0.15238095238095234,0.2912621359223301,0.29906542056074764,0.0812652406949208,0.07931901947570322,0.2724953617810761,0.30001762218045114
8819,0.5476190476190476,0.5915492957746479,0.43373493975903615,0.5,0.5357142857142857,0.5774647887323943,0.3611954138703896,0.3075041681913817,0.43677419280036356,0.43764812138728326
8820,0.4025157232704402,0.36231884057971014,0.1019108280254777,0.11764705882352941,0.22641509433962267,0.18840579710144928,0.029901863977880375,0.026346086464891904,0.2243947787231438,0.19203018867924526
8821,0.46601941747572817,0.4680851063829787,0.25742574257425743,0.1739130434782609,0.2912621359223301,0.2765957446808511,0.1559610939697738,0.0795399081106875,0.3414208625796243,0.2671854643262402
8822,0.3529411764705882,0.39999999999999997,0.17094017094017094,0.16326530612244897,0.3025210084033613,0.33999999999999997,0.061528187723464946,0.07609779098010355,0.31905311279605647,0.3565891472868217
8823,0.40506329113924056,0.41666666666666663,0.08974358974358976,0.1566265060240964,0.20253164556962028,0.17857142857142855,0.025468486986024327,0.05354254666972965,0.26619258120315203,0.25004551718822055
8824,0.4444444444444444,0.3739837398373984,0.17218543046357615,0.09917355371900828,0.30065359477124187,0.22764227642276422,0.07829103032020461,0.026425379575022518,0.2920068701281543,0.1733058952481248
8825,0.32812499999999994,0.3783783783783784,0.15873015873015872,0.14678899082568805,0.15625,0.2162162162162162,0.024839149536533184,0.09420980394702652,0.2905782526444351,0.32071870354396464
8826,0.6666666666666666,0.6486486486486487,0.5436893203883495,0.5321100917431192,0.45714285714285713,0.6306306306306306,0.4174070993809213,0.3410847217981208,0.5544602053173168,0.56487558987559
8827,0.5789473684210527,0.5937499999999999,0.34666666666666673,0.365079365079365,0.5,0.42187499999999994,0.16860758310837257,0.14628559831385077,0.5957054539450753,0.41047400337292334
8828,0.368421052631579,0.3434343434343435,0.17857142857142858,0.1443298969072165,0.2280701754385965,0.20202020202020204,0.0285528554351268,0.06987172381218848,0.2250053663971543,0.21216730038022813
8829,0.48979591836734687,0.5360824742268041,0.20833333333333334,0.29473684210526313,0.3877551020408163,0.4329896907216495,0.0488992893536711,0.09868981544446524,0.43827475450424075,0.44022264230203734
8830,0.7361963190184048,0.6466165413533834,0.48447204968944096,0.3969465648854961,0.46625766871165647,0.5263157894736842,0.3190360736099929,0.23816905728416585,0.6123947383316906,0.5115961800818554
8831,0.3305785123966942,0.35135135135135137,0.15126050420168066,0.1111111111111111,0.18181818181818182,0.16216216216216214,0.01882462374926918,0.019301580553534217,0.2988437842855937,0.262292243767313
8832,0.4318181818181818,0.2580645161290323,0.09302325581395349,0.03333333333333333,0.20454545454545453,0.1935483870967742,0.03440785446602137,0.012772937846928146,0.3149767392213199,0.13103602096576336
8833,0.5641025641025642,0.5740740740740741,0.31304347826086953,0.32075471698113206,0.39316239316239315,0.40740740740740744,0.12539344252284854,0.1676434639598193,0.3774382745246429,0.32262465043312194
8834,0.41071428571428575,0.5106382978723404,0.21818181818181817,0.2826086956521739,0.3035714285714286,0.3617021276595745,0.13567101210201055,0.1406517453183044,0.3736043832703214,0.2912501032801785
8835,0.5521472392638037,0.6307692307692307,0.34782608695652173,0.375,0.3803680981595091,0.5230769230769231,0.16513251694452263,0.19120992888937632,0.467683369644154,0.47684371568253353
8836,0.37606837606837606,0.3853211009174312,0.1391304347826087,0.14953271028037382,0.22222222222222224,0.29357798165137616,0.050487942681752405,0.04981364728834406,0.17115789405192977,0.1767433457786342
8837,0.2476190476190476,0.2758620689655173,0.0,0.08771929824561404,0.13333333333333336,0.22413793103448273,0.004903492846860617,0.044876414365388376,0.15931372549019607,0.2139957264957265
8838,0.40490797546012275,0.4331210191082802,0.12422360248447205,0.14193548387096777,0.20858895705521474,0.2165605095541401,0.04929911829351419,0.04879921711538848,0.20050608272506085,0.24743806446784092
8839,0.4046242774566474,0.5789473684210527,0.1286549707602339,0.18666666666666665,0.2658959537572254,0.36842105263157887,0.0691005095226342,0.07227227783521849,0.21281047821562687,0.29479671374996574
8840,0.5573770491803278,0.35443037974683544,0.35000000000000003,0.12987012987012989,0.4426229508196721,0.3037974683544304,0.13909725984757607,0.06625430923378253,0.5816729761304367,0.22413884192730343
8841,0.3670886075949368,0.5454545454545454,0.07692307692307691,0.2695035460992908,0.21518987341772153,0.37762237762237766,0.021769290377670232,0.17632685147275187,0.2029118370533081,0.4117058929733302
8842,0.4216867469879518,0.42176870748299317,0.0975609756097561,0.09655172413793103,0.1927710843373494,0.2312925170068027,0.0077382510242090296,0.027549025932950864,0.20703842572787437,0.2282652437661157
8843,0.2696629213483146,0.4217687074829932,0.0909090909090909,0.15172413793103448,0.16853932584269662,0.2585034013605442,0.053071635832106466,0.08008054250201051,0.15094198119346292,0.19594783088119985
8844,0.5132743362831858,0.30769230769230765,0.3243243243243243,0.08988764044943819,0.3716814159292035,0.15384615384615383,0.19599058945029724,0.012229112490176892,0.4448921933085502,0.1649473457984096
8845,0.5161290322580645,0.5909090909090909,0.1699346405228758,0.3076923076923077,0.2838709677419355,0.3484848484848485,0.03379008380834218,0.1452914765563203,0.30974362792544613,0.29557291666666663
8846,0.5633802816901408,0.64,0.32857142857142857,0.4489795918367347,0.4507042253521127,0.58,0.18557728352187947,0.3046349106990347,0.5479720843409274,0.4760143007479234
8847,0.3492063492063492,0.48837209302325585,0.12903225806451613,0.1904761904761905,0.2698412698412698,0.39534883720930236,0.051724330187256605,0.09514824286618344,0.4203777083030391,0.49095677174494906
8848,0.5599999999999999,0.6171428571428572,0.254335260115607,0.3005780346820809,0.38857142857142857,0.3542857142857143,0.14264317783678007,0.1865172184776441,0.38044212856401277,0.4075108746182865
8849,0.7702702702702702,0.7096774193548387,0.6712328767123289,0.5737704918032787,0.7297297297297297,0.6290322580645161,0.5105140631525042,0.4869068020762083,0.7724879213940612,0.5678120544271644
8850,0.3333333333333333,0.3614457831325301,0.12,0.14814814814814814,0.19607843137254902,0.21686746987951808,0.06443796191726035,0.05502361283387885,0.18197684961315283,0.22943846877428326
8851,0.46478873239436624,0.5396825396825397,0.2,0.22580645161290322,0.28169014084507044,0.2857142857142857,0.057615897267822194,0.03330819561259881,0.3434911213529741,0.33353601355771156
8852,0.6111111111111112,0.33663366336633666,0.4528301886792453,0.18181818181818182,0.537037037037037,0.27722772277227725,0.376650209646008,0.15342308958019457,0.5608321475214909,0.30116057592975204
8853,0.5607476635514019,0.5321100917431193,0.20952380952380953,0.24299065420560748,0.4485981308411215,0.45871559633027525,0.12773303378173054,0.1195991619566568,0.49436797581855807,0.4935072579790678
8854,0.2993197278911565,0.5272727272727273,0.06896551724137931,0.31481481481481477,0.1904761904761905,0.34545454545454546,0.04205458559967044,0.21402324951091087,0.22693620034764694,0.3411812080536913
8855,0.5342465753424657,0.556390977443609,0.2916666666666667,0.3206106870229007,0.410958904109589,0.481203007518797,0.059090158663762014,0.06851723496815999,0.4120801342445463,0.41180811808118084
8856,0.24806201550387597,0.42553191489361697,0.031496062992125984,0.1870503597122302,0.18604651162790697,0.28368794326241137,0.016911201409829442,0.10150017378036064,0.20783798238322604,0.4641271499459017
8857,0.5203252032520326,0.4035087719298246,0.3140495867768595,0.1607142857142857,0.2764227642276423,0.2982456140350877,0.1689505109010017,0.11958736530772894,0.3833734653080443,0.313069466832086
8858,0.6271186440677966,0.425,0.41379310344827586,0.20512820512820512,0.3728813559322034,0.3,0.3186370732387633,0.06784472363609638,0.4368244582275498,0.1953238953238953
8859,0.3157894736842105,0.4642857142857143,0.15999999999999998,0.29090909090909095,0.2763157894736842,0.375,0.06878946257878205,0.18931917466157275,0.3363471971066908,0.30153443998109647
8860,0.24793388429752067,0.23255813953488377,0.08403361344537816,0.047619047619047616,0.1487603305785124,0.1395348837209302,0.016004707269375126,0.008521924222067866,0.24591774094536525,0.1785781704232265
8861,0.3,0.4444444444444445,0.14285714285714285,0.15189873417721517,0.22000000000000003,0.2716049382716049,0.0881708656243518,0.09007790030767507,0.27402046089753734,0.3651332595367847
8862,0.3541666666666667,0.30476190476190473,0.10638297872340424,0.038834951456310676,0.22916666666666669,0.20952380952380953,0.06443466940770043,0.01026619029834729,0.25794937169914406,0.1843110190936278
8863,0.2631578947368421,0.4040404040404041,0.017857142857142856,0.020618556701030927,0.15789473684210525,0.20202020202020204,0.008690638553067162,0.008043939078807459,0.1438563168960245,0.140625
8864,0.4423076923076923,0.4622641509433963,0.14563106796116507,0.17142857142857143,0.22115384615384615,0.22641509433962265,0.060791288876393804,0.06874492784557654,0.2963514418285999,0.32878162314068005
8865,0.30476190476190473,0.44444444444444453,0.17475728155339806,0.3037974683544304,0.28571428571428575,0.39506172839506176,0.11805662553813534,0.1989087894162195,0.38239778547532344,0.44594831515831557
8866,0.5827814569536424,0.43971631205673756,0.24161073825503357,0.2014388489208633,0.3708609271523179,0.3404255319148936,0.14297658582493583,0.12251253966074864,0.32177847771169177,0.2876790364583333
8867,0.4383561643835617,0.24793388429752067,0.22222222222222224,0.033613445378151266,0.3424657534246575,0.13223140495867766,0.20514851356142902,0.0074790770195313876,0.3515625,0.14915724579411258
8868,0.42105263157894735,0.37362637362637363,0.21333333333333335,0.15730337078651685,0.3026315789473684,0.2197802197802198,0.09120941085663212,0.027651601375579343,0.35546412840505753,0.21216730038022813
8869,0.5263157894736842,0.4462809917355372,0.25954198473282447,0.1848739495798319,0.37593984962406013,0.38016528925619836,0.15279786394363487,0.08874803390854469,0.39954952469909655,0.2997224504985037
8870,0.4477611940298507,0.40816326530612246,0.1818181818181818,0.20833333333333331,0.3582089552238806,0.36734693877551017,0.08711558325032075,0.06667484695321957,0.4534671354146264,0.2715835789653553
8871,0.5079365079365079,0.6,0.38709677419354843,0.44897959183673464,0.4761904761904762,0.5800000000000001,0.3128191677491006,0.2223980416697635,0.39905858252408183,0.4255645289419684
8872,0.467741935483871,0.31775700934579443,0.2786885245901639,0.11428571428571427,0.3870967741935484,0.2429906542056075,0.1981545753503923,0.0063419779899451505,0.2527790844495061,0.13382934743954483
8873,0.3589743589743589,0.3888888888888889,0.1391304347826087,0.1509433962264151,0.2222222222222222,0.2962962962962963,0.04930897581890488,0.03145140920044739,0.2988087400469548,0.3538923214545757
8874,0.42857142857142855,0.4328358208955224,0.11290322580645161,0.12121212121212122,0.2698412698412698,0.2686567164179104,0.06537426243815944,0.0606269853646095,0.33037037037037037,0.35756216311511385
8875,0.33613445378151263,0.3103448275862069,0.10256410256410256,0.08771929824561403,0.21848739495798317,0.15517241379310345,0.0911356222075961,0.06713568219972754,0.28153228504516564,0.24108197856822716
8876,0.4217687074829932,0.5420560747663551,0.2620689655172414,0.36190476190476184,0.326530612244898,0.411214953271028,0.15995210742312238,0.27586125529410255,0.3807553832933899,0.5176414370964695
8877,0.6967741935483871,0.6410256410256409,0.6274509803921569,0.44155844155844154,0.6838709677419355,0.4999999999999999,0.43896433895533277,0.30614944559551094,0.5412817551963048,0.4495735258518803
8878,0.4628099173553719,0.35135135135135137,0.26890756302521013,0.0958904109589041,0.347107438016529,0.14864864864864863,0.14825566806787724,0.016539453835072992,0.384494753649635,0.2766193674176776
8879,0.32478632478632474,0.2268041237113402,0.13913043478260867,0.0,0.2735042735042735,0.12371134020618556,0.06103851181668747,0.005617843823157786,0.2354620180164396,0.09825327510917031
8880,0.4049079754601227,0.3619047619047619,0.09937888198757763,0.09708737864077668,0.20858895705521474,0.15238095238095237,0.019530487650633047,0.016350128216262375,0.2290500430610236,0.1740425448254168
8881,0.25742574257425743,0.32380952380952377,0.0606060606060606,0.05825242718446602,0.1584158415841584,0.17142857142857143,0.02130958438733306,0.025653748405447513,0.13464365369018652,0.17013025542495477
8882,0.4999999999999999,0.467005076142132,0.2079207920792079,0.17435897435897438,0.27450980392156865,0.2639593908629442,0.08488946685176708,0.09222719957529986,0.3181789232336956,0.24130211695383752
8883,0.46031746031746035,0.43010752688172044,0.1935483870967742,0.1758241758241758,0.28571428571428575,0.27956989247311825,0.10465699727124675,0.06512578881852012,0.2702017699115044,0.22050818032015068
8884,0.4731182795698925,0.4871794871794871,0.26373626373626374,0.21052631578947367,0.40860215053763443,0.38461538461538464,0.10355005892733621,0.09162297751376876,0.34400544959128065,0.2732717018431304
8885,0.27522935779816515,0.27522935779816515,0.09345794392523366,0.09345794392523366,0.2018348623853211,0.2018348623853211,0.02226127616878785,0.02226127616878785,0.15560165975103735,0.15560165975103735
8886,0.42105263157894735,0.4484848484848485,0.18085106382978722,0.19631901840490798,0.2,0.27878787878787875,0.03055594647653183,0.08188096395237862,0.2698337397062291,0.26011163353405375
8887,0.4946236559139785,0.6341463414634146,0.3296703296703297,0.45,0.3655913978494624,0.6341463414634146,0.11784391003352136,0.17023170676711707,0.4414773621530874,0.5850084990949341
8888,0.3300970873786408,0.27184466019417475,0.099009900990099,0.039603960396039604,0.1941747572815534,0.11650485436893204,0.058520616494745624,0.010435177484523031,0.24886511024643324,0.18697537494529975
8889,0.49645390070921985,0.4671532846715328,0.2446043165467626,0.1925925925925926,0.3687943262411348,0.33576642335766427,0.07556990716504995,0.07322659245126228,0.4181327160493828,0.3895287958115184
8890,0.7344632768361581,0.4968152866242038,0.5371428571428573,0.24516129032258063,0.6553672316384181,0.38216560509554137,0.4165122398997169,0.10955946832898988,0.612295235374659,0.2922293892360411
8891,0.38655462184873945,0.375,0.17094017094017092,0.15873015873015875,0.2689075630252101,0.25,0.048951936682204295,0.06900892302302836,0.28746426106674555,0.28194788931919607
8892,0.6060606060606061,0.34146341463414637,0.4294478527607362,0.08641975308641976,0.5212121212121212,0.15853658536585366,0.3377969669458078,0.020814959759548002,0.5738720677607052,0.217216252607123
8893,0.3978494623655914,0.3626373626373626,0.17391304347826086,0.13333333333333333,0.23655913978494622,0.18681318681318682,0.030093485183256795,0.023269199650606906,0.2595500927643785,0.2288303940062642
8894,0.6912442396313364,0.7142857142857143,0.45581395348837206,0.5288461538461537,0.543778801843318,0.561904761904762,0.3238426035798568,0.36848938695954847,0.5086950202781635,0.5687017114681445
8895,0.12698412698412698,0.10526315789473685,0.0,0.0,0.12698412698412698,0.10526315789473685,0.004928412630671679,0.005097615802300061,0.11428571428571428,0.08875739644970414
8896,0.3168316831683168,0.17073170731707318,0.0606060606060606,0.024999999999999998,0.1584158415841584,0.12195121951219512,0.02355442993488877,0.005323803144583107,0.18381602794147656,0.06302521008403361
8897,0.55,0.5098039215686274,0.3220338983050848,0.28,0.4666666666666667,0.27450980392156865,0.2110254984296775,0.1329857567112815,0.4275794961486599,0.3541343012704174
8898,0.43697478991596644,0.47727272727272724,0.13675213675213674,0.1627906976744186,0.35294117647058826,0.38636363636363635,0.02194117253266709,0.07709769233051775,0.35948221004869413,0.32134135271415437
8899,0.1616161616161616,0.18947368421052632,0.020618556701030927,0.04301075268817204,0.12121212121212122,0.12631578947368421,0.003940018995721922,0.007447938959763117,0.08403361344537814,0.15071706798866857
8900,0.3597883597883598,0.4186046511627907,0.12834224598930483,0.08235294117647059,0.21164021164021163,0.13953488372093023,0.0381500331226363,0.008345328863269217,0.18219516361998542,0.17123366863221182
8901,0.21359223300970875,0.32558139534883723,0.0198019801980198,0.09523809523809523,0.11650485436893204,0.2558139534883721,0.010435177484523031,0.024069357522994658,0.09416195856873824,0.1554008425250024
8902,0.416289592760181,0.5092592592592593,0.2191780821917808,0.3364485981308411,0.30769230769230765,0.2962962962962963,0.2001499429963166,0.26646089431632236,0.2773960501855501,0.36159290540540545
8903,0.36363636363636365,0.3851851851851852,0.07894736842105263,0.09022556390977443,0.23376623376623376,0.2814814814814815,0.009412311874634588,0.011484430856273707,0.2707548165270038,0.22025290215588728
8904,0.25599999999999995,0.24719101123595505,0.0813008130081301,0.11494252873563218,0.192,0.1797752808988764,0.021264709988820723,0.029558736656287218,0.2086397058823529,0.1566315789473684
8905,0.4098360655737705,0.35593220338983045,0.16666666666666666,0.06896551724137931,0.22950819672131148,0.2033898305084746,0.0733897676648612,0.013865936626849014,0.3465861456483126,0.2371329146991848
8906,0.5840707964601771,0.43103448275862066,0.2342342342342342,0.15789473684210525,0.35398230088495575,0.27586206896551724,0.11144523590760619,0.1327092643409219,0.38692502787893146,0.31228058331082903
8907,0.42857142857142855,0.39263803680981596,0.21686746987951808,0.1863354037267081,0.3333333333333333,0.3067484662576687,0.13837525755204175,0.11925005209587694,0.3303822445736637,0.3257898497232525
8908,0.49350649350649345,0.47482014388489213,0.25,0.21897810218978103,0.3246753246753247,0.3309352517985611,0.07794322420405773,0.08020482434835356,0.4424409491266773,0.39549750603627815
8909,0.38596491228070173,0.3584905660377358,0.14285714285714285,0.09615384615384615,0.21052631578947367,0.2641509433962264,0.05252354031036317,0.013511066263679867,0.21428571428571427,0.2418014978401452
8910,0.5833333333333334,0.5492957746478874,0.295774647887324,0.2571428571428572,0.4444444444444444,0.3661971830985915,0.12437647586316655,0.028508192234766985,0.3894040197670561,0.33865565000895514
8911,0.4888888888888889,0.3440860215053763,0.3157894736842105,0.13186813186813184,0.34074074074074073,0.2795698924731183,0.20339069532633072,0.10969131643199591,0.4853104718750999,0.24889955982392953
8912,0.5494505494505495,0.39795918367346944,0.2333333333333333,0.1443298969072165,0.3516483516483517,0.17346938775510207,0.11567907470528738,0.07883121137037376,0.3163150837401295,0.228773473550732
8913,0.28846153846153844,0.3037974683544304,0.1372549019607843,0.12987012987012989,0.23076923076923078,0.1518987341772152,0.059922494373439356,0.07209117403380154,0.2913838120104439,0.19183711159333303
8914,0.5093167701863354,0.3973509933774834,0.2893081761006289,0.20134228187919462,0.42236024844720493,0.2913907284768212,0.23513115421821207,0.11582913108149748,0.3954339005850913,0.2945325592086725
8915,0.4285714285714286,0.5391304347826087,0.16129032258064516,0.21238938053097345,0.2698412698412698,0.2782608695652174,0.10754990979282698,0.13193195011963274,0.40990259740259744,0.4527151211361738
8916,0.3492063492063492,0.36,0.14516129032258066,0.14285714285714288,0.2698412698412699,0.24,0.0298945223747065,0.03822240116566976,0.324640253076656,0.30483764082173626
8917,0.421875,0.4554455445544555,0.2698412698412699,0.18181818181818182,0.29687499999999994,0.297029702970297,0.17504867278583996,0.0690756765521569,0.41916814235736183,0.2917360073585317
8918,0.4444444444444444,0.5510204081632653,0.1935483870967742,0.3333333333333333,0.30158730158730157,0.44897959183673475,0.14566953259549156,0.18086454147153916,0.3902666893154408,0.41145644599303133
8919,0.6029411764705883,0.44247787610619466,0.2537313432835821,0.1981981981981982,0.38235294117647056,0.336283185840708,0.14047076826449745,0.05732271845686052,0.3904124689477062,0.23668837209302326
8920,0.4857142857142857,0.411764705882353,0.1739130434782609,0.13432835820895522,0.3142857142857143,0.25,0.09821011875909388,0.0316468815353192,0.31967751795812316,0.21086187845303866
8921,0.4748201438848921,0.425531914893617,0.2773722627737226,0.2608695652173913,0.3597122302158273,0.3829787234042553,0.11989837288962704,0.14973507780312512,0.46324779911964775,0.2629312265173679
8922,0.5656565656565657,0.49382716049382713,0.3092783505154639,0.27848101265822783,0.38383838383838376,0.3703703703703704,0.17482048002008943,0.21282647339216457,0.5010893246187365,0.4219689775245331
8923,0.4848484848484849,0.5897435897435896,0.2268041237113402,0.34210526315789475,0.24242424242424246,0.4358974358974359,0.08533654358875632,0.18325996435512587,0.367550765624602,0.4069280660377359
8924,0.5789473684210527,0.5270270270270271,0.3333333333333333,0.27397260273972596,0.2894736842105263,0.28378378378378377,0.2368861362098949,0.21027000962683004,0.4432872376226094,0.443841872413301
8925,0.6446280991735537,0.5289256198347106,0.5714285714285715,0.453781512605042,0.628099173553719,0.512396694214876,0.3323839562123925,0.27535877207355425,0.6050387596899226,0.46765911542610583
8926,0.4881889763779527,0.6614173228346457,0.272,0.44799999999999995,0.2992125984251969,0.5826771653543306,0.12592110064083575,0.29954508078139386,0.294770206022187,0.5383595456606857
8927,0.3333333333333333,0.26804123711340205,0.15094339622641512,0.0631578947368421,0.2222222222222222,0.14432989690721648,0.0789492237668599,0.022067713602073297,0.23031655844155843,0.17750229568411385
8928,0.5730337078651686,0.4999999999999999,0.22727272727272727,0.16867469879518074,0.35955056179775285,0.33333333333333337,0.09879894022825327,0.08024375527491828,0.3507940824383899,0.2616710004465107
8929,0.5217391304347827,0.5190839694656487,0.18867924528301885,0.12403100775193798,0.3229813664596273,0.36641221374045807,0.06780202114575493,0.026713365439430394,0.32556410686124115,0.2663750203515329
8930,0.4354838709677419,0.42622950819672134,0.22950819672131148,0.25,0.3225806451612903,0.3442622950819672,0.15821281313081925,0.1572796532510096,0.4277544543982017,0.41604477611940294
8931,0.5663716814159292,0.3695652173913044,0.4324324324324324,0.15555555555555559,0.5309734513274336,0.3260869565217391,0.2883419832786304,0.028935484355458316,0.49679830802518465,0.2321883354662139
8932,0.21621621621621623,0.13157894736842105,0.05504587155963303,0.02702702702702703,0.16216216216216217,0.07894736842105263,0.004285784448128173,0.011935289909527535,0.15679836974980188,0.10528120713305898
8933,0.4835164835164836,0.5526315789473685,0.20224719101123595,0.24324324324324323,0.37362637362637363,0.34210526315789475,0.11312289371427293,0.11596553793359075,0.4540327129159617,0.36129743041379087
8934,0.29166666666666663,0.37037037037037035,0.028169014084507043,0.05660377358490566,0.19444444444444445,0.20370370370370372,0.008656679420834576,0.01474823529449284,0.14382402707275802,0.19172297297297294
8935,0.5137614678899083,0.3368421052631579,0.2616822429906542,0.1935483870967742,0.3853211009174312,0.29473684210526313,0.1784534109702698,0.0846459358356105,0.36184857423795475,0.2382032667876588
8936,0.4722222222222222,0.5737704918032787,0.23943661971830985,0.41666666666666663,0.3472222222222222,0.31147540983606564,0.1724550532700678,0.36383396263834766,0.3680923182389458,0.5000065695252861
8937,0.5217391304347826,0.4096385542168675,0.1592920353982301,0.1728395061728395,0.3304347826086957,0.3373493975903614,0.013717909328526292,0.056389215435862394,0.30518044933078387,0.2467541894806703
8938,0.5068493150684932,0.38016528925619836,0.3055555555555556,0.18487394957983194,0.4246575342465753,0.2809917355371901,0.15861331164351625,0.13719164051384816,0.4966246789369319,0.3025607312797395
8939,0.26,0.3783783783783784,0.0816326530612245,0.1388888888888889,0.19999999999999998,0.2162162162162162,0.0119606490074997,0.0367483224173178,0.2751074005025533,0.32175653609116284
8940,0.5546218487394958,0.5,0.3247863247863248,0.2558139534883721,0.453781512605042,0.38636363636363635,0.1979991848047522,0.1482888314064897,0.4466884267689907,0.33933628776545194
8941,0.5148514851485149,0.75,0.36363636363636365,0.5142857142857143,0.3564356435643565,0.47222222222222227,0.25644010380645066,0.4141261205187854,0.5835741178530778,0.6453959820110782
8942,0.5464480874316939,0.5172413793103449,0.25414364640883974,0.3023255813953488,0.29508196721311475,0.36781609195402304,0.13556831516144122,0.1427247617691738,0.376470151723064,0.33322814875135726
8943,0.32786885245901637,0.3275862068965517,0.13333333333333333,0.14035087719298245,0.26229508196721313,0.29310344827586204,0.08881230502427664,0.09631233746115946,0.26152042737999154,0.3054794520547945
8944,0.5714285714285715,0.5497076023391814,0.31578947368421056,0.20118343195266272,0.41558441558441556,0.3391812865497076,0.217483281093782,0.12515215360393564,0.5156378548736188,0.46540692097458497
8945,0.5882352941176471,0.5645161290322579,0.373134328358209,0.360655737704918,0.411764705882353,0.3870967741935484,0.2732456778077919,0.21775655472013064,0.42770804277080426,0.4063954454787234
8946,0.358974358974359,0.5048543689320387,0.06956521739130435,0.21782178217821782,0.18803418803418806,0.2912621359223301,0.012332925950800438,0.11112063914027823,0.22015895953757234,0.40186561264822135
8947,0.5194805194805195,0.5734265734265734,0.23684210526315788,0.2836879432624113,0.27272727272727276,0.3076923076923077,0.11337724792352875,0.09387739464393774,0.3408376963350786,0.3458167330677291
8948,0.43939393939393934,0.3716814159292035,0.2153846153846154,0.14414414414414414,0.3636363636363636,0.3008849557522124,0.12286725991935839,0.10009643741382573,0.3975340136054421,0.3211649710752045
8949,0.5970149253731344,0.4,0.2575757575757576,0.17187500000000003,0.34328358208955223,0.2,0.09571488287220219,0.0514261675812403,0.3286389663779181,0.1902641152384215
8950,0.3431952662721894,0.35000000000000003,0.10778443113772455,0.1139240506329114,0.21301775147928995,0.2125,0.02504598501945299,0.028161503696122168,0.26540036180139004,0.25547140068925156
8951,0.607843137254902,0.47058823529411764,0.33999999999999997,0.21686746987951805,0.5686274509803922,0.4235294117647058,0.2156040308157474,0.08454223980199643,0.4544291442439591,0.303576465084923
8952,0.6213592233009708,0.6078431372549019,0.37623762376237624,0.38,0.5048543689320388,0.45098039215686275,0.1861395885720226,0.1820566913871743,0.4904258064516129,0.4509362166742716
8953,0.3539823008849558,0.2391304347826087,0.12612612612612611,0.02222222222222222,0.26548672566371684,0.15217391304347824,0.045895857959758306,0.00941475678741239,0.3275176659482944,0.17978451819479904
8954,0.4615384615384615,0.5210084033613445,0.2695035460992908,0.25641025641025644,0.3356643356643356,0.38655462184873945,0.16878610350450288,0.2180648125157209,0.4369167962674962,0.4213097339692919
8955,0.4305555555555556,0.43478260869565216,0.18309859154929578,0.08888888888888889,0.3333333333333333,0.23913043478260868,0.0854688808415305,0.011079625517263965,0.34098366034516703,0.1954623407001618
8956,0.2074074074074074,0.288135593220339,0.06015037593984963,0.13793103448275862,0.13333333333333333,0.16949152542372883,0.003418219135631723,0.07846653376523345,0.13103092783505152,0.28044871794871795
8957,0.4358974358974359,0.5138888888888888,0.0909090909090909,0.18309859154929578,0.1923076923076923,0.2916666666666667,0.011565911838935024,0.0889479631634868,0.23323615160349856,0.29416898545069975
8958,0.304,0.4301075268817204,0.14634146341463414,0.21978021978021978,0.25599999999999995,0.3225806451612903,0.08598875976774399,0.16658858906635315,0.3983434377935275,0.38265306122448983
8959,0.291970802919708,0.4854368932038835,0.059259259259259255,0.21782178217821782,0.145985401459854,0.38834951456310685,0.009928624042872789,0.13426010848437303,0.24484023511733768,0.33058057968632193
8960,0.34782608695652173,0.18181818181818182,0.07079646017699115,0.023255813953488372,0.19130434782608696,0.11363636363636365,0.01090348473196663,0.005632312103304779,0.2358857032635544,0.14046359284454524
8961,0.4772727272727273,0.36111111111111116,0.11627906976744187,0.05714285714285715,0.2954545454545454,0.22222222222222224,0.036299810579436285,0.013030059214028144,0.33933384674624567,0.16791610256824746
8962,0.5172413793103449,0.25,0.2280701754385965,0.0,0.3448275862068966,0.15,0.08048862002869049,0.005819498718689063,0.3742445374244536,0.10112359550561799
8963,0.4975609756097561,0.425,0.19704433497536944,0.20253164556962022,0.29268292682926833,0.28750000000000003,0.11575891512940796,0.07966894612679382,0.32125768967874235,0.2393887104630906
8964,0.58,0.48888888888888893,0.40816326530612246,0.3636363636363636,0.54,0.4444444444444445,0.3181181199027724,0.27511317477419417,0.44956286266924567,0.3780135947968116
8965,0.3741935483870968,0.34375,0.16993464052287582,0.11111111111111112,0.24516129032258066,0.25,0.10814472866498608,0.06199945018936578,0.27386503067484663,0.2297117915719846
8966,0.4999999999999999,0.5319148936170214,0.1702127659574468,0.3043478260869565,0.27083333333333337,0.3829787234042554,0.09668023126159721,0.17903063062326127,0.30547250747432736,0.40864156196584966
8967,0.5333333333333333,0.4918032786885246,0.2331288343558282,0.1878453038674033,0.33939393939393936,0.3060109289617486,0.0905398105196536,0.040512439738421786,0.35429862721973604,0.37038145283492463
8968,0.39999999999999997,0.4150943396226415,0.13559322033898305,0.13461538461538458,0.21666666666666667,0.2264150943396226,0.01441445377542366,0.0184574621151248,0.25335923217550277,0.23890977443609024
8969,0.5679012345679013,0.5797101449275363,0.26249999999999996,0.25,0.2962962962962963,0.2463768115942029,0.12114594299997385,0.050472871473168014,0.4262543402777778,0.3516005544042368
8970,0.2978723404255319,0.23728813559322035,0.10869565217391304,0.07017543859649122,0.19148936170212766,0.20338983050847456,0.024289783953423513,0.013358119008942147,0.20964838072926834,0.12252554278416346
8971,0.5103448275862069,0.5454545454545454,0.2657342657342658,0.33333333333333337,0.3586206896551724,0.38181818181818183,0.19857802021708593,0.14115376479086703,0.4364898793343631,0.3031597122302158
8972,0.536231884057971,0.42424242424242425,0.23529411764705882,0.12371134020618556,0.2753623188405797,0.3232323232323232,0.1118461423839746,0.023446368639576918,0.4167445203018325,0.21277932960893858
8973,0.40384615384615385,0.2678571428571429,0.1764705882352941,0.05454545454545455,0.28846153846153844,0.19642857142857145,0.03295437564943761,0.010455435536860878,0.3746043051598607,0.2724420921173917
8974,0.3619047619047619,0.4000000000000001,0.11650485436893206,0.20588235294117646,0.26666666666666666,0.34285714285714286,0.08251204129229005,0.148627945459368,0.3611650485436893,0.26635066626905024
8975,0.23529411764705882,0.23157894736842102,0.07228915662650602,0.06451612903225808,0.1647058823529412,0.1263157894736842,0.02818128039562268,0.0239652533986352,0.18112410656270303,0.17738958890161638
8976,0.7160493827160493,0.6153846153846154,0.5625,0.4071856287425149,0.6296296296296297,0.46153846153846156,0.412798599035381,0.26330740301363,0.6591440864905403,0.5898791196669736
8977,0.40625000000000006,0.5,0.07936507936507936,0.22448979591836735,0.18750000000000003,0.34,0.02101021292458008,0.04208853363754193,0.2625790826413602,0.27877114389433844
8978,0.3728813559322034,0.41176470588235287,0.08620689655172413,0.09999999999999999,0.1864406779661017,0.2549019607843137,0.014409807107631322,0.014319711805936398,0.19301097972972972,0.22027729636048524
8979,0.4964539007092199,0.496551724137931,0.3021582733812949,0.26573426573426573,0.35460992907801414,0.3310344827586207,0.1862704419151084,0.14876360706338185,0.3525057903393643,0.3219760992588141
8980,0.5365853658536586,0.5799999999999998,0.23140495867768596,0.26530612244897955,0.4227642276422764,0.42000000000000004,0.12189363728567912,0.20276620409537885,0.4821802935010482,0.4268974514280389
8981,0.4827586206896552,0.47457627118644063,0.2631578947368421,0.25862068965517243,0.3448275862068966,0.35593220338983045,0.16911842404390548,0.16387284026487955,0.3337210529286326,0.3511024062948537
8982,0.5408805031446541,0.4,0.42038216560509556,0.2028985507246377,0.5031446540880503,0.3285714285714286,0.28779643520532366,0.16319460581882791,0.5164292279411765,0.33836799183593086
8983,0.6825396825396826,0.7218045112781954,0.41935483870967744,0.44274809160305345,0.4761904761904762,0.40601503759398494,0.13392401783147387,0.1908771124899348,0.46636780575637465,0.5276958374303506
8984,0.5797101449275361,0.6086956521739131,0.3235294117647059,0.29411764705882354,0.43478260869565216,0.4202898550724638,0.15763723728831802,0.1018955517127367,0.4688235803324099,0.4445215133256483
8985,0.5344827586206897,0.41463414634146345,0.40350877192982454,0.19999999999999998,0.5,0.36585365853658536,0.1330889252443408,0.10483956315061868,0.5756996040396849,0.28836382113821135
8986,0.43609022556390975,0.38095238095238093,0.19847328244274812,0.16129032258064516,0.2706766917293233,0.25396825396825395,0.14398245344392563,0.12036190748107568,0.3605977824200546,0.30566649531416823
8987,0.5153374233128833,0.38926174496644295,0.2732919254658385,0.20408163265306123,0.26993865030674846,0.2550335570469799,0.1789455879181379,0.11066839959545302,0.3886203798481786,0.2300247454834841
8988,0.5691056910569107,0.6526315789473685,0.36363636363636365,0.47311827956989244,0.4065040650406504,0.5473684210526315,0.21499574785188275,0.2620573756398583,0.355279632721202,0.44715760363673474
8989,0.3294117647058824,0.21333333333333335,0.12048192771084339,0.0,0.23529411764705882,0.13333333333333333,0.11388142796198997,0.007517070915130241,0.2982876197161911,0.11335012594458439
8990,0.39316239316239315,0.3584905660377359,0.13793103448275862,0.14285714285714285,0.2735042735042735,0.23584905660377356,0.05923908552148784,0.03121325427487457,0.22485776623706746,0.21406367746797286
8991,0.6666666666666667,0.6727272727272728,0.4067796610169492,0.4444444444444444,0.3666666666666667,0.5636363636363636,0.2055334507520502,0.2682321989830155,0.588125042404505,0.5970156106519742
8992,0.411764705882353,0.49230769230769234,0.18,0.28571428571428575,0.21568627450980393,0.39999999999999997,0.027350745327086687,0.14690163841298043,0.2760995826401658,0.2809117944630101
8993,0.43209876543209874,0.31932773109243695,0.2125,0.08547008547008546,0.2716049382716049,0.20168067226890757,0.15779536259519042,0.03715131052831906,0.3138627860609575,0.18427619944799775
8994,0.25,0.43749999999999994,0.10169491525423728,0.27659574468085113,0.18333333333333335,0.3958333333333333,0.039868789297323994,0.20640517700081334,0.15902366863905323,0.3803447084385047
8995,0.30612244897959184,0.0784313725490196,0.16666666666666666,0.0,0.2857142857142857,0.0784313725490196,0.060805997510382785,0.007173775053353474,0.4354696894085217,0.0495049504950495
8996,0.4158415841584159,0.29545454545454547,0.22222222222222224,0.11627906976744186,0.3366336633663366,0.25,0.0831877329045583,0.012136108092186187,0.2653481178567684,0.12315891472868216
8997,0.4788732394366198,0.5853658536585366,0.3428571428571429,0.44628099173553726,0.39436619718309857,0.5528455284552845,0.16051057100191835,0.2971521176014488,0.47416376492390505,0.6009962454927326
8998,0.4181818181818182,0.5714285714285713,0.2037037037037037,0.40449438202247195,0.23636363636363636,0.3076923076923077,0.032814039394610285,0.2454482976880068,0.43719281663516063,0.5855896084823046
8999,0.5154639175257733,0.556701030927835,0.3645833333333334,0.375,0.46391752577319584,0.4742268041237114,0.22792702308647003,0.2304452887867528,0.3292345454545455,0.34319142986963064
9000,0.49350649350649356,0.5254237288135593,0.3157894736842105,0.3620689655172414,0.38961038961038963,0.423728813559322,0.22992525705802902,0.31432434613208593,0.42600509398072023,0.3915675782798256
9001,0.44086021505376344,0.4078947368421053,0.13043478260869562,0.14666666666666667,0.24731182795698928,0.25,0.0657508684074688,0.05293251663719673,0.2387456400072486,0.18024085005903187
9002,0.56,0.5609756097560975,0.22448979591836735,0.225,0.3,0.3658536585365853,0.07753513782797529,0.09110830687886676,0.4426257301829504,0.36135141019717804
9003,0.4858757062146893,0.47500000000000003,0.24,0.24050632911392403,0.28248587570621475,0.35000000000000003,0.17796748937400625,0.1101481544397816,0.2933583006266228,0.27417402651436346
9004,0.5204081632653061,0.5979381443298969,0.26804123711340205,0.2708333333333333,0.28571428571428575,0.3608247422680413,0.1684050160506221,0.1371571592355778,0.32348816189524676,0.3637255067235342
9005,0.3917525773195877,0.611764705882353,0.12631578947368421,0.28915662650602414,0.18556701030927836,0.35294117647058826,0.09298843528322444,0.19133826949413085,0.375267999486907,0.5106421064007999
9006,0.496,0.39639639639639634,0.24390243902439024,0.14678899082568808,0.27199999999999996,0.19819819819819817,0.0649353067551241,0.07801890264772814,0.42786712978693947,0.33946646361476146
9007,0.672,0.7142857142857143,0.47154471544715454,0.5272727272727272,0.576,0.6428571428571429,0.2990959961880144,0.35397331617862937,0.7259764542936289,0.695687885010267
9008,0.5606060606060606,0.5245901639344263,0.23076923076923075,0.21666666666666667,0.3787878787878788,0.2950819672131148,0.16862642802437167,0.13283135211115352,0.3473177441540578,0.30814156206415616
9009,0.40449438202247195,0.40540540540540543,0.16091954022988506,0.11111111111111112,0.31460674157303375,0.24324324324324326,0.0421169335849018,0.014193531680030335,0.26700716875548414,0.18218449931412894
9010,0.38095238095238093,0.39743589743589747,0.1103448275862069,0.1038961038961039,0.19047619047619047,0.23076923076923078,0.011684552098145562,0.019613104375775535,0.3227509837147156,0.3536474463178085
9011,0.3963963963963964,0.5769230769230769,0.23853211009174313,0.35294117647058826,0.32432432432432434,0.3653846153846154,0.16506958424349083,0.2298785019374566,0.2634743346007605,0.4652052337237523
9012,0.4605263157894737,0.416,0.2,0.13008130081300812,0.2894736842105263,0.256,0.11852767805121717,0.08571568896256342,0.3518492389636501,0.2832483441767774
9013,0.26804123711340205,0.24615384615384614,0.08421052631578949,0.0634920634920635,0.16494845360824742,0.15384615384615383,0.018730574860488187,0.008840994001530048,0.2419501216103387,0.11904761904761905
9014,0.4444444444444444,0.5647058823529411,0.1391304347826087,0.21686746987951808,0.23931623931623933,0.39999999999999997,0.034594120073554044,0.051433389067621904,0.2793893690773169,0.33382262417728115
9015,0.4459459459459459,0.3611111111111111,0.12328767123287672,0.056338028169014086,0.2702702702702703,0.16666666666666666,0.06095896511704231,0.020196741630292885,0.3307113760155096,0.18573551263001484
9016,0.39097744360902253,0.43103448275862066,0.12213740458015268,0.2105263157894737,0.31578947368421056,0.3275862068965517,0.032290850333869456,0.039535609615438484,0.2465225855599131,0.2839483090807687
9017,0.6984126984126985,0.6929133858267716,0.5483870967741935,0.528,0.5873015873015873,0.5826771653543307,0.4262584162741933,0.3955958018490272,0.6347890178735951,0.6307609580661033
9018,0.5740740740740741,0.4444444444444444,0.41509433962264153,0.3181818181818182,0.5370370370370371,0.4222222222222222,0.16517555046552224,0.1095203624266609,0.5949119285300926,0.39501820799457993
9019,0.37209302325581395,0.3661971830985915,0.09523809523809525,0.2608695652173913,0.23255813953488372,0.3380281690140845,0.02937633151478003,0.16931882486052235,0.19924714434060226,0.206483723432876
9020,0.33333333333333337,0.4,0.1914893617021277,0.24657534246575344,0.2916666666666667,0.32,0.09367325773640847,0.19435675970418376,0.30350765306122446,0.3162323773243197
9021,0.4727272727272728,0.3764705882352941,0.12962962962962962,0.07228915662650602,0.3090909090909091,0.18823529411764706,0.032374986018987986,0.02572185300335389,0.3084016720380356,0.19456058285383118
9022,0.4592592592592592,0.44859813084112155,0.12030075187969926,0.13333333333333333,0.23703703703703702,0.18691588785046728,0.057616499651829106,0.03392189060868592,0.30273087042877295,0.22297261871993498
9023,0.3652173913043478,0.28235294117647053,0.1238938053097345,0.07228915662650602,0.2608695652173913,0.21176470588235297,0.04639980294552741,0.01323614238074055,0.20212765957446807,0.125
9024,0.4264705882352941,0.4672897196261682,0.19402985074626866,0.22857142857142856,0.3235294117647059,0.35514018691588783,0.05123244234059571,0.08355547318227984,0.28665375998904585,0.36009759099701083
9025,0.32911392405063294,0.3809523809523809,0.07792207792207792,0.09756097560975609,0.20253164556962025,0.26190476190476186,0.007249733756281732,0.012660998324628945,0.12658227848101264,0.16290726817042603
9026,0.30344827586206896,0.43478260869565216,0.027972027972027972,0.15555555555555559,0.13793103448275862,0.21739130434782608,0.006728415603701764,0.06923681974686496,0.17793594306049823,0.22958792892156862
9027,0.3818181818181818,0.3116883116883117,0.16666666666666666,0.026666666666666665,0.2909090909090909,0.2077922077922078,0.07667045632915549,0.0073872544850719125,0.43242481203007527,0.12295081967213116
9028,0.2935779816513761,0.26966292134831465,0.14953271028037382,0.0689655172413793,0.20183486238532108,0.22471910112359547,0.08995299567694882,0.012927228527045607,0.22962962962962966,0.1714077962614833
9029,0.5714285714285714,0.5825242718446603,0.3064516129032258,0.25742574257425743,0.365079365079365,0.42718446601941745,0.16631693106339326,0.11290965451231479,0.4385387406367041,0.42099866047100953
9030,0.4838709677419355,0.29090909090909095,0.25,0.09815950920245398,0.2043010752688172,0.14545454545454548,0.17275922738741323,0.0459760636536216,0.33535655462697495,0.15699217050891695
9031,0.46153846153846156,0.4102564102564103,0.15624999999999997,0.17391304347826086,0.2,0.18803418803418803,0.028181711900739845,0.07109275262040066,0.31659661306042886,0.2770144562911939
9032,0.41904761904761906,0.5348837209302325,0.31067961165048547,0.3095238095238095,0.3428571428571429,0.3953488372093023,0.20525634280526098,0.15159418969281252,0.36945931477516064,0.29331026528258364
9033,0.4830508474576271,0.4378109452736319,0.2136752136752137,0.16080402010050254,0.2796610169491526,0.2288557213930348,0.13268269773711963,0.0477899549659539,0.3057159118627531,0.2265784729192223
9034,0.44025157232704404,0.42384105960264906,0.08917197452229299,0.06711409395973153,0.23899371069182387,0.1986754966887417,0.010093980590155295,0.009952308098778997,0.2792175565428324,0.26183006535947717
9035,0.3892617449664429,0.32394366197183094,0.09523809523809525,0.028571428571428567,0.1610738255033557,0.15492957746478872,0.0178636786431774,0.014841611524303437,0.3180789511571825,0.21265071685239756
9036,0.2831858407079646,0.3764705882352941,0.07207207207207207,0.16867469879518074,0.1946902654867257,0.28235294117647053,0.04768298437328911,0.08020064031720354,0.21337206914959145,0.2256296135475467
9037,0.21052631578947367,0.3695652173913043,0.0,0.1111111111111111,0.1263157894736842,0.28260869565217395,0.0052021967661181456,0.022351186570481754,0.1095890410958904,0.2355739717618171
9038,0.4193548387096774,0.4444444444444444,0.13114754098360656,0.18556701030927836,0.22580645161290322,0.30303030303030304,0.0756310992381033,0.09932717232523765,0.27767200228475075,0.2851678420896717
9039,0.5888888888888889,0.5641025641025642,0.3258426966292135,0.37305699481865284,0.34444444444444444,0.4717948717948718,0.24299875662527998,0.2847656384944557,0.4050074738415546,0.4549369740329709
9040,0.3529411764705882,0.4117647058823529,0.1686746987951807,0.30303030303030304,0.21176470588235294,0.35294117647058826,0.04325740366009962,0.22969347080817926,0.3745833333333333,0.3821542583513852
9041,0.3308270676691729,0.3653846153846154,0.13740458015267176,0.13725490196078433,0.2556390977443609,0.28846153846153844,0.08273559949937118,0.09430114652500773,0.23649744027303757,0.24058151929982047
9042,0.3333333333333333,0.35398230088495575,0.08450704225352114,0.12612612612612611,0.18055555555555552,0.17699115044247787,0.010249891257274565,0.026482245289541757,0.3169585585585586,0.27390984253428174
9043,0.43157894736842106,0.4321608040201005,0.10638297872340424,0.10152284263959392,0.19999999999999998,0.2412060301507538,0.047421984913711364,0.046235219868993926,0.27441345284052543,0.2938681052093973
9044,0.5309734513274337,0.5811965811965812,0.2702702702702703,0.2782608695652174,0.3893805309734513,0.4273504273504274,0.04236916878244441,0.10378185911497623,0.30331165671968835,0.47902165018235454
9045,0.5977011494252873,0.7361963190184049,0.40697674418604657,0.5093167701863354,0.44827586206896547,0.49079754601226994,0.22791982700644103,0.37090964400565996,0.4444632615790221,0.5635613243421386
9046,0.37606837606837606,0.4666666666666667,0.12173913043478261,0.27272727272727276,0.18803418803418803,0.3111111111111111,0.01060436598072813,0.1408883523819862,0.21518987341772153,0.3750798936993305
9047,0.5387755102040817,0.5175438596491229,0.23045267489711932,0.23893805309734514,0.2693877551020408,0.34210526315789475,0.07593499421799008,0.08560978732377546,0.2952931024019254,0.29240567890564045
9048,0.3758389261744967,0.3829787234042553,0.0816326530612245,0.14388489208633093,0.2416107382550336,0.2695035460992908,0.01676616466795917,0.02788530797870617,0.20304568527918782,0.2147297278008536
9049,0.5918367346938775,0.17721518987341775,0.4375,0.025974025974025976,0.5510204081632654,0.12658227848101264,0.25376192011638,0.011893367411361745,0.5875474239671771,0.11284513805522209
9050,0.5070422535211268,0.48543689320388356,0.24285714285714285,0.17821782178217824,0.33802816901408445,0.31067961165048547,0.10913679679738453,0.01673815722653671,0.46290795572793486,0.2815607652062782
9051,0.6635514018691588,0.5795454545454546,0.4339622641509434,0.3563218390804598,0.36448598130841114,0.4431818181818182,0.3279052601492094,0.1700147895837747,0.47391587702238586,0.3498691637783806
9052,0.5238095238095238,0.5074626865671642,0.14634146341463417,0.24615384615384617,0.28571428571428575,0.3582089552238805,0.017534731063172864,0.016774956808980883,0.23122655122655125,0.17269021739130433
9053,0.42424242424242425,0.4634146341463415,0.16494845360824742,0.20000000000000004,0.32323232323232326,0.36585365853658536,0.10499250238013089,0.1534493225249041,0.3098347872703348,0.30867970660146704
9054,0.434108527131783,0.4273504273504274,0.14173228346456695,0.1391304347826087,0.2170542635658915,0.27350427350427353,0.024957053564805154,0.02501238511559052,0.38397752565007337,0.32687313393283035
9055,0.5064935064935064,0.4301075268817204,0.23684210526315788,0.24175824175824176,0.37662337662337664,0.40860215053763443,0.12414728123421406,0.093019516154259,0.35847096317511484,0.21804835924006907
9056,0.39999999999999997,0.32941176470588235,0.15254237288135594,0.048192771084337345,0.26666666666666666,0.18823529411764706,0.08804985304451397,0.01293165965304266,0.4336177777777777,0.2443907675791734
9057,0.4782608695652174,0.4827586206896552,0.16176470588235298,0.12280701754385964,0.21739130434782608,0.27586206896551724,0.0674866070111015,0.03044340767459515,0.361311544991511,0.29119434628975266
9058,0.5882352941176471,0.24691358024691357,0.33999999999999997,0.12658227848101267,0.3333333333333333,0.2222222222222222,0.2248709690593021,0.07818895385093833,0.466435364544771,0.2051422319474836
9059,0.5217391304347826,0.6399999999999999,0.4666666666666668,0.5753424657534246,0.5217391304347826,0.6399999999999999,0.2518710389580892,0.33841071931252764,0.7508544173061756,0.7956422246542633
9060,0.48587570621468923,0.33112582781456956,0.14857142857142858,0.10738255033557047,0.2598870056497175,0.19867549668874174,0.023839181807794586,0.012871893309503606,0.2924934721074304,0.18846672342840928
9061,0.6046511627906976,0.5555555555555556,0.3779527559055118,0.28301886792452835,0.3875968992248062,0.4074074074074074,0.28683339224951715,0.16807796689763443,0.5106627296587927,0.3829114709092713
9062,0.5263157894736842,0.46774193548387094,0.35114503816793896,0.21311475409836064,0.4210526315789474,0.25806451612903225,0.17081504083314109,0.060000241802436176,0.4940318035426731,0.3399320870965483
9063,0.5029940119760479,0.5303030303030304,0.27878787878787875,0.27692307692307694,0.3712574850299401,0.4090909090909091,0.15282227694537498,0.1971740822543476,0.4553537956667778,0.38953223445202056
9064,0.32786885245901637,0.19047619047619047,0.06666666666666667,0.024390243902439025,0.1967213114754098,0.14285714285714285,0.01311003698681659,0.006886629882865463,0.2440457370450244,0.08166969147005446
9065,0.5217391304347826,0.579185520361991,0.2719298245614035,0.32876712328767127,0.3739130434782608,0.41628959276018096,0.161113481456272,0.18645256073226063,0.31621612153332984,0.4058445095800646
9066,0.5142857142857142,0.5471698113207547,0.391304347826087,0.42307692307692313,0.4714285714285714,0.49056603773584906,0.2201514602780778,0.3307532817374672,0.5748494466145834,0.5014582858240215
9067,0.3137254901960784,0.24444444444444446,0.04,0.022727272727272724,0.21568627450980393,0.15555555555555559,0.010951135588019124,0.005482859573328644,0.20859813084112147,0.09560229445506693
9068,0.4,0.4675324675324675,0.09375,0.07894736842105263,0.15384615384615383,0.19480519480519481,0.030196630169279013,0.023393727998654502,0.2395443196004994,0.27493961352657004
9069,0.381578947368421,0.3898305084745763,0.05333333333333333,0.10344827586206896,0.2368421052631579,0.27118644067796616,0.018622003050355905,0.024439325346858623,0.295920920920921,0.20930129651754503
9070,0.624,0.853932584269663,0.5203252032520325,0.7816091954022989,0.48000000000000004,0.853932584269663,0.2740286504279833,0.5287430133493595,0.7147453576025006,0.8207206368812446
9071,0.46846846846846846,0.5084745762711865,0.14678899082568808,0.15517241379310345,0.3243243243243243,0.3220338983050848,0.08183956230934981,0.044103625596632404,0.3720387053720387,0.43364066670373663
9072,0.5232558139534883,0.6467065868263473,0.18823529411764708,0.3636363636363636,0.2790697674418605,0.467065868263473,0.05700231945150019,0.18920055796379545,0.31649427618532533,0.45493612565445024
9073,0.3829787234042553,0.2857142857142857,0.13043478260869568,0.11235955056179775,0.21276595744680848,0.21978021978021978,0.025334795699203185,0.012051820812364165,0.2984197768443647,0.19834602747909197
9074,0.4225352112676056,0.45517241379310347,0.1285714285714286,0.15384615384615383,0.22535211267605634,0.23448275862068962,0.06287878275015417,0.0720780364234578,0.26469572488003495,0.2711441729660353
9075,0.36893203883495146,0.3376623376623376,0.1188118811881188,0.13333333333333333,0.27184466019417475,0.2857142857142857,0.027164719371681398,0.03350904327062531,0.22214248434237996,0.1763267837921661
9076,0.4122137404580153,0.4040404040404041,0.09302325581395349,0.08247422680412371,0.25954198473282447,0.18181818181818182,0.031283034052950555,0.008329061904700353,0.2545020904935691,0.21756279434850864
9077,0.4832214765100672,0.5142857142857143,0.17687074829931973,0.19417475728155342,0.2953020134228188,0.36190476190476195,0.06237037910733382,0.03917925642616078,0.5292558445078392,0.38211423712377596
9078,0.5419354838709678,0.5263157894736842,0.19607843137254902,0.20000000000000004,0.34838709677419355,0.3552631578947369,0.06001424262999501,0.11348180700553698,0.3217358772914329,0.3159115928529089
9079,0.423728813559322,0.46511627906976744,0.18965517241379312,0.2619047619047619,0.288135593220339,0.37209302325581395,0.10401573521003628,0.09111989207656315,0.2548158662733114,0.25660569105691056
9080,0.40601503759398494,0.36781609195402293,0.0916030534351145,0.16470588235294115,0.19548872180451127,0.3218390804597701,0.021689234284605775,0.08431801796437326,0.28199536219081267,0.19582801191996596
9081,0.3,0.3055555555555556,0.07246376811594203,0.08450704225352113,0.18571428571428572,0.1527777777777778,0.006274165199269775,0.007338198700157627,0.2136752136752137,0.2734826170883673
9082,0.5636363636363636,0.5242718446601942,0.2777777777777778,0.297029702970297,0.43636363636363634,0.4660194174757281,0.17657268261369097,0.13140504835007505,0.39310806289729006,0.3751768595518596
9083,0.4444444444444445,0.6419753086419754,0.22727272727272727,0.4810126582278481,0.2888888888888889,0.54320987654321,0.10908370302374089,0.1779670273947421,0.3350818325971231,0.41252830090757525
9084,0.5789473684210528,0.5285714285714286,0.4,0.3913043478260869,0.4473684210526316,0.4714285714285714,0.32134942401128763,0.3366139304539476,0.5742816911015938,0.5210727712587371
9085,0.4000000000000001,0.48484848484848486,0.10619469026548671,0.24742268041237114,0.2956521739130435,0.3434343434343434,0.025963742211370627,0.08514956558627551,0.3428155925229666,0.3690366266543552
9086,0.34920634920634924,0.32075471698113206,0.0967741935483871,0.07692307692307691,0.19047619047619047,0.20754716981132076,0.05193204968391196,0.023203039690167775,0.301744741873805,0.15649948342256034
9087,0.26804123711340205,0.5794392523364487,0.12631578947368421,0.41904761904761906,0.16494845360824742,0.5233644859813084,0.08286037947656906,0.247913515040254,0.1756440281030445,0.6162890448965409
9088,0.5026737967914439,0.4000000000000001,0.29189189189189185,0.18300653594771243,0.35294117647058826,0.23225806451612904,0.22778983915792098,0.07846921124007099,0.3133109223873555,0.2710946701581457
9089,0.4957264957264957,0.25,0.3130434782608696,0.023255813953488372,0.3418803418803419,0.1590909090909091,0.148121848819129,0.0054184418648231866,0.4122887933943798,0.07042253521126761
9090,0.24561403508771934,0.3269230769230769,0.07142857142857142,0.1372549019607843,0.1754385964912281,0.2692307692307692,0.007881920122879542,0.0684550726920288,0.21362665333393938,0.334027996225228
9091,0.7121212121212119,0.5614035087719299,0.6461538461538461,0.44642857142857145,0.7121212121212119,0.5087719298245614,0.515339401650081,0.40018246877269575,0.7513979368253874,0.4419164118246688
9092,0.358974358974359,0.28901734104046245,0.09326424870466322,0.08187134502923976,0.17435897435897438,0.13872832369942198,0.030039226328347872,0.009430007846791563,0.25268273800563423,0.14817192222311376
9093,0.3783783783783784,0.3684210526315789,0.10958904109589043,0.0892857142857143,0.24324324324324328,0.2105263157894737,0.018241882171326423,0.01290671901690339,0.32959376075460367,0.19509756323114624
9094,0.4367816091954023,0.4635761589403974,0.1511627906976744,0.16107382550335572,0.25287356321839083,0.25165562913907286,0.02568099851181296,0.07711337510359062,0.23637844165097457,0.29358725867230195
9095,0.49438202247191004,0.5205479452054794,0.20689655172413793,0.2816901408450704,0.40449438202247195,0.4383561643835616,0.10661330827449374,0.08621434964845641,0.4824781436665128,0.4086365924989555
9096,0.4516129032258065,0.4752475247524752,0.16393442622950818,0.24242424242424243,0.2903225806451613,0.4158415841584158,0.02857051701570353,0.11247951467712404,0.29643495145631066,0.3490542558486809
9097,0.5037037037037037,0.6260869565217392,0.22556390977443608,0.4070796460176991,0.28148148148148144,0.45217391304347826,0.1505892689237731,0.32058755390204624,0.4333219319491437,0.5302047289504036
9098,0.49122807017543857,0.4464285714285715,0.30357142857142855,0.23636363636363636,0.33333333333333337,0.3571428571428571,0.13387897197895565,0.12158457920199857,0.3900233794092481,0.32639953987730064
9099,0.37795275590551186,0.3655913978494624,0.17600000000000002,0.17582417582417584,0.2519685039370079,0.25806451612903225,0.02732481561340505,0.022463266443327436,0.2210434782608696,0.14552719491691957
9100,0.8392857142857142,0.9347826086956522,0.8363636363636363,0.9111111111111111,0.8392857142857142,0.9347826086956522,0.5905097436729854,0.6596441538638212,0.8191167091836734,0.8056640625
9101,0.736,0.989247311827957,0.6991869918699188,0.967032967032967,0.736,0.989247311827957,0.4427127416405175,0.7011484438590017,0.6633614895799546,0.8315136975983624
9102,0.391304347826087,0.5797101449275363,0.17777777777777776,0.3880597014925373,0.26086956521739135,0.5507246376811593,0.06667484695321957,0.14783180533473853,0.30495169082125606,0.3727921195652174
9103,0.5714285714285715,0.48598130841121495,0.22459893048128343,0.16037735849056603,0.3492063492063492,0.2803738317757009,0.11403304817270105,0.08789357568900708,0.3431590315489549,0.23998831232432477
9104,0.5241379310344828,0.5606060606060607,0.26573426573426573,0.27692307692307694,0.4137931034482759,0.43939393939393945,0.06603889584727668,0.07002347079854232,0.4957266234596499,0.4568447219331715
9105,0.3529411764705882,0.3373493975903615,0.09638554216867469,0.04938271604938272,0.16470588235294117,0.24096385542168675,0.016518700878875577,0.014143677146932888,0.1987826987826988,0.18558997563522445
9106,0.3333333333333333,0.4227642276422764,0.11267605633802817,0.23140495867768596,0.19444444444444445,0.24390243902439024,0.05988986011144533,0.0812709051520282,0.20550809352517987,0.29693692586561793
9107,0.5565217391304348,0.5957446808510639,0.2654867256637168,0.32608695652173914,0.45217391304347826,0.5106382978723404,0.16319474035771994,0.17294944192510958,0.4454855872310014,0.4523326572008113
9108,0.440251572327044,0.48739495798319327,0.2038216560509554,0.22222222222222224,0.2893081761006289,0.3697478991596639,0.11997766396066939,0.13847835284465684,0.44347927079328464,0.3782894736842105
9109,0.15624999999999997,0.20512820512820512,0.0,0.0,0.07812499999999999,0.10256410256410256,0.003305992883254157,0.006875312419671494,0.08565310492505353,0.10791366906474818
9110,0.7777777777777778,0.6490066225165563,0.4084507042253521,0.38926174496644295,0.5277777777777778,0.4635761589403974,0.2783337619559757,0.22518127937122245,0.6196941176470588,0.5076259119131038
9111,0.3380281690140845,0.3666666666666667,0.07142857142857142,0.0847457627118644,0.22535211267605632,0.23333333333333334,0.042735967607456064,0.05594080064153324,0.2453002664201827,0.24973620343990716
9112,0.5765765765765766,0.3366336633663366,0.3669724770642202,0.14141414141414144,0.4144144144144144,0.21782178217821782,0.20939294798183886,0.0664367905632146,0.5316553697326488,0.24717157186734576
9113,0.37837837837837834,0.41935483870967744,0.14678899082568808,0.13333333333333333,0.23423423423423423,0.3548387096774193,0.05919235120019913,0.04311149729881311,0.39789125610941106,0.26706586826347306
9114,0.40236686390532544,0.380952380952381,0.16766467065868262,0.14516129032258063,0.29585798816568043,0.3015873015873016,0.10081390640898909,0.09994192890988834,0.2606999200511007,0.20233735543139736
9115,0.421875,0.46464646464646464,0.17460317460317462,0.2061855670103093,0.21875,0.2424242424242424,0.12067668416625421,0.17187426885056784,0.3836679245283019,0.3421009838198227
9116,0.5,0.38095238095238104,0.2941176470588235,0.0975609756097561,0.4230769230769231,0.28571428571428564,0.17800606287940812,0.02460314184320686,0.36785583985025627,0.15743660607778526
9117,0.5375,0.2764227642276423,0.3037974683544304,0.16528925619834708,0.35,0.22764227642276422,0.11666589624286938,0.06354620221738187,0.49364371801221724,0.15057828468907186
9118,0.3013698630136986,0.35714285714285715,0.08333333333333334,0.08695652173913043,0.1506849315068493,0.18571428571428575,0.0205598610184581,0.010741224814404473,0.2200225625469267,0.18852871037127092
9119,0.4852941176470588,0.5,0.23880597014925373,0.20289855072463767,0.36764705882352944,0.3,0.03325056827641012,0.08508647442003521,0.4456573057284745,0.42565120065120066
9120,0.4635761589403974,0.47619047619047616,0.21476510067114093,0.20689655172413793,0.1986754966887417,0.20408163265306123,0.13151812569642987,0.1391593837722514,0.3104454403556901,0.3131140258028737
9121,0.40540540540540543,0.2807017543859649,0.25,0.07272727272727274,0.2972972972972973,0.17543859649122806,0.16216049288672837,0.0327988313210842,0.3227141448295295,0.178890306122449
9122,0.4426229508196721,0.3232323232323232,0.21666666666666667,0.18556701030927836,0.2459016393442623,0.2828282828282828,0.07967096275940878,0.010242818168714897,0.3114720394736842,0.1750380517503805
9123,0.6013986013986015,0.4655172413793103,0.2978723404255319,0.2280701754385965,0.39160839160839156,0.3448275862068965,0.16709472428793545,0.11291952226693258,0.5442994360848418,0.2939089078899747
9124,0.418848167539267,0.5464480874316939,0.20105820105820107,0.3535911602209945,0.2513089005235602,0.39344262295081966,0.13209512554280828,0.2570910502928999,0.32637335162545594,0.438688524590164
9125,0.5254237288135594,0.46601941747572817,0.2931034482758621,0.25742574257425743,0.30508474576271183,0.27184466019417475,0.15219558196020705,0.12952612532808502,0.34620658135283366,0.22050818032015065
9126,0.3238095238095238,0.45977011494252873,0.1941747572815534,0.3529411764705882,0.24761904761904763,0.367816091954023,0.020196741630292885,0.16641565671489672,0.2978831284066421,0.5887788778877888
9127,0.4671532846715329,0.46511627906976744,0.17777777777777776,0.21428571428571427,0.24817518248175183,0.23255813953488372,0.024449933006617464,0.11246637089912076,0.29156984263967123,0.2824673512668824
9128,0.3410852713178295,0.396039603960396,0.07874015748031496,0.0808080808080808,0.20155038759689922,0.198019801980198,0.050483579428582545,0.029294881279650846,0.27415912129314535,0.25827267066074
9129,0.5203252032520326,0.4897959183673469,0.21487603305785122,0.16666666666666666,0.2764227642276423,0.3061224489795918,0.08250343148977371,0.04415836108871709,0.4565679365655182,0.311267258382643
9130,0.4477611940298507,0.4444444444444445,0.22727272727272727,0.24060150375939848,0.34328358208955223,0.3111111111111111,0.12039831861563709,0.14819709820442448,0.38057385963789897,0.3793845663265306
9131,0.4827586206896552,0.33082706766917297,0.20930232558139533,0.06106870229007634,0.31034482758620696,0.21052631578947367,0.07140920447457305,0.008014864485438162,0.3789215138997432,0.17698366276353497
9132,0.5413533834586466,0.5413533834586466,0.30534351145038174,0.30534351145038174,0.39097744360902253,0.39097744360902253,0.2411505505610062,0.2411505505610062,0.32766655173973885,0.32766655173973885
9133,0.25641025641025644,0.30434782608695654,0.03896103896103896,0.03296703296703296,0.141025641025641,0.15217391304347827,0.009317557662345422,0.006943505187244824,0.1455285305337203,0.1497190716236085
9134,0.25899280575539574,0.33663366336633666,0.072992700729927,0.12121212121212122,0.14388489208633096,0.198019801980198,0.01842465937544562,0.02988969449749457,0.24493651421290802,0.20152698863636365
9135,0.48421052631578954,0.41463414634146345,0.2580645161290322,0.2,0.35789473684210527,0.3414634146341463,0.11440503453835603,0.0765176696313867,0.4535717678350908,0.2883683164477192
9136,0.4,0.5777777777777778,0.21505376344086025,0.2727272727272727,0.3789473684210526,0.5333333333333333,0.052982517374754304,0.06038728994951971,0.37667410714285715,0.46046046046046046
9137,0.3826086956521739,0.34285714285714286,0.10619469026548672,0.11650485436893204,0.26086956521739135,0.22857142857142856,0.023669340189385137,0.026272853013497,0.2600140712945591,0.2445825366475462
9138,0.5,0.5048543689320388,0.19672131147540983,0.1188118811881188,0.27419354838709675,0.27184466019417475,0.10274943936813843,0.07731656516061179,0.4611142987736684,0.3200310679611651
9139,0.40259740259740256,0.379746835443038,0.09210526315789473,0.06410256410256411,0.2077922077922078,0.2151898734177215,0.018510771246386684,0.015831780160624434,0.30000705835084346,0.2802195631010414
9140,0.49557522123893805,0.35294117647058826,0.23423423423423423,0.24242424242424243,0.2831858407079646,0.29411764705882354,0.10480900087428487,0.15391304900325442,0.4713237645929954,0.27107988165680474
9141,0.5760000000000001,0.4601769911504424,0.2926829268292683,0.21621621621621623,0.448,0.3893805309734513,0.1510891723438296,0.12529890865518512,0.4684601113172542,0.3975396226415094
9142,0.5306122448979591,0.6105263157894737,0.2708333333333333,0.4731182795698925,0.3673469387755103,0.5263157894736842,0.09474034154770769,0.31691644604216573,0.3902873124841088,0.5299539170506913
9143,0.45098039215686275,0.37777777777777777,0.20000000000000004,0.13636363636363635,0.23529411764705882,0.24444444444444446,0.05387915162116925,0.01639831113291687,0.29350880849870986,0.21627906976744188
9144,0.46153846153846145,0.512,0.15602836879432624,0.1951219512195122,0.3076923076923077,0.256,0.08632601009788174,0.09410787509558813,0.34651998077860663,0.3378122791703039
9145,0.36486486486486486,0.423728813559322,0.1095890410958904,0.15517241379310345,0.16216216216216217,0.1864406779661017,0.06515434510902911,0.07793278945181085,0.308873353693453,0.3392371661602431
9146,0.5774647887323944,0.569620253164557,0.2285714285714286,0.21794871794871795,0.43661971830985913,0.45569620253164556,0.11371828217968179,0.10498263914164767,0.45797831322105326,0.4844420137589591
9147,0.5692307692307693,0.6902654867256637,0.34375,0.5045045045045045,0.36923076923076925,0.49557522123893805,0.1931248903441693,0.36356632231919916,0.43972258316125085,0.5856508940731956
9148,0.6909090909090909,0.6956521739130435,0.46296296296296297,0.5486725663716814,0.5636363636363636,0.608695652173913,0.30192713851145236,0.42157025532386394,0.46013324579514964,0.5857569508639693
9149,0.4406779661016949,0.39622641509433965,0.13793103448275862,0.21153846153846156,0.20338983050847456,0.33962264150943394,0.01290671901690339,0.129400739077512,0.25721979756709074,0.3127343990496134
9150,0.5411764705882354,0.4382022471910112,0.39285714285714285,0.2727272727272727,0.4117647058823529,0.35955056179775285,0.24812817712841706,0.19289766118589688,0.3220331203751941,0.22704183064876057
9151,0.2689075630252101,0.31578947368421056,0.08547008547008547,0.12903225806451613,0.20168067226890757,0.25263157894736843,0.044585866696163635,0.06607272734463435,0.200445434298441,0.18823529411764708
9152,0.2571428571428572,0.36065573770491804,0.058823529411764705,0.13559322033898305,0.17142857142857143,0.22950819672131148,0.0169254664595508,0.04210383908260281,0.22682926829268296,0.259717868338558
9153,0.157190635451505,0.10954063604240281,0.08724832214765099,0.06382978723404255,0.09030100334448161,0.0812720848056537,0.0004771956450282983,8.76366485084759e-06,0.049576024138144124,0.03215294576667968
9154,0.504201680672269,0.42718446601941745,0.29059829059829057,0.15841584158415842,0.4033613445378151,0.3106796116504854,0.25580059695683005,0.12361419403463746,0.3884252687324052,0.25626985267518665
9155,0.4117647058823529,0.379746835443038,0.24000000000000002,0.12987012987012986,0.3529411764705882,0.30379746835443033,0.10754668538541275,0.0704038724596934,0.43215389660682263,0.28278911564625847
9156,0.3146067415730337,0.5245901639344261,0.20689655172413793,0.3728813559322034,0.24719101123595505,0.459016393442623,0.07868103002431528,0.05868368139140003,0.3571120689655172,0.4333803668615199
9157,0.4812834224598931,0.3105590062111801,0.227027027027027,0.06289308176100629,0.2780748663101604,0.1614906832298137,0.11547701441485592,0.008676926345484311,0.346893087386952,0.18558819973401042
9158,0.31578947368421056,0.36601307189542476,0.09333333333333334,0.11920529801324506,0.14473684210526316,0.1437908496732026,0.0226191843525358,0.04858348009273797,0.28827487131700397,0.24270906200317965
9159,0.3576158940397351,0.4761904761904762,0.1342281879194631,0.2096774193548387,0.25165562913907286,0.3333333333333333,0.021656908594817226,0.09179869028735821,0.288637345415457,0.32959376075460356
9160,0.2828282828282828,0.20833333333333334,0.14432989690721648,0.02127659574468085,0.2424242424242424,0.08333333333333333,0.10411756179814535,0.0049453608018383164,0.28911564625850344,0.10178117048346057
9161,0.4122137404580153,0.41739130434782606,0.13953488372093023,0.1592920353982301,0.19847328244274812,0.2956521739130435,0.021188471155093487,0.062413712961796916,0.4129521039918638,0.40105655869335327
9162,0.5942028985507246,0.5811965811965812,0.3088235294117647,0.3826086956521739,0.33333333333333337,0.34188034188034183,0.07747242322715278,0.10908086164989413,0.4256271743757615,0.3600147601476015
9163,0.43548387096774194,0.5179856115107914,0.14754098360655737,0.218978102189781,0.2096774193548387,0.2589928057553957,0.015074845996151805,0.07625340953603567,0.25475643382352936,0.3855381998220177
9164,0.5662650602409639,0.5125,0.19512195121951217,0.16455696202531644,0.27710843373493976,0.23750000000000002,0.03538530398861486,0.06870041021022674,0.43302703312730045,0.35903954802259885
9165,0.24793388429752067,0.2,0.05042016806722689,0.037037037037037035,0.18181818181818182,0.14545454545454545,0.007914779314630192,0.003974697892163294,0.20121362154329184,0.12987012987012989
9166,0.36641221374045796,0.27659574468085113,0.0930232558139535,0.043478260869565216,0.2137404580152672,0.14893617021276598,0.045558735606423255,0.012362883593468847,0.28665375998904585,0.20806587276993227
9167,0.6666666666666666,0.5170068027210883,0.5168539325842697,0.3586206896551724,0.34444444444444444,0.35374149659863946,0.4014249462726915,0.24686656151205252,0.6131332088110791,0.3749547759178578
9168,0.45962732919254656,0.43478260869565216,0.1761006289308176,0.17647058823529413,0.33540372670807456,0.3188405797101449,0.07341593299800432,0.0656799259540021,0.2508278226435705,0.18564328197015562
9169,0.39999999999999997,0.3495145631067961,0.20338983050847456,0.15841584158415842,0.16666666666666666,0.23300970873786409,0.10409633052537089,0.03162593967015063,0.2730124307787632,0.19799956512285277
9170,0.6326530612244897,0.44897959183673475,0.3541666666666667,0.3125,0.36734693877551017,0.346938775510204,0.19901231549596868,0.2093479658159551,0.48291059220343924,0.3961571078295817
9171,0.33986928104575165,0.21739130434782608,0.1456953642384106,0.05882352941176471,0.24836601307189546,0.11594202898550723,0.06759177978976004,0.009447552499721065,0.30197366735828274,0.14168148795707353
9172,0.4339622641509434,0.505050505050505,0.24999999999999994,0.24742268041237112,0.32075471698113206,0.3434343434343434,0.15910681716616262,0.18781708898109753,0.354369357204896,0.38620827897368987
9173,0.3953488372093023,0.2857142857142857,0.1904761904761905,0.029411764705882353,0.37209302325581395,0.19999999999999998,0.08466528301780693,0.007928399830171252,0.33204864920621535,0.141643059490085
9174,0.24528301886792453,0.36363636363636365,0.09615384615384615,0.15625000000000003,0.1509433962264151,0.27272727272727276,0.047076867416781056,0.07427773409546966,0.26634844868735086,0.2344141826031967
9175,0.29752066115702475,0.3232323232323232,0.05042016806722689,0.041237113402061855,0.13223140495867766,0.18181818181818182,0.011618996863462664,0.006263471403879857,0.19958256468473579,0.1394422310756972
9176,0.2912621359223301,0.39999999999999997,0.15841584158415842,0.26506024096385544,0.27184466019417475,0.3529411764705882,0.09344094711376155,0.14127657116467318,0.26136558292507456,0.33653967532631474
9177,0.5436893203883495,0.717391304347826,0.2574257425742574,0.4,0.36893203883495146,0.5217391304347826,0.16826218105893279,0.30422832041237496,0.4764019321632491,0.6120642701525055
9178,0.37209302325581395,0.44155844155844154,0.07142857142857142,0.24,0.23255813953488372,0.3376623376623376,0.0062239522614920065,0.16676755647470037,0.2493619670090258,0.42857142857142855
9179,0.47572815533980584,0.5050505050505052,0.14705882352941177,0.18367346938775508,0.2330097087378641,0.2828282828282829,0.08944525854018553,0.08062384247047331,0.29122926787686465,0.24905779129796274
9180,0.33070866141732286,0.2975206611570248,0.064,0.050420168067226885,0.1889763779527559,0.18181818181818182,0.03404027382242676,0.030044068578000762,0.20960676691007846,0.15255377513324173
9181,0.425,0.6349206349206349,0.1794871794871795,0.3278688524590164,0.325,0.5396825396825397,0.06803278385878499,0.15089318423122547,0.4971897968006917,0.6149469386573235
9182,0.4057971014492754,0.3960396039603961,0.25,0.1616161616161616,0.23188405797101452,0.27722772277227725,0.15290560951404322,0.04309006047076053,0.40814095365611364,0.2974451268763112
9183,0.5279187817258882,0.490066225165563,0.29743589743589743,0.28187919463087246,0.32487309644670054,0.2649006622516556,0.19283146470398435,0.1563192611856936,0.37158562404553663,0.2825600344000981
9184,0.4943820224719101,0.5430463576158939,0.13636363636363635,0.20134228187919462,0.24719101123595505,0.2251655629139073,0.035376727286301354,0.033961467012930346,0.2908622521275263,0.30889029151179376
9185,0.5208333333333334,0.5116279069767442,0.44680851063829785,0.38095238095238093,0.5,0.46511627906976744,0.29810593354964804,0.27732555680334336,0.49566263851978143,0.4531562899028028
9186,0.4647887323943662,0.39639639639639646,0.1714285714285714,0.1651376146788991,0.33802816901408445,0.2882882882882883,0.02531952465561841,0.07132365090646946,0.26694461568411143,0.281607101112471
9187,0.38759689922480617,0.35897435897435903,0.22047244094488186,0.10434782608695653,0.2945736434108527,0.17094017094017094,0.1096473795333926,0.026942128141123456,0.4176538083720623,0.3522600446428571
9188,0.47619047619047616,0.4406779661016949,0.2896551724137931,0.20689655172413796,0.435374149659864,0.33898305084745767,0.15675138266127245,0.12160850401786685,0.49869378119328495,0.3546634052119946
9189,0.32499999999999996,0.1956521739130435,0.17948717948717952,0.06666666666666667,0.27499999999999997,0.15217391304347827,0.05338719341185203,0.009087563631011649,0.44421487603305787,0.22729470935293553
9190,0.4973544973544973,0.5088757396449705,0.20320855614973263,0.21556886227544908,0.29629629629629634,0.27218934911242604,0.054244975521938826,0.02636336090730833,0.3047692800016001,0.26885952789897277
9191,0.540983606557377,0.5517241379310344,0.4333333333333333,0.45614035087719296,0.45901639344262296,0.46551724137931033,0.36331622836987515,0.35456380982853414,0.431457074867289,0.42936173638890773
9192,0.4864864864864865,0.48571428571428577,0.1834862385321101,0.2608695652173913,0.2882882882882883,0.32857142857142857,0.08340893093922369,0.1507684172909974,0.3120157541322313,0.5061129435435873
9193,0.5869565217391304,0.6857142857142858,0.37362637362637363,0.4161849710982659,0.3478260869565218,0.38857142857142857,0.24610168561290643,0.2665250087082769,0.4190542559173689,0.45422318202583145
9194,0.3770491803278689,0.3820224719101123,0.1,0.11494252873563218,0.2295081967213115,0.29213483146067415,0.011657520498139054,0.017772129045675763,0.23576492520591902,0.24754723837209297
9195,0.5662650602409639,0.7741935483870968,0.4024390243902439,0.5573770491803278,0.4698795180722891,0.564516129032258,0.25719064010444614,0.32251690465905036,0.45088435374149666,0.5681818181818181
9196,0.43636363636363634,0.5165562913907286,0.196319018404908,0.2684563758389261,0.2909090909090909,0.34437086092715236,0.08270961957060269,0.16718877874810986,0.2697243346007605,0.34347602593026244
9197,0.5043478260869565,0.48598130841121495,0.1946902654867257,0.19047619047619047,0.2782608695652174,0.24299065420560748,0.10265950541819771,0.11200626064218282,0.49460827464788737,0.4157530120481928
9198,0.5000000000000001,0.4916666666666667,0.2204724409448819,0.22689075630252098,0.2421875,0.24166666666666667,0.05282813219062921,0.03986208995985211,0.21644106034968977,0.2082890155112377
9199,0.3516483516483516,0.3368421052631579,0.20224719101123595,0.19354838709677422,0.15384615384615385,0.1263157894736842,0.10422052303083307,0.08693815621849557,0.32104969290898944,0.3186478248822388
9200,0.5438596491228069,0.34722222222222227,0.25,0.05633802816901408,0.2982456140350877,0.20833333333333334,0.1792574584656723,0.010239747859143937,0.4220023445350006,0.20426287744227353
9201,0.34285714285714286,0.34615384615384615,0.058252427184466014,0.058823529411764705,0.15238095238095242,0.2115384615384615,0.005983375887662023,0.005977539389849313,0.15856236786469344,0.1483050847457627
9202,0.23423423423423423,0.20202020202020202,0.055045871559633024,0.0,0.10810810810810811,0.0808080808080808,0.01203585598620802,0.005965518750356762,0.2007495590828924,0.12219959266802444
9203,0.28125,0.40476190476190477,0.04761904761904762,0.09756097560975609,0.109375,0.21428571428571427,0.006491959960394496,0.011637341978820975,0.21765824504210812,0.22938273670123782
9204,0.4554455445544554,0.5999999999999999,0.2424242424242424,0.4358974358974359,0.25742574257425743,0.5,0.11487896285411665,0.17898739221995952,0.35574742268041243,0.39419954150348646
9205,0.3733333333333333,0.33082706766917297,0.12162162162162161,0.07633587786259544,0.24,0.19548872180451127,0.024003083434917544,0.008623560389068167,0.2554945054945055,0.11954992967651194
9206,0.6067415730337079,0.48453608247422675,0.3409090909090909,0.23958333333333331,0.34831460674157305,0.27835051546391754,0.20017530966085315,0.17940845357735608,0.40262099219380937,0.36346686822877305
9207,0.3259259259259259,0.5132743362831859,0.09022556390977443,0.23423423423423423,0.23703703703703702,0.40707964601769914,0.023015954012756037,0.11283297558557324,0.2950230442718834,0.446
9208,0.5,0.5874125874125874,0.18823529411764706,0.25531914893617025,0.3023255813953488,0.36363636363636365,0.11860619924568706,0.15717481192319338,0.31999451442584986,0.3802193913658882
9209,0.35398230088495575,0.31460674157303375,0.1081081081081081,0.0689655172413793,0.21238938053097345,0.1797752808988764,0.027323996399904755,0.012946672367997136,0.22850288019100828,0.14223194748358858
9210,0.5510204081632653,0.5333333333333333,0.24742268041237114,0.34355828220858897,0.2551020408163265,0.4121212121212121,0.197801136067514,0.18896662776764755,0.3932980599647266,0.31767960932652783
9211,0.390625,0.4426229508196721,0.20634920634920637,0.19999999999999998,0.296875,0.2786885245901639,0.08845536998662136,0.09742735784510213,0.4219846598439911,0.41226438610956645
9212,0.18556701030927836,0.20512820512820515,0.021052631578947368,0.026315789473684213,0.14432989690721648,0.17948717948717952,0.010132385610082912,0.011761637295975916,0.12064200680272107,0.10104002106371775
9213,0.5826771653543308,0.5932203389830508,0.38399999999999995,0.41379310344827586,0.5354330708661418,0.5254237288135594,0.28347570857274706,0.31832441851391513,0.5555555555555556,0.5413345058530399
9214,0.36111111111111116,0.603174603174603,0.11428571428571428,0.39344262295081966,0.22222222222222224,0.47619047619047616,0.04101324641246726,0.1854507239826607,0.2301388888888889,0.3640392529281419
9215,0.5753424657534247,0.5394736842105263,0.3333333333333333,0.2533333333333333,0.4109589041095891,0.40789473684210525,0.22553227571161388,0.17797075112851246,0.3935328555014499,0.3914576874392324
9216,0.5517241379310345,0.8111888111888113,0.3076923076923077,0.5957446808510638,0.496551724137931,0.7412587412587414,0.14880594232765668,0.3369311575372363,0.385157313189997,0.623076423784462
9217,0.39473684210526316,0.44247787610619466,0.15999999999999998,0.21621621621621623,0.21052631578947364,0.3185840707964602,0.0614626569893935,0.1370821442479773,0.3711541026349057,0.3436041083099907
9218,0.6774193548387097,0.4752475247524753,0.4590163934426229,0.24242424242424238,0.435483870967742,0.23762376237623764,0.3483971904640145,0.14993477665759597,0.5319422150882827,0.3188090737240076
9219,0.37254901960784315,0.5066666666666667,0.13999999999999999,0.3013698630136986,0.29411764705882354,0.45333333333333337,0.02389790307453075,0.2145714928680254,0.3916774236255916,0.4469410532069971
9220,0.35514018691588783,0.3636363636363636,0.11428571428571428,0.05333333333333334,0.24299065420560745,0.1818181818181818,0.028780702985033428,0.014225211589408598,0.3101922824230214,0.18764395068418918
9221,0.4878048780487805,0.5294117647058822,0.3,0.27272727272727276,0.36585365853658536,0.4705882352941177,0.22204588318592486,0.22326251344465417,0.3737430167597766,0.34539501730811867
9222,0.45801526717557256,0.2644628099173553,0.12403100775193798,0.03361344537815126,0.3053435114503817,0.1652892561983471,0.05874165381002216,0.009214131810023006,0.2518865437236346,0.14331129996852376
9223,0.5408805031446541,0.5094339622641508,0.22929936305732482,0.2692307692307693,0.3144654088050314,0.33962264150943394,0.16500413112895687,0.14365930801418142,0.3823386649556295,0.3158967391304348
9224,0.7428571428571429,0.6451612903225806,0.5242718446601942,0.4395604395604396,0.5142857142857143,0.6021505376344086,0.35748938672129094,0.3000406324624818,0.6976319499889583,0.49051375974452893
9225,0.5142857142857143,0.5380116959064327,0.375,0.46153846153846156,0.45714285714285713,0.5263157894736842,0.3178642778173006,0.24157336064232357,0.4083629191321498,0.3583478874632818
9226,0.22916666666666669,0.24657534246575344,0.0,0.0,0.125,0.13698630136986303,0.005739995047374933,0.006680562875581473,0.10514018691588783,0.08536585365853658
9227,0.5174129353233831,0.4404761904761905,0.35175879396984927,0.27710843373493976,0.3880597014925374,0.3571428571428571,0.19517148092667225,0.13559686897244913,0.38817700220664586,0.2548062150138275
9228,0.5263157894736842,0.5233644859813084,0.25,0.26666666666666666,0.3508771929824561,0.3551401869158879,0.039639969572610526,0.03692395473456191,0.29753542285711915,0.2983608562691132
9229,0.5,0.4587155963302752,0.14545454545454545,0.1308411214953271,0.30357142857142855,0.25688073394495414,0.03789583076458763,0.039746654868226185,0.3194780122343168,0.3200310679611651
9230,0.5132743362831859,0.4358974358974359,0.23423423423423423,0.1842105263157895,0.3008849557522124,0.33333333333333337,0.1321933494682529,0.06354821594767619,0.36176168373312545,0.20672061928219568
9231,0.4299065420560748,0.5132743362831858,0.20952380952380953,0.30630630630630634,0.31775700934579443,0.47787610619469023,0.03842010233394337,0.09536572428521004,0.2986138700074558,0.44715294117647064
9232,0.4087591240875912,0.4915254237288136,0.13333333333333333,0.15517241379310348,0.23357664233576642,0.1864406779661017,0.07185964920258514,0.051587612251534694,0.28468090803357016,0.18164435946462715
9233,0.3709677419354839,0.3157894736842105,0.13114754098360656,0.14285714285714285,0.29032258064516125,0.28070175438596495,0.12959158444371388,0.12387525729195736,0.27253762925699687,0.22930246518555433
9234,0.29545454545454547,0.2828282828282828,0.20930232558139533,0.12371134020618556,0.29545454545454547,0.1616161616161616,0.07091931299614854,0.011006846852713803,0.2937420178799489,0.2715328467153284
9235,0.5380116959064327,0.5454545454545454,0.21301775147928995,0.29885057471264365,0.2923976608187135,0.3409090909090909,0.11939634075258122,0.2331172632511888,0.30055185733094064,0.3500337474988229
9236,0.3218390804597701,0.4615384615384615,0.023529411764705882,0.052631578947368425,0.13793103448275862,0.20512820512820512,0.0111851888957889,0.016807563750624768,0.19571544356027115,0.20380434782608692
9237,0.37398373983739847,0.5283018867924528,0.1652892561983471,0.25,0.26016260162601623,0.4339622641509434,0.026783559674428976,0.03824053738288584,0.4543597250223386,0.5833490803728898
9238,0.6444444444444444,0.6511627906976744,0.4772727272727273,0.4761904761904762,0.5777777777777778,0.5581395348837208,0.39003354714123895,0.38359501185588124,0.5364281775572097,0.5421936651754357
9239,0.5729166666666666,0.4335664335664336,0.4,0.2836879432624113,0.47916666666666663,0.3776223776223776,0.34226600295231535,0.12123743496259426,0.4702647788803395,0.2610541268189551
9240,0.5641025641025641,0.4197530864197531,0.2894736842105263,0.17721518987341772,0.35897435897435903,0.271604938271605,0.24071298960902482,0.04226878506312538,0.45918367346938765,0.30978812588008
9241,0.5405405405405405,0.3636363636363637,0.3060109289617486,0.14473684210526314,0.3567567567567567,0.1688311688311688,0.226819777125116,0.049122129225277235,0.3552045856454662,0.18910722630667867
9242,0.5663716814159292,0.4948453608247423,0.39639639639639634,0.2526315789473684,0.3893805309734513,0.26804123711340205,0.2776162112957768,0.08431178160945622,0.4809706904887988,0.3553784860557769
9243,0.5151515151515151,0.5656565656565657,0.38461538461538464,0.37113402061855666,0.48484848484848486,0.46464646464646464,0.2354815042754998,0.2514205598708643,0.48300425861401475,0.38875115313653136
9244,0.37398373983739835,0.40404040404040403,0.19834710743801653,0.2268041237113402,0.3089430894308943,0.2828282828282829,0.12947782434774302,0.12138065628109569,0.27959927140255003,0.26793293718166383
9245,0.4666666666666666,0.48854961832061067,0.2027027027027027,0.18604651162790697,0.27999999999999997,0.2748091603053435,0.13216375280421558,0.06713499943953273,0.24220388814561547,0.2517033253363493
9246,0.5487804878048781,0.48366013071895425,0.19753086419753085,0.15894039735099338,0.3048780487804878,0.3006535947712418,0.10149810635318779,0.09553697169380987,0.38582261374660526,0.3327309236947792
9247,0.4545454545454546,0.5882352941176471,0.2923076923076923,0.37999999999999995,0.36363636363636365,0.4901960784313726,0.1977130558623869,0.3100070234588677,0.4609079359625288,0.4832744798625693
9248,0.4122137404580153,0.47154471544715454,0.186046511627907,0.2975206611570248,0.2595419847328244,0.39024390243902446,0.14256884307320591,0.23452144378536682,0.285280793889175,0.3732373158756137
9249,0.5423728813559321,0.23655913978494625,0.3448275862068965,0.1098901098901099,0.3220338983050847,0.12903225806451613,0.20976235619419034,0.02048031734403906,0.4255993150684932,0.1482110912343471
9250,0.45517241379310347,0.4122137404580153,0.1818181818181818,0.13953488372093023,0.30344827586206896,0.22900763358778628,0.05885453410638948,0.022925992467092912,0.2534226103454773,0.18416930374749713
9251,0.3,0.26506024096385544,0.08163265306122448,0.07407407407407407,0.16,0.21686746987951808,0.02465289405820389,0.011600513809182464,0.12875536480686695,0.11849248329621381
9252,0.4814814814814815,0.39999999999999997,0.169811320754717,0.17204301075268816,0.2777777777777778,0.23157894736842108,0.040978113136175096,0.09902694399125558,0.3858519924098672,0.28368093012105955
9253,0.41666666666666663,0.4145077720207254,0.14736842105263157,0.1256544502617801,0.22916666666666663,0.2383419689119171,0.07660471508004836,0.04775084723775767,0.2544346626898222,0.22071146537718375
9254,0.549618320610687,0.7848101265822786,0.44961240310077516,0.6753246753246753,0.47328244274809167,0.7848101265822786,0.2785239531212473,0.5079414202245185,0.5281947261663285,0.6661639014580191
9255,0.3185840707964602,0.3090909090909091,0.05405405405405406,0.03703703703703703,0.1415929203539823,0.14545454545454545,0.010619674763153519,0.008649065093680087,0.1655899046008936,0.11904761904761905
9256,0.34920634920634924,0.3063063063063063,0.0967741935483871,0.07339449541284404,0.1904761904761905,0.18018018018018017,0.021788957531064832,0.023853524232960468,0.34191084397695976,0.255262399077278
9257,0.28301886792452835,0.43076923076923085,0.17307692307692307,0.34920634920634924,0.2641509433962264,0.43076923076923085,0.0696276100302932,0.1404394729308621,0.22769660132297492,0.2891493055555555
9258,0.46399999999999997,0.3418803418803419,0.24390243902439024,0.034782608695652174,0.28800000000000003,0.13675213675213677,0.1446314024443749,0.003939552275589125,0.30246011900340836,0.11267605633802819
9259,0.4370860927152318,0.4666666666666667,0.16107382550335572,0.1694915254237288,0.2781456953642384,0.26666666666666666,0.027898790301659485,0.01290671901690339,0.3821474535760251,0.2639761904761905
9260,0.5185185185185185,0.5154639175257731,0.3018867924528302,0.25263157894736843,0.40740740740740744,0.4329896907216495,0.12928195437567142,0.11838429916826657,0.5091672785384184,0.4589083175803403
9261,0.3007518796992481,0.3392857142857143,0.10687022900763359,0.18181818181818182,0.18045112781954886,0.25,0.050144950725361806,0.02675847043949086,0.3193318259784812,0.20904960707269155
9262,0.46774193548387094,0.5185185185185185,0.19672131147540983,0.26415094339622636,0.27419354838709675,0.4444444444444444,0.06151801143521536,0.1348372270586412,0.29990775530407,0.3960945924358002
9263,0.5777777777777778,0.5042016806722689,0.3007518796992481,0.23931623931623933,0.3703703703703704,0.36974789915966383,0.17408764807214433,0.1408102172681754,0.4297465960665658,0.30653909383593175
9264,0.6222222222222223,0.6052631578947368,0.38636363636363635,0.43243243243243246,0.3555555555555555,0.5,0.2667356518726992,0.31768526115744883,0.5354408904704763,0.43105756358768416
9265,0.34108527131782945,0.27722772277227714,0.15748031496062992,0.10101010101010101,0.23255813953488372,0.19801980198019803,0.09032257441866966,0.03162593967015063,0.33816425120772947,0.22806732254654846
9266,0.6105263157894737,0.5909090909090909,0.27956989247311825,0.23255813953488372,0.2736842105263158,0.31818181818181823,0.10687333789757705,0.13884882192361023,0.45138055222088835,0.4449760765550239
9267,0.38888888888888884,0.5937499999999999,0.14084507042253522,0.3174603174603175,0.2638888888888889,0.46874999999999994,0.09595160592782474,0.19767516401290283,0.2980033044522454,0.4931671190643746
9268,0.6612903225806451,0.7962962962962964,0.47540983606557374,0.6415094339622641,0.5806451612903226,0.5555555555555556,0.4242591850070576,0.40057247162392706,0.5627317146840576,0.5954222682205477
9269,0.2385321100917431,0.24096385542168677,0.03738317757009345,0.024691358024691357,0.16513761467889906,0.16867469879518074,0.007555692436086808,0.011308221067292446,0.19818025036424722,0.1851150564701165
9270,0.4776119402985074,0.5454545454545455,0.22727272727272724,0.22680412371134018,0.3283582089552239,0.3232323232323232,0.030260888719097493,0.05508254578609962,0.31973862644813744,0.3668639053254437
9271,0.365079365079365,0.3673469387755102,0.16129032258064516,0.1793103448275862,0.23809523809523808,0.28571428571428564,0.06875990029926912,0.09640630472442274,0.15715581003512577,0.23940606287159516
9272,0.5932203389830508,0.4761904761904762,0.25862068965517243,0.19417475728155342,0.30508474576271183,0.26666666666666666,0.10378185911497623,0.08447244825929677,0.39655758592531165,0.31939835299901675
9273,0.5652173913043478,0.631578947368421,0.31111111111111106,0.35135135135135137,0.32608695652173914,0.5263157894736842,0.1289642143407592,0.1251913322922163,0.45120417835380594,0.4711464143704547
9274,0.5588235294117647,0.5811965811965811,0.4776119402985074,0.5391304347826088,0.5294117647058824,0.5641025641025641,0.2754977089282198,0.324019822738845,0.533773654916512,0.5290725047080979
9275,0.4,0.45360824742268047,0.19469026548672563,0.1894736842105263,0.2782608695652174,0.32989690721649484,0.031928619086468504,0.044788587001717964,0.40489442049903124,0.48958739208006075
9276,0.3862068965517242,0.3884892086330935,0.1818181818181818,0.1897810218978102,0.16551724137931034,0.2014388489208633,0.03694756445251905,0.11220110885391152,0.3138406734087465,0.3353345138858895
9277,0.41290322580645156,0.5486725663716814,0.24836601307189543,0.3243243243243243,0.3741935483870968,0.4778761061946903,0.11316121961830262,0.11824627738397153,0.4293094239085667,0.4059921841076856
9278,0.5462962962962962,0.5077720207253886,0.2616822429906542,0.24083769633507854,0.37037037037037035,0.32124352331606215,0.1418655852532419,0.10046829728289373,0.36055579964850615,0.29285602632577945
9279,0.39316239316239315,0.3870967741935484,0.17391304347826086,0.21311475409836064,0.2564102564102564,0.2741935483870968,0.10938176499343763,0.0994385046499556,0.3128222203127685,0.2600140712945591
9280,0.6212121212121212,0.6219512195121951,0.2769230769230769,0.33333333333333337,0.45454545454545453,0.5,0.15399703658007274,0.17642767467343587,0.4397252321981424,0.5484615077357335
9281,0.4363636363636364,0.5185185185185185,0.16666666666666666,0.27848101265822783,0.2181818181818182,0.2716049382716049,0.05583651656864801,0.16839298730242253,0.3500808010664884,0.29672240532179467
9282,0.26262626262626265,0.3119266055045871,0.041237113402061855,0.018691588785046728,0.16161616161616163,0.18348623853211007,0.009893615743446084,0.008518268872132105,0.20377204279770159,0.246293377696057
9283,0.4067796610169491,0.35294117647058826,0.0689655172413793,0.16,0.20338983050847456,0.25490196078431376,0.012877338632854628,0.033260822878488056,0.1824555144753627,0.1903876451837468
9284,0.3905325443786982,0.43548387096774194,0.11976047904191615,0.14754098360655737,0.17751479289940827,0.25806451612903225,0.010575105976599924,0.029837372528773033,0.25285145888594157,0.23213521126760564
9285,0.6696428571428571,0.49339207048458145,0.4684684684684685,0.2222222222222222,0.6071428571428571,0.30837004405286345,0.3332848053850287,0.1595679017770846,0.4992018308915102,0.30988383486230164
9286,0.5921052631578947,0.6714285714285715,0.4266666666666667,0.4782608695652174,0.39473684210526316,0.3571428571428571,0.2751060560155988,0.2752695093515735,0.4738944763729247,0.49164366883116883
9287,0.593103448275862,0.5535714285714285,0.3356643356643356,0.2727272727272727,0.31724137931034485,0.2857142857142857,0.155337521465428,0.16138057028086378,0.5150447547440028,0.4514666188385291
9288,0.4220183486238532,0.5287356321839081,0.2616822429906542,0.2823529411764706,0.29357798165137616,0.39080459770114945,0.17190071977655755,0.20665163138245424,0.4383680555555556,0.4028539812808336
9289,0.4545454545454546,0.3953488372093023,0.186046511627907,0.19047619047619052,0.3409090909090909,0.37209302325581395,0.10683334564618195,0.10525019173489801,0.38373973456684163,0.33230045945079606
9290,0.5154639175257731,0.5940594059405941,0.25263157894736843,0.3232323232323232,0.37113402061855666,0.29702970297029707,0.1867000893239865,0.18165695065188395,0.3354870775347913,0.4293122529644268
9291,0.27586206896551724,0.2222222222222222,0.09411764705882353,0.028571428571428574,0.18390804597701152,0.1388888888888889,0.020954186858833206,0.009799721254889713,0.39453124999999994,0.23645833333333335
9292,0.5024630541871922,0.5492227979274611,0.24875621890547264,0.32460732984293195,0.3054187192118226,0.3730569948186528,0.16323606603488644,0.21725323776309885,0.2938038035530308,0.3328514664143804
9293,0.3829787234042554,0.5428571428571428,0.17266187050359713,0.2463768115942029,0.29787234042553196,0.38571428571428573,0.10623326130292247,0.14694637796511004,0.26075253171924107,0.34228378467345505
9294,0.5368421052631579,0.4375,0.36170212765957444,0.189873417721519,0.41052631578947363,0.31249999999999994,0.3046545201248009,0.12702924321603368,0.38976903989310935,0.3015420826231637
9295,0.5210084033613446,0.464,0.30769230769230765,0.16260162601626013,0.43697478991596644,0.35200000000000004,0.2248825417657,0.09714742783346932,0.47680503134231284,0.359566583297749
9296,0.3918918918918919,0.26229508196721313,0.0821917808219178,0.03333333333333333,0.22972972972972974,0.13114754098360656,0.03617972971456521,0.003224431400410185,0.162819335673778,0.09257715920771173
9297,0.6448598130841121,0.7014218009478673,0.4622641509433962,0.5454545454545455,0.5607476635514019,0.6540284360189573,0.2768112699124859,0.36764179563132304,0.49805272965327196,0.5014141711485218
9298,0.4132231404958678,0.23655913978494625,0.2689075630252101,0.1098901098901099,0.34710743801652894,0.17204301075268819,0.17355323342952647,0.05365124794880591,0.3503116928094201,0.17839954860765378
9299,0.4444444444444445,0.5762711864406781,0.1497326203208556,0.21714285714285717,0.23280423280423282,0.3050847457627119,0.054977265315423934,0.08338057757128824,0.29354338779943134,0.3033768305610172
9300,0.5,0.3908045977011494,0.22641509433962265,0.14117647058823526,0.3518518518518519,0.22988505747126434,0.08286037947656906,0.03497173545193563,0.3400929446556823,0.23845984598459843
9301,0.42603550295857984,0.513888888888889,0.14371257485029942,0.19718309859154928,0.21301775147928992,0.34722222222222227,0.02727797627207407,0.08931150505557103,0.2300153757746128,0.30535170909502457
9302,0.9298245614035088,0.9298245614035088,0.9285714285714286,0.9285714285714286,0.9298245614035088,0.9298245614035088,0.6761705434416774,0.6761705434416774,0.7537834887041237,0.7537834887041237
9303,0.4181818181818182,0.23376623376623376,0.1111111111111111,0.05333333333333333,0.21818181818181817,0.12987012987012989,0.014628059423451323,0.011816825241850772,0.30121792083514565,0.11337868480725626
9304,0.532258064516129,0.4842105263157895,0.21311475409836064,0.19354838709677422,0.3387096774193548,0.37894736842105264,0.08525582845408876,0.016164698484319995,0.3390766512038878,0.20826669768253323
9305,0.42962962962962964,0.34328358208955223,0.21052631578947367,0.0909090909090909,0.32592592592592595,0.2537313432835821,0.11619963550009021,0.06076523376270032,0.29351869108077466,0.14454664914586068
9306,0.4683544303797469,0.4172661870503597,0.1794871794871795,0.1897810218978102,0.2784810126582278,0.28776978417266186,0.08696767148402616,0.04731659923154479,0.26275010874293164,0.21410349854227403
9307,0.5405405405405405,0.46280991735537186,0.21917808219178084,0.20168067226890754,0.2567567567567568,0.3305785123966942,0.12300062748782849,0.06727553409572892,0.2999233921318158,0.27516075968296694
9308,0.5693430656934306,0.5789473684210527,0.29629629629629634,0.2857142857142857,0.43795620437956206,0.38596491228070173,0.15103546423953476,0.17649719444406106,0.4649999999999999,0.4243125686562582
9309,0.49484536082474234,0.4444444444444444,0.1894736842105263,0.1518987341772152,0.3711340206185567,0.32098765432098764,0.08102230734381088,0.07698307536205397,0.3826632968360268,0.22839227489340358
9310,0.4626865671641791,0.3823529411764706,0.15151515151515155,0.17910447761194032,0.31343283582089554,0.25,0.009225101275784282,0.011047843108109448,0.2683022847100176,0.23077410137993534
9311,0.4195804195804196,0.4,0.18439716312056734,0.12389380530973451,0.2797202797202797,0.2608695652173913,0.08570664296708515,0.034838498034204704,0.3822697693434636,0.2315824169714588
9312,0.26262626262626265,0.15873015873015872,0.06185567010309278,0.03278688524590164,0.1414141414141414,0.15873015873015872,0.01070155744123372,0.007441966003690533,0.1812076146448898,0.07267441860465117
9313,0.28,0.44117647058823534,0.061224489795918366,0.12121212121212123,0.16,0.2647058823529412,0.010320361584657317,0.04501108803600174,0.20181269623233905,0.31036655211912945
9314,0.46551724137931033,0.47500000000000003,0.17543859649122806,0.1794871794871795,0.27586206896551724,0.375,0.02770940777846482,0.032514876048330664,0.3391583825978271,0.254421768707483
9315,0.5641025641025642,0.6086956521739131,0.4,0.44247787610619466,0.4786324786324786,0.5391304347826087,0.32045966657025815,0.3361021552723345,0.49449217258495615,0.5252598300802349
9316,0.4269662921348315,0.46153846153846156,0.20689655172413793,0.2857142857142857,0.3146067415730337,0.3076923076923077,0.13481992111033636,0.10584911453156687,0.3737017262742707,0.30050262679329154
9317,0.5454545454545455,0.5833333333333333,0.24000000000000002,0.31428571428571433,0.3116883116883117,0.4444444444444445,0.053020405204037356,0.11458814577884367,0.3224367146239301,0.3929741132061506
9318,0.4761904761904762,0.29906542056074764,0.23448275862068962,0.13333333333333333,0.42176870748299317,0.2616822429906542,0.07429901898103264,0.0497015864575232,0.32907118633917004,0.1621497222742308
9319,0.44047619047619047,0.4148148148148148,0.24096385542168675,0.13533834586466165,0.34523809523809523,0.3111111111111111,0.19052693741336882,0.08646440263295171,0.40949417638606833,0.2604060395837584
9320,0.3698630136986301,0.39344262295081966,0.11111111111111112,0.06666666666666667,0.24657534246575344,0.24590163934426232,0.028228309735155884,0.028032512532176288,0.3234822285303054,0.27260963278126327
9321,0.2758620689655172,0.2947368421052632,0.04195804195804196,0.043010752688172046,0.1379310344827586,0.21052631578947367,0.008695762488499778,0.0048582223334252715,0.16719745222929938,0.13646321737884154
9322,0.35862068965517235,0.515625,0.1818181818181818,0.33333333333333337,0.20689655172413796,0.453125,0.10375680325655998,0.2318962644476845,0.3735744680851064,0.5664330786401099
9323,0.5384615384615384,0.4634146341463415,0.2222222222222222,0.16049382716049382,0.34065934065934067,0.29268292682926833,0.13372538695698835,0.07969855704709973,0.4032939866369711,0.2888636363636364
9324,0.6274509803921569,0.746987951807229,0.46,0.5432098765432098,0.6078431372549019,0.7228915662650601,0.275140648899222,0.3153044634162799,0.6312628600823045,0.6416619276568613
9325,0.676923076923077,0.5310734463276836,0.38341968911917096,0.3314285714285714,0.4,0.42937853107344626,0.22558220835263024,0.1803295326783592,0.5417288022457031,0.3642073749333815
9326,0.5990338164251208,0.7083333333333334,0.33170731707317075,0.5473684210526317,0.3961352657004831,0.625,0.23977013714216755,0.4487969805441662,0.3797454722977371,0.5701811180110236
9327,0.4910179640718562,0.5378151260504201,0.1696969696969697,0.3247863247863248,0.311377245508982,0.4369747899159664,0.06597177194793706,0.09575503626509053,0.33475884869049105,0.29063386078843867
9328,0.510948905109489,0.5376344086021505,0.20740740740740743,0.2637362637362637,0.32116788321167883,0.4301075268817204,0.02453186848750944,0.031070062685627554,0.330080695325426,0.30524661508704065
9329,0.3620689655172414,0.37777777777777777,0.08771929824561404,0.11363636363636362,0.24137931034482757,0.22222222222222224,0.012219662673429317,0.03933645573713684,0.2787059292712633,0.24853134190079806
9330,0.6190476190476191,0.5,0.4634146341463415,0.24489795918367346,0.5952380952380952,0.42,0.3557231596722526,0.14875486526184192,0.6178492462311558,0.5161045816096362
9331,0.4761904761904762,0.43809523809523804,0.24827586206896549,0.21359223300970873,0.38095238095238093,0.3047619047619048,0.1282530864575276,0.07255300695322736,0.38070436507936506,0.17408123791102514
9332,0.5238095238095238,0.42016806722689076,0.2096774193548387,0.11965811965811966,0.3333333333333333,0.25210084033613445,0.07222837169226046,0.027574366655649964,0.36078494517109266,0.270696582726658
9333,0.42038216560509556,0.5040650406504066,0.11612903225806451,0.1652892561983471,0.21656050955414013,0.2764227642276422,0.06831369427500789,0.07705561713247024,0.3379867947799499,0.3797476397966594
9334,0.23076923076923078,0.4358974358974359,0.0196078431372549,0.13157894736842105,0.1923076923076923,0.2820512820512821,0.007998568064991291,0.0329963466276701,0.1584788029925187,0.29919571045576404
9335,0.2833333333333333,0.12658227848101267,0.06779661016949154,0.025974025974025976,0.16666666666666666,0.0759493670886076,0.01921785727623863,0.01097846783155042,0.19608418991678908,0.08454106280193235
9336,0.40625000000000006,0.31481481481481477,0.15873015873015872,0.11320754716981131,0.359375,0.2037037037037037,0.09778895095235318,0.02770603772081143,0.3620251724922284,0.2431875792141952
9337,0.3835616438356164,0.4873949579831933,0.20833333333333331,0.23931623931623933,0.1917808219178082,0.2689075630252101,0.08722380164841385,0.09327193860143161,0.30109205752153506,0.3074025398061613
9338,0.47619047619047616,0.5333333333333333,0.12834224598930483,0.2247191011235955,0.253968253968254,0.3333333333333333,0.07598546827310662,0.1455735167483675,0.2432304770337226,0.3650908586489111
9339,0.38028169014084506,0.484375,0.14285714285714285,0.25396825396825395,0.22535211267605634,0.3125,0.03604181082580911,0.11038388086279535,0.24885019710906697,0.28089631071045634
9340,0.42105263157894735,0.5106382978723404,0.08284023668639054,0.18705035971223025,0.19883040935672516,0.3829787234042553,0.02161403756588601,0.04044273913756411,0.27004447034610213,0.3591931452596518
9341,0.5,0.4444444444444445,0.23404255319148937,0.2278481012658228,0.22916666666666666,0.3209876543209877,0.04620256681003074,0.058517828537495396,0.32313220889120736,0.35546393920278757
9342,0.5289256198347106,0.5217391304347826,0.25210084033613445,0.17777777777777776,0.36363636363636365,0.34782608695652173,0.13879649396630087,0.09251139155031589,0.36610191752035726,0.3268731339328304
9343,0.5234899328859061,0.4233576642335767,0.3129251700680272,0.2074074074074074,0.3355704697986577,0.3357664233576642,0.2213977016147286,0.16821470831227261,0.4682157394843962,0.3010560108413385
9344,0.38636363636363635,0.42424242424242425,0.13953488372093023,0.15625,0.22727272727272727,0.27272727272727276,0.08324415467017712,0.042377427730960676,0.31907799884659754,0.2482775391099943
9345,0.59,0.508670520231214,0.32323232323232326,0.3625730994152046,0.38,0.4393063583815029,0.2756299853076354,0.2297508854620123,0.4746388617356359,0.3448487828866486
9346,0.6666666666666666,0.391304347826087,0.4556962025316456,0.19999999999999998,0.49382716049382713,0.28260869565217395,0.28304138351038965,0.09841955325773799,0.6332063492063493,0.3453708923969072
9347,0.4807692307692308,0.6133333333333333,0.2156862745098039,0.3287671232876712,0.38461538461538464,0.5066666666666667,0.03577068383195896,0.06180306517462052,0.42205952061993784,0.44641527417865545
9348,0.4864864864864865,0.5238095238095237,0.2935779816513761,0.36585365853658536,0.4324324324324324,0.4761904761904762,0.19869998476812498,0.13166928712019396,0.3156887755102041,0.3245192307692308
9349,0.4848484848484848,0.22695035460992904,0.34693877551020413,0.11510791366906477,0.34343434343434337,0.1702127659574468,0.2709441535840259,0.01415017805088227,0.3921084096064466,0.0960319472616633
9350,0.6909090909090909,0.8484848484848485,0.6296296296296297,0.8041237113402061,0.6545454545454545,0.8484848484848485,0.4866004783543114,0.5668412286411165,0.5786139455782313,0.6882698271398068
9351,0.47058823529411764,0.37500000000000006,0.23931623931623927,0.1702127659574468,0.28571428571428575,0.2916666666666667,0.13114865530345973,0.047012640692055074,0.46783441099211964,0.24292498703319498
9352,0.37623762376237624,0.2857142857142857,0.10101010101010101,0.07766990291262135,0.2376237623762376,0.2285714285714286,0.015695065245049374,0.012679611007327772,0.27811816192560174,0.2308161605206074
9353,0.224,0.28205128205128205,0.06504065040650406,0.05263157894736842,0.16,0.23076923076923078,0.038051053087308405,0.013162174678507058,0.21410277437831968,0.1615945551774429
9354,0.41463414634146345,0.4133333333333333,0.23456790123456792,0.1891891891891892,0.3170731707317073,0.2666666666666666,0.1374683875496459,0.08003217903794112,0.27287571408460093,0.23704293927375905
9355,0.4882629107981221,0.47111111111111115,0.23696682464454974,0.2242152466367713,0.24413145539906106,0.2311111111111111,0.16462893307254725,0.1670775091817896,0.3287603448275862,0.31767719897523483
9356,0.3495145631067961,0.5897435897435896,0.17821782178217824,0.34210526315789475,0.21359223300970875,0.358974358974359,0.08147639524255246,0.21645306436748887,0.3624901497241923,0.46121438952798005
9357,0.31304347826086953,0.28571428571428575,0.12389380530973451,0.05797101449275362,0.26086956521739135,0.15714285714285714,0.05682792069111505,0.01525753211942149,0.27550551470588236,0.23100243628698913
9358,0.4615384615384615,0.3902439024390244,0.15686274509803919,0.15,0.3269230769230769,0.3658536585365854,0.06967699606840938,0.02909558946939213,0.31419168307086615,0.2477823502514861
9359,0.3916083916083916,0.45378151260504207,0.14184397163120568,0.20512820512820512,0.26573426573426573,0.35294117647058826,0.08702668445268603,0.13356125605992328,0.23129637423618907,0.2996538505311604
9360,0.5442176870748299,0.48854961832061067,0.3448275862068966,0.21705426356589147,0.4489795918367347,0.24427480916030533,0.2603368843652998,0.1733623886540182,0.38995558353443144,0.29291510381287106
9361,0.31343283582089554,0.38834951456310685,0.10606060606060606,0.17821782178217818,0.1791044776119403,0.19417475728155342,0.019904616197557994,0.09012380605750675,0.3456705402345502,0.2906203820913863
9362,0.432,0.40425531914893614,0.19512195121951217,0.17391304347826086,0.32000000000000006,0.2978723404255319,0.12280676204776679,0.16951264065472416,0.359907531123412,0.34662098298676747
9363,0.3076923076923077,0.3225806451612903,0.11764705882352941,0.13186813186813187,0.23076923076923075,0.25806451612903225,0.05444801937451225,0.07554258316326161,0.19185823754789272,0.21080959856470063
9364,0.25196850393700787,0.3243243243243243,0.064,0.07339449541284403,0.15748031496062995,0.19819819819819817,0.044033120652700576,0.024734531670441012,0.1832660041704308,0.22511604402186122
9365,0.35164835164835173,0.39999999999999997,0.14444444444444446,0.13559322033898305,0.25274725274725274,0.23333333333333336,0.06131731397702542,0.06230772962949249,0.25893244690480716,0.1909635876869028
9366,0.5,0.18918918918918917,0.4042553191489361,0.02777777777777778,0.2708333333333333,0.13513513513513511,0.265042136533849,0.006883279379309013,0.42961097117268404,0.06648936170212766
9367,0.485981308411215,0.37499999999999994,0.22857142857142856,0.14285714285714288,0.39252336448598135,0.296875,0.10054540313806039,0.046596760796949854,0.3444130628441854,0.22356673554813755
9368,0.46715328467153283,0.45454545454545453,0.2962962962962963,0.276923076923077,0.3795620437956205,0.3636363636363637,0.1527341220291616,0.12715739178426774,0.40362160506695294,0.44683836929376564
9369,0.4227642276422764,0.2524271844660194,0.21487603305785125,0.07920792079207921,0.24390243902439024,0.1941747572815534,0.10528618013773101,0.009590497368927729,0.22914510006901315,0.15247584541062803
9370,0.45933014354066987,0.46153846153846156,0.1739130434782609,0.2155688622754491,0.20095693779904308,0.28402366863905326,0.0325871227215456,0.045280219031251664,0.24184228955507547,0.21705443765720442
9371,0.5050505050505051,0.5063291139240507,0.28865979381443296,0.28571428571428575,0.42424242424242425,0.4556962025316456,0.11170528936199277,0.1198940020179961,0.555097536292574,0.39088382536994776
9372,0.5909090909090908,0.4931506849315069,0.3488372093023256,0.28169014084507044,0.4772727272727273,0.4657534246575343,0.21655050988024419,0.10255930080351888,0.5694486486486487,0.28662259993704753
9373,0.4444444444444444,0.503225806451613,0.18309859154929578,0.2745098039215686,0.2222222222222222,0.34838709677419355,0.062413712961796916,0.1171682826138025,0.2581857271521126,0.41823612916523994
9374,0.5662650602409638,0.5624999999999999,0.2560975609756098,0.2380952380952381,0.3253012048192771,0.296875,0.12394746805430966,0.0623508952119795,0.37360061054284505,0.3171782595793699
9375,0.6511627906976744,0.6333333333333333,0.3779527559055118,0.33898305084745767,0.49612403100775193,0.48333333333333334,0.20275750973292173,0.2380470812662444,0.5886116442738324,0.6371014030612245
9376,0.4150943396226416,0.5112781954887219,0.21656050955414013,0.29007633587786263,0.2389937106918239,0.3157894736842105,0.1317518406525853,0.11668618142580078,0.30459541782545363,0.32675035430496996
9377,0.3043478260869565,0.24324324324324323,0.02222222222222222,0.05555555555555555,0.17391304347826086,0.16216216216216214,0.005389738117818599,0.005641822153183602,0.1478494623655914,0.089159604519774
9378,0.3055555555555555,0.30909090909090914,0.09859154929577464,0.12962962962962962,0.22222222222222227,0.21818181818181817,0.017695244564253126,0.08147639524255246,0.30662584667121395,0.2751620251540041
9379,0.38888888888888884,0.2608695652173913,0.13207547169811318,0.029850746268656716,0.2962962962962963,0.17391304347826086,0.02762963485357877,0.014577516118523641,0.32783039942811193,0.17431361709968676
9380,0.31249999999999994,0.20930232558139533,0.06382978723404255,0.0,0.24999999999999994,0.1627906976744186,0.024012631418645288,0.004403631832666876,0.21405821526508223,0.10242085661080073
9381,0.383177570093458,0.3425414364640884,0.11320754716981132,0.1005586592178771,0.17757009345794392,0.16574585635359115,0.05766554746616471,0.027665974376138935,0.20060842230516723,0.16872184229892487
9382,0.47887323943661975,0.3486238532110092,0.15714285714285714,0.11214953271028037,0.2535211267605634,0.2201834862385321,0.028321450573403427,0.02728371640189725,0.33937951617183865,0.21932553509208563
9383,0.21238938053097345,0.20338983050847456,0.0,0.0,0.12389380530973451,0.11864406779661016,0.005296005925068129,0.005113237542365033,0.11226252158894647,0.11168384879725086
9384,0.38095238095238093,0.3561643835616438,0.12195121951219512,0.11267605633802817,0.2619047619047619,0.24657534246575344,0.03099436555527029,0.013623075397294198,0.3094089685785188,0.13020833333333331
9385,0.6347305389221557,0.6927374301675977,0.5333333333333333,0.6101694915254237,0.49101796407185627,0.49162011173184356,0.4027309887977179,0.4570452111474367,0.5853566723131939,0.7011288354926881
9386,0.49572649572649563,0.5544554455445545,0.20869565217391306,0.3434343434343434,0.3418803418803419,0.4158415841584158,0.12117155141304674,0.16712661409689197,0.41066449814126393,0.40012954393745687
9387,0.562874251497006,0.4817518248175182,0.36363636363636365,0.3407407407407408,0.46706586826347307,0.46715328467153283,0.2665939761835943,0.2910941537900292,0.5402448571634877,0.4434404283801875
9388,0.45962732919254656,0.5030674846625768,0.30188679245283023,0.14906832298136646,0.34782608695652173,0.3190184049079755,0.13680834410099485,0.05648711216284461,0.29086494683608144,0.25310556368408965
9389,0.4832214765100672,0.5161290322580644,0.2312925170068027,0.2483660130718954,0.2953020134228188,0.2838709677419355,0.12600516861455166,0.06839813191281599,0.4606973915393972,0.45384519322464917
9390,0.43243243243243246,0.5037037037037037,0.16438356164383558,0.16541353383458646,0.28378378378378377,0.31111111111111117,0.024132772762007097,0.08573950494842586,0.33693100399402415,0.3451920093458917
9391,0.19999999999999998,0.17391304347826086,0.040540540540540536,0.029411764705882353,0.10666666666666666,0.08695652173913043,0.01663211437640184,0.01597834411462684,0.1326709720152343,0.11969004498478059
9392,0.4864864864864865,0.5,0.27522935779816515,0.31111111111111117,0.3783783783783784,0.3913043478260869,0.1547097357563083,0.1670618836863529,0.4143915870877029,0.41423961781838
9393,0.503225806451613,0.45112781954887216,0.1568627450980392,0.12213740458015267,0.36129032258064514,0.27067669172932335,0.07156741019621544,0.009603296320349161,0.3647142234443865,0.2163988414743245
9394,0.5915492957746479,0.425531914893617,0.3857142857142857,0.2158273381294964,0.4225352112676056,0.22695035460992907,0.2330619436752105,0.06599446653043194,0.5027375201288244,0.30544354838709675
9395,0.4716981132075472,0.42857142857142855,0.30769230769230765,0.16666666666666666,0.4150943396226415,0.3061224489795919,0.1477739167767991,0.053112662987833105,0.3585021758160897,0.2824259897864963
9396,0.4210526315789474,0.4363636363636364,0.14666666666666667,0.09259259259259259,0.19736842105263158,0.1818181818181818,0.05415456085523925,0.04898763982821282,0.28437510455351467,0.21775931055709452
9397,0.5285714285714286,0.5981308411214954,0.2608695652173913,0.34285714285714286,0.3,0.4299065420560748,0.17952328598613188,0.2428357922274644,0.5160460060312785,0.5059205190592051
9398,0.43636363636363634,0.43636363636363634,0.2037037037037037,0.2037037037037037,0.2909090909090909,0.2909090909090909,0.13567101210201055,0.13567101210201055,0.37848108666419816,0.37848108666419816
9399,0.3823529411764706,0.3404255319148936,0.1492537313432836,0.12949640287769784,0.22058823529411764,0.24113475177304966,0.051459472835916974,0.06447959223908561,0.34194077039099674,0.28389143937348094
9400,0.5641025641025641,0.3428571428571428,0.5263157894736842,0.2647058823529412,0.5641025641025641,0.3428571428571428,0.3018203345322809,0.14495567782530647,0.7471655328798186,0.38867765103506546
9401,0.5029239766081872,0.4025157232704403,0.22485207100591714,0.14012738853503184,0.2105263157894737,0.1761006289308176,0.08484885262573207,0.04638344883072679,0.2719128396594373,0.21493799323562568
9402,0.3896103896103896,0.3235294117647059,0.15999999999999998,0.15151515151515152,0.25974025974025977,0.23529411764705885,0.017805390573849337,0.08932433195406003,0.2356225163948413,0.24059046101762416
9403,0.25396825396825395,0.25396825396825395,0.01612903225806452,0.01612903225806452,0.15873015873015875,0.15873015873015875,0.0040148113002938125,0.0040148113002938125,0.12572533849129594,0.12572533849129594
9404,0.31645569620253167,0.34013605442176875,0.08974358974358974,0.08275862068965519,0.13924050632911392,0.1768707482993197,0.05427179879794989,0.0066838138349632915,0.1536859964558315,0.10348583877995643
9405,0.5787234042553191,0.5765765765765766,0.3261802575107296,0.38181818181818183,0.3829787234042553,0.35135135135135137,0.13997493882464884,0.23865804507321287,0.3159653206402343,0.40280378221875107
9406,0.5575757575757576,0.5207100591715976,0.3067484662576687,0.2874251497005988,0.3515151515151515,0.4023668639053255,0.20382330883666133,0.2230352995885375,0.4259569254796349,0.4167109073359074
9407,0.40310077519379844,0.37168141592920356,0.15748031496062995,0.12612612612612611,0.26356589147286824,0.19469026548672566,0.08862544576226315,0.029099572686706973,0.36074807679745957,0.3193318259784812
9408,0.4444444444444445,0.39999999999999997,0.1590909090909091,0.1282051282051282,0.3111111111111111,0.275,0.01754980667854339,0.04577153103133635,0.31382716049382714,0.24344763286025073
9409,0.5396825396825397,0.27184466019417475,0.33870967741935487,0.0792079207920792,0.42857142857142855,0.19417475728155342,0.17839986592169013,0.02617848570304284,0.4521219851576995,0.18200828718584205
9410,0.4895833333333333,0.4838709677419355,0.1473684210526316,0.1847826086956522,0.22916666666666666,0.25806451612903225,0.02385016982570656,0.07027372831041712,0.24946924776553833,0.24552143314139474
9411,0.6064516129032259,0.5106382978723405,0.3790849673202614,0.2589928057553957,0.3612903225806452,0.36879432624113473,0.20985095982335564,0.13791219941447974,0.5521716889880952,0.3875180755713306
9412,0.41739130434782606,0.5142857142857142,0.1592920353982301,0.2524271844660194,0.19130434782608696,0.38095238095238093,0.06486798820260067,0.1819356609605256,0.28451242829827916,0.343578125
9413,0.3795620437956204,0.4854368932038835,0.14814814814814814,0.21782178217821782,0.291970802919708,0.3689320388349514,0.08374629830171944,0.12958417172637893,0.4064596092155148,0.4445063291139241
9414,0.39669421487603307,0.198019801980198,0.10084033613445377,0.0202020202020202,0.19834710743801653,0.15841584158415842,0.02072878854369565,0.0046263698064774525,0.2070032573289902,0.07588532883642495
9415,0.256,0.21276595744680854,0.13008130081300812,0.06521739130434782,0.22399999999999998,0.19148936170212763,0.03573716512983386,0.009240248103148035,0.4308807274919614,0.22777777777777775
9416,0.42424242424242425,0.4102564102564103,0.12307692307692308,0.10434782608695653,0.27272727272727276,0.22222222222222224,0.06560581555850313,0.02576042932788777,0.2915360501567398,0.22047411220036342
9417,0.27906976744186046,0.18918918918918917,0.02380952380952381,0.0,0.13953488372093023,0.08108108108108109,0.005120485239565197,0.0052608684749981885,0.20938318887321103,0.0791139240506329
9418,0.5576923076923077,0.6593406593406594,0.2549019607843137,0.35955056179775274,0.40384615384615385,0.4175824175824176,0.09356804072065847,0.1351928705126306,0.5201424246594192,0.5801120420536
9419,0.5454545454545455,0.48717948717948717,0.32989690721649484,0.34210526315789475,0.4444444444444445,0.4358974358974359,0.1525116700218776,0.17477839610829154,0.5761173184357542,0.3883136094674556
9420,0.24390243902439024,0.31250000000000006,0.025,0.0967741935483871,0.21951219512195125,0.31250000000000006,0.01210698321212417,0.029832831429314546,0.18679676511954998,0.20335985853227237
9421,0.6000000000000001,0.5864661654135339,0.40625,0.3969465648854962,0.4461538461538461,0.49624060150375954,0.2654821023078855,0.2714903015366345,0.39275054220618866,0.3912341308463192
9422,0.4166666666666667,0.35416666666666663,0.2033898305084746,0.21276595744680854,0.2,0.18750000000000003,0.12088326412487806,0.1494154889027043,0.3885092381675525,0.2551708633093525
9423,0.5439999999999999,0.3373493975903615,0.2764227642276423,0.17283950617283952,0.304,0.21686746987951808,0.10539949748136965,0.0648377086577703,0.4218284803067593,0.1657053353885933
9424,0.5391304347826087,0.6019417475728155,0.24778761061946908,0.297029702970297,0.3652173913043478,0.3883495145631068,0.10778452217964543,0.13230469534085454,0.4941291585127201,0.5060120240480961
9425,0.3857142857142857,0.505263157894737,0.17391304347826084,0.30107526881720426,0.3142857142857143,0.3789473684210526,0.09261666276004914,0.13547756701372546,0.3019669563937906,0.3675833267670002
9426,0.4074074074074074,0.52,0.1509433962264151,0.12244897959183673,0.27777777777777773,0.26,0.07588107931577451,0.016742068145579655,0.36275527406633656,0.37747098599100576
9427,0.3125,0.19148936170212766,0.12698412698412698,0.043478260869565216,0.18750000000000003,0.14893617021276595,0.03608691233715599,0.009083071358608565,0.34465863907890026,0.13072020884520885
9428,0.5465116279069767,0.5057471264367815,0.36470588235294116,0.2790697674418605,0.45348837209302323,0.3448275862068965,0.1687399973765338,0.15537773040250116,0.3210020271041077,0.3229220258815852
9429,0.5510204081632653,0.6432748538011697,0.27835051546391754,0.319526627218935,0.3673469387755102,0.4912280701754386,0.17955777410075255,0.15862190792013986,0.4185789284627371,0.3697482434957439
9430,0.5494505494505494,0.6052631578947368,0.3370786516853933,0.4054054054054055,0.3956043956043956,0.4473684210526316,0.05556031957013913,0.18839235203889532,0.5393998959357115,0.5377199413489736
9431,0.3709677419354839,0.47706422018348627,0.0819672131147541,0.205607476635514,0.24193548387096775,0.3119266055045872,0.022850994251305354,0.15181662887065084,0.2641449459631278,0.3358052931916569
9432,0.4077669902912621,0.5783132530120482,0.198019801980198,0.5185185185185185,0.33009708737864074,0.5783132530120482,0.14334564984522746,0.3211356973523161,0.2686868912518989,0.39934330737871504
9433,0.3943661971830986,0.4421052631578947,0.21428571428571427,0.1935483870967742,0.28169014084507044,0.23157894736842105,0.12589881851187526,0.12603051731518897,0.3611650485436893,0.3047975481817646
9434,0.3636363636363636,0.3622047244094488,0.13445378151260504,0.11199999999999999,0.2644628099173554,0.23622047244094488,0.013310248128480027,0.02357243929886187,0.21325503355704695,0.2563073956049751
9435,0.319327731092437,0.18691588785046728,0.13675213675213677,0.019047619047619046,0.23529411764705885,0.1308411214953271,0.09453478026693815,0.008363395025193864,0.3993055555555556,0.11467889908256879
9436,0.32,0.3116883116883117,0.048780487804878044,0.08,0.19199999999999998,0.23376623376623376,0.008584924072953835,0.018834467513584023,0.2084434670444694,0.14429174107720577
9437,0.45454545454545453,0.3333333333333333,0.2037037037037037,0.12195121951219512,0.30909090909090914,0.23809523809523808,0.08733127100845246,0.09701923631461337,0.45213733905579406,0.27431030118957234
9438,0.5210084033613446,0.7304347826086958,0.3418803418803419,0.5309734513274337,0.48739495798319327,0.6956521739130435,0.2249524200075292,0.3584552009853061,0.37653407845715536,0.5653183197321616
9439,0.5359477124183006,0.5116279069767442,0.37086092715231783,0.2047244094488189,0.45751633986928103,0.3255813953488372,0.2675053510910072,0.14663109986004885,0.6099151354718155,0.41513283273337354
9440,0.5952380952380952,0.4411764705882353,0.34146341463414637,0.21212121212121215,0.3333333333333333,0.3823529411764706,0.12961487777860572,0.1112860098981446,0.5962566844919788,0.302882549337212
9441,0.5443037974683543,0.6025641025641024,0.2948717948717949,0.35064935064935066,0.379746835443038,0.4358974358974359,0.22794523351531304,0.2456543107809923,0.3388113287900716,0.4715568608949397
9442,0.5128205128205128,0.4740740740740741,0.33766233766233766,0.33082706766917297,0.30769230769230765,0.42962962962962964,0.2356715267740635,0.18491297216087596,0.39874616797693724,0.3326745718050066
9443,0.6239316239316239,0.43298969072164945,0.28448275862068967,0.16666666666666666,0.3162393162393163,0.25773195876288657,0.1595795560800534,0.035383479176975534,0.3476259729885781,0.19742577657635574
9444,0.6124401913875598,0.6478873239436621,0.251207729468599,0.3317535545023697,0.36363636363636365,0.4413145539906103,0.1262394634482394,0.17329747675138665,0.3819231625744185,0.4253517549673307
9445,0.56,0.5740740740740742,0.47154471544715454,0.30188679245283023,0.512,0.4444444444444444,0.29272748275039384,0.21805745154635062,0.5844332114521683,0.4654056744649079
9446,0.3971631205673759,0.35294117647058826,0.10071942446043165,0.2,0.18439716312056736,0.25490196078431376,0.012843357570124543,0.024964555914401283,0.35365742810449635,0.21225544481358435
9447,0.6881720430107526,0.6190476190476191,0.5714285714285715,0.4390243902439025,0.5806451612903226,0.5,0.42030538411547885,0.3160931532445101,0.6064900588999808,0.44982185273159137
9448,0.5507246376811594,0.43478260869565216,0.2794117647058823,0.17699115044247787,0.463768115942029,0.3304347826086957,0.16946461839229265,0.08658703974199328,0.5453307442985563,0.29618013318763786
9449,0.513157894736842,0.5689655172413792,0.1866666666666667,0.26315789473684215,0.368421052631579,0.44827586206896547,0.09077807014835954,0.12403654591207879,0.35028400171257307,0.3758169934640523
9450,0.47058823529411764,0.49600000000000005,0.3247863247863248,0.3252032520325204,0.3697478991596639,0.352,0.2341792408495738,0.22225726842304758,0.43353086419753084,0.5302257240679403
9451,0.45112781954887216,0.6307692307692307,0.18320610687022904,0.28125,0.3458646616541354,0.4461538461538461,0.1136486196649225,0.17686834486248512,0.3096612559061119,0.4337212348637496
9452,0.4409448818897638,0.47540983606557374,0.192,0.26666666666666666,0.2992125984251968,0.3770491803278688,0.10834001563688189,0.13153104108926708,0.3546821987285634,0.4521735078973116
9453,0.576,0.3571428571428571,0.22764227642276424,0.03636363636363636,0.44799999999999995,0.17857142857142855,0.1150102222583266,0.005977539389849313,0.43954350137465464,0.19751243531881008
9454,0.5399999999999999,0.574468085106383,0.3469387755102041,0.32608695652173914,0.39999999999999997,0.5106382978723405,0.25446491079089395,0.21731124270557461,0.45901580135440184,0.4799453302961276
9455,0.47368421052631576,0.30769230769230765,0.23214285714285715,0.052631578947368425,0.2982456140350877,0.20512820512820515,0.13418930891885336,0.014752084053302219,0.33635709869923414,0.17040351552476263
9456,0.46017699115044247,0.6481481481481481,0.23423423423423423,0.32075471698113206,0.3185840707964602,0.4259259259259259,0.03900013621872708,0.14827607823188424,0.3185815868263473,0.485573476702509
9457,0.3010752688172043,0.4285714285714286,0.06593406593406594,0.14705882352941174,0.17204301075268816,0.22857142857142856,0.022198205557902702,0.07927655973163472,0.2880978065444086,0.3190890907575631
9458,0.4492753623188406,0.5346534653465347,0.23529411764705882,0.2626262626262626,0.40579710144927533,0.4356435643564356,0.037431933106233765,0.04829040961844504,0.45837655601659755,0.4583956153462879
9459,0.38235294117647056,0.3619047619047619,0.13432835820895522,0.07766990291262135,0.25,0.20952380952380953,0.02290829326597074,0.01138674677401843,0.2669101025908538,0.20836065573770488
9460,0.6388888888888888,0.46153846153846156,0.4788732394366197,0.25,0.5833333333333334,0.3538461538461538,0.32636383221209375,0.1686875905437251,0.6129061194896664,0.3252133333333333
9461,0.2631578947368421,0.5045045045045046,0.03571428571428571,0.34862385321100914,0.10526315789473685,0.4504504504504504,0.018535641208333595,0.26661615347961026,0.14112903225806453,0.4701614724480578
9462,0.4955752212389381,0.5178571428571428,0.2882882882882883,0.2909090909090909,0.24778761061946905,0.30357142857142855,0.10093587807011403,0.18336372932468678,0.38692502787893146,0.3744362674208096
9463,0.3278688524590164,0.5063291139240506,0.11666666666666668,0.2077922077922078,0.1639344262295082,0.22784810126582278,0.012297414758886837,0.09562463726117816,0.33042273876911954,0.29175336982597516
9464,0.3829787234042553,0.3850931677018633,0.17204301075268816,0.16352201257861634,0.2553191489361702,0.24844720496894407,0.1120172742833402,0.10350140871388523,0.2960440850682359,0.23714621184031642
9465,0.453125,0.42857142857142855,0.20634920634920634,0.20833333333333334,0.296875,0.3469387755102041,0.08328519239583097,0.052109109657766564,0.3424789314400807,0.23205261043327483
9466,0.5074626865671641,0.5413533834586466,0.2121212121212121,0.15267175572519082,0.3134328358208955,0.33082706766917297,0.08801731838883212,0.07800435568808961,0.3237688888888889,0.40464743589743596
9467,0.3470319634703196,0.3298969072164948,0.14746543778801843,0.15625000000000003,0.2465753424657534,0.23711340206185566,0.07334665711405917,0.05065048572563678,0.1320220925835899,0.13984263012526657
9468,0.4779874213836478,0.381578947368421,0.24203821656050956,0.10666666666666666,0.36477987421383645,0.23684210526315788,0.11378451659652819,0.04720824946255051,0.4021582331562762,0.21819015116174384
9469,0.28368794326241137,0.3300970873786408,0.04316546762589928,0.09900990099009901,0.15602836879432624,0.17475728155339806,0.006507880371233001,0.009954893279291863,0.16161616161616163,0.21687732437026339
9470,0.5035971223021583,0.48739495798319327,0.2043795620437956,0.2393162393162393,0.37410071942446044,0.36974789915966383,0.09198045184317984,0.10877388211420941,0.3392296993371212,0.2910798122065728
9471,0.41739130434782606,0.42696629213483145,0.19469026548672566,0.2298850574712644,0.2782608695652174,0.38202247191011235,0.06454038702220866,0.06964012518893652,0.476748488960158,0.27052881758764113
9472,0.3333333333333333,0.24390243902439024,0.09302325581395349,0.06611570247933884,0.14942528735632182,0.19512195121951217,0.027521356076635056,0.005153553482657194,0.19457659944706676,0.14638703889736374
9473,0.5405405405405405,0.49275362318840576,0.27397260273972607,0.25,0.40540540540540543,0.33333333333333337,0.05871780437345851,0.10723526791792543,0.41331067475708466,0.44359783627591776
9474,0.36082474226804123,0.4648648648648649,0.07291666666666667,0.18579234972677594,0.15463917525773196,0.20540540540540542,0.010427170592105704,0.02852980150872258,0.17181822575471986,0.2794837893485239
9475,0.3949579831932773,0.3545454545454545,0.11864406779661016,0.10091743119266054,0.21848739495798322,0.18181818181818182,0.05256852461979072,0.005169752425156528,0.21383268279393308,0.16766336402114176
9476,0.5000000000000001,0.2857142857142857,0.33802816901408445,0.0967741935483871,0.41666666666666663,0.17460317460317462,0.21521609871293854,0.009168701224884352,0.43384879725085906,0.21699805798444416
9477,0.5178571428571428,0.47540983606557374,0.16363636363636366,0.16666666666666666,0.3392857142857143,0.2950819672131148,0.017705081582789443,0.015824757372022418,0.2874965237808592,0.26045140532825556
9478,0.5271317829457364,0.5511811023622046,0.3464566929133858,0.35200000000000004,0.38759689922480617,0.3464566929133858,0.24005840881665602,0.18844906152405383,0.4390213621668951,0.42272525630914826
9479,0.40287769784172667,0.5420560747663552,0.13138686131386862,0.15238095238095234,0.2158273381294964,0.37383177570093457,0.010391646809083973,0.0634631119867991,0.23229125445191928,0.2618568378194286
9480,0.45652173913043476,0.41059602649006627,0.19780219780219782,0.22818791946308722,0.29347826086956524,0.27814569536423844,0.1757513664882942,0.1464761138863203,0.32167002170301806,0.29314235554141854
9481,0.28,0.35294117647058826,0.163265306122449,0.19277108433734938,0.16,0.18823529411764706,0.07924598793675405,0.13362968444943024,0.27114647804302977,0.33108306907711926
9482,0.5733333333333334,0.30303030303030304,0.27027027027027023,0.061538461538461535,0.3066666666666667,0.24242424242424243,0.10514752924839514,0.04563693212632035,0.33336994325462205,0.15062981763489378
9483,0.5377358490566039,0.4579439252336449,0.3809523809523809,0.3867924528301887,0.43396226415094336,0.411214953271028,0.2331042776428892,0.2447752626731874,0.36521059836290354,0.3465550108932462
9484,0.3934426229508197,0.3225806451612903,0.11666666666666668,0.11475409836065575,0.2295081967213115,0.1774193548387097,0.030072841266120896,0.028933089310912912,0.37799401197604793,0.2958250497017893
9485,0.4042553191489362,0.2564102564102564,0.17391304347826086,0.026315789473684213,0.3191489361702127,0.17948717948717952,0.12678146239187654,0.007107264311739085,0.3948226544622426,0.14218009478672985
9486,0.37500000000000006,0.4081632653061225,0.12698412698412698,0.14583333333333334,0.25,0.2857142857142857,0.049163461493675606,0.02920336095058564,0.315046011370963,0.22944934748519372
9487,0.513888888888889,0.5901639344262296,0.23943661971830985,0.31666666666666665,0.4305555555555556,0.4098360655737705,0.07319452295017566,0.24261968547836474,0.33772420015806265,0.3841567114650738
9488,0.4090909090909091,0.5161290322580645,0.06976744186046512,0.15384615384615385,0.20454545454545456,0.25806451612903225,0.006641300221355851,0.04185993879120928,0.14380530973451325,0.26694107093048675
9489,0.4952380952380952,0.4864864864864865,0.29126213592233013,0.25,0.3047619047619048,0.3513513513513513,0.09382092074179055,0.1569967283435921,0.49967018469657,0.41981516957570597
9490,0.6268656716417911,0.616822429906542,0.3181818181818182,0.34285714285714286,0.44776119402985076,0.5046728971962616,0.1835879136922851,0.20940093944459776,0.5460107504215852,0.49578679208308846
9491,0.3957219251336898,0.3333333333333333,0.09729729729729729,0.043478260869565216,0.18181818181818185,0.15053763440860213,0.024869518333862292,0.015963379319418405,0.2700349675301506,0.2124201153574076
9492,0.4331210191082802,0.4305555555555555,0.2064516129032258,0.14084507042253522,0.3184713375796178,0.18055555555555552,0.1296990839371675,0.014641127382328069,0.27350599603234993,0.25625
9493,0.5116279069767442,0.5392156862745098,0.26291079812206575,0.3366336633663366,0.372093023255814,0.3921568627450981,0.15266224075049345,0.18209935495624432,0.31602929161860827,0.3020528064510108
9494,0.6,0.5433526011560694,0.2702702702702703,0.2456140350877193,0.33333333333333337,0.2890173410404624,0.14073281410130217,0.1178004800828727,0.5749512345362148,0.5299595892188484
9495,0.8301886792452831,0.8543689320388349,0.8269230769230769,0.8514851485148515,0.8301886792452831,0.8543689320388349,0.576223674579944,0.5862487145617729,0.8083777947154471,0.8036659877800407
9496,0.44897959183673475,0.43971631205673756,0.17931034482758618,0.1726618705035971,0.3673469387755102,0.3546099290780142,0.10158358880051309,0.1032374408515848,0.38456448027966034,0.33096085409252674
9497,0.5714285714285714,0.5544554455445545,0.30434782608695654,0.20202020202020204,0.41428571428571426,0.4356435643564357,0.13954849095083788,0.04433196473903762,0.5131086007232994,0.33813918572816387
9498,0.4426229508196722,0.2568807339449541,0.21666666666666665,0.018691588785046728,0.32786885245901637,0.12844036697247704,0.08347864048201645,0.010801653085734744,0.39742621078859275,0.14519056261343014
9499,0.3516483516483517,0.12307692307692308,0.15730337078651688,0.0,0.2857142857142857,0.06153846153846154,0.05444801937451225,0.0072124556913180215,0.2970738429115668,0.08849557522123895
9500,0.40875912408759124,0.6614173228346457,0.2074074074074074,0.48,0.2773722627737226,0.6141732283464567,0.11959906335826631,0.3008379933195962,0.3318903318903319,0.5858748767499102
9501,0.32323232323232326,0.2571428571428572,0.12371134020618556,0.029411764705882356,0.18181818181818182,0.08571428571428572,0.01337502010498632,0.0149908501569397,0.29419558731155787,0.15911460961415552
9502,0.6971428571428571,0.3829787234042553,0.6127167630057804,0.31654676258992803,0.6171428571428572,0.3404255319148936,0.37924145041275253,0.07172134202258221,0.4902748649432666,0.14980748550426476
9503,0.4044943820224719,0.28125,0.20689655172413793,0.16129032258064516,0.31460674157303375,0.25,0.06601054117942085,0.033247469388112155,0.3968043785310734,0.2128314393939394
9504,0.45925925925925926,0.5614035087719299,0.21052631578947367,0.32142857142857145,0.2962962962962963,0.4736842105263158,0.08171889278507598,0.08915106809608714,0.3377407300948549,0.42201834862385323
9505,0.5043478260869565,0.5043478260869565,0.26548672566371684,0.2300884955752212,0.39999999999999997,0.36521739130434777,0.1653588040958988,0.13045080222381747,0.47279151943462905,0.3998137767460004
9506,0.6170212765957447,0.5,0.2903225806451613,0.2658227848101266,0.425531914893617,0.3625,0.16611908058357325,0.11974805953064638,0.41073160251087326,0.29027734088287727
9507,0.45614035087719296,0.513888888888889,0.3431952662721893,0.40845070422535207,0.3859649122807018,0.4583333333333333,0.273413081886896,0.33370331082046817,0.4131503227744139,0.4321383693393263
9508,0.5853658536585366,0.5786163522012578,0.2975206611570248,0.2929936305732484,0.5040650406504066,0.4528301886792453,0.18341336923883075,0.16096374265496224,0.38895318793490335,0.5309028346557767
9509,0.5471698113207547,0.4772727272727273,0.1730769230769231,0.23255813953488372,0.339622641509434,0.3181818181818182,0.03710490181591925,0.16628700538900598,0.4058234209462943,0.424722460343887
9510,0.4361702127659574,0.5113636363636364,0.2150537634408602,0.3103448275862069,0.25531914893617025,0.3863636363636364,0.14484718286782297,0.21181900153539895,0.27344796031956725,0.32565601123577664
9511,0.5588235294117646,0.5660377358490566,0.26732673267326734,0.3333333333333333,0.37254901960784315,0.41509433962264153,0.1810932752199815,0.25460743540031117,0.356503981776313,0.3919197586275682
9512,0.5344827586206896,0.5686274509803921,0.28070175438596484,0.34,0.43103448275862066,0.45098039215686275,0.2199960493424036,0.2444964467683555,0.5068181818181818,0.4706356450123564
9513,0.5511811023622046,0.4655172413793104,0.288,0.17543859649122806,0.4251968503937008,0.25862068965517243,0.1416983344569961,0.10909451748857432,0.4469133149346242,0.3438077634011091
9514,0.368421052631579,0.31645569620253167,0.08,0.10256410256410256,0.1842105263157895,0.16455696202531644,0.019906854482209052,0.022057529623610354,0.201107036131486,0.20631965588556334
9515,0.3055555555555555,0.3063063063063063,0.12676056338028172,0.11009174311926606,0.20833333333333334,0.18018018018018017,0.07856164757236894,0.06827573821929728,0.22994357567484647,0.18347200112135686
9516,0.5088757396449705,0.5032258064516129,0.2874251497005988,0.19607843137254902,0.3905325443786982,0.3354838709677419,0.17934077425864914,0.03112118500236195,0.3609339848627917,0.27382702773876405
9517,0.603448275862069,0.5765765765765766,0.3508771929824561,0.2935779816513761,0.48275862068965514,0.4864864864864865,0.2917216969899202,0.21285828583195668,0.4469026548672566,0.40481144895532534
9518,0.6533333333333333,0.5441176470588235,0.5270270270270271,0.29850746268656714,0.5200000000000001,0.2647058823529412,0.292198290414331,0.11856041595597165,0.6410058027079303,0.32372295718146543
9519,0.4202898550724638,0.3835616438356164,0.19117647058823528,0.125,0.20289855072463767,0.2191780821917808,0.0661259804510915,0.011605283633442206,0.3176638176638177,0.2986433899037942
9520,0.2950819672131148,0.39285714285714285,0.03333333333333333,0.16363636363636366,0.1639344262295082,0.2678571428571429,0.018938767636553364,0.04239322168386142,0.1929759306206749,0.29855855855855856
9521,0.3736263736263736,0.2191780821917808,0.0,0.028169014084507043,0.1758241758241758,0.1643835616438356,0.005943511191482252,0.01332691735545882,0.1752021563342318,0.12113320707070709
9522,0.6056338028169014,0.5874125874125875,0.3428571428571428,0.46808510638297873,0.30985915492957744,0.3776223776223776,0.2650499023123345,0.32648910724382846,0.575652236887368,0.5737771481678652
9523,0.43795620437956206,0.48854961832061067,0.2222222222222222,0.31007751937984496,0.2773722627737226,0.38167938931297707,0.1369359887518023,0.17024941957849787,0.29872037161495874,0.4264101251749841
9524,0.4247787610619469,0.49484536082474223,0.14414414414414414,0.2526315789473685,0.2300884955752212,0.32989690721649484,0.10470850599410501,0.14656188353894023,0.30459558823529415,0.335969868173258
9525,0.4427480916030534,0.4153846153846154,0.13953488372093026,0.21874999999999997,0.2900763358778626,0.24615384615384614,0.04364286552806763,0.0841265974460346,0.3539476861167002,0.3661466738389815
9526,0.4742268041237113,0.3669724770642202,0.21052631578947367,0.1308411214953271,0.32989690721649484,0.20183486238532114,0.042737893485595514,0.025670038232884943,0.3241054401284754,0.18124260355029587
9527,0.28571428571428564,0.352,0.05263157894736842,0.08130081300813008,0.14285714285714282,0.176,0.008269713853045755,0.016049848798049212,0.1402110099246495,0.21778973462443124
9528,0.45217391304347826,0.38392857142857145,0.14035087719298248,0.05405405405405406,0.19130434782608696,0.17857142857142855,0.023647543800743256,0.013802266275363352,0.25032716487794615,0.1486280487804878
9529,0.40310077519379844,0.38961038961038963,0.2677165354330709,0.21333333333333332,0.37209302325581395,0.38961038961038963,0.15868027843299407,0.13749963202430754,0.442467120181406,0.34219948849104864
9530,0.6944444444444444,0.4903225806451613,0.5915492957746479,0.3660130718954248,0.4027777777777778,0.3870967741935484,0.43716199744485407,0.23397625978961173,0.5616003062787137,0.4397035256410256
9531,0.5233644859813084,0.5,0.26666666666666666,0.24444444444444444,0.3364485981308411,0.32608695652173914,0.11124661907380255,0.13236268859992043,0.3894179894179894,0.36229803820090245
9532,0.4025157232704403,0.4666666666666667,0.16560509554140126,0.2702702702702703,0.2138364779874214,0.29333333333333333,0.12051897088986933,0.205096609326466,0.20354080932784638,0.28913334324364504
9533,0.4090909090909091,0.2884615384615385,0.15384615384615383,0.0784313725490196,0.2727272727272727,0.1730769230769231,0.022559257109275657,0.025790577402055922,0.3225946801702166,0.2140970824949698
9534,0.33587786259541985,0.4033613445378152,0.06201550387596899,0.15384615384615385,0.19847328244274812,0.25210084033613445,0.01939260006958524,0.07543146679817597,0.21933976364614677,0.30418072251407335
9535,0.4736842105263158,0.45217391304347826,0.17857142857142858,0.21238938053097345,0.28070175438596495,0.2956521739130435,0.017608063785885687,0.08638381365704147,0.2657239815323948,0.31113805076628354
9536,0.5436893203883495,0.27999999999999997,0.297029702970297,0.14285714285714285,0.4660194174757281,0.22000000000000003,0.05777116779858033,0.03469663712132,0.45594295348139174,0.17274502393550012
9537,0.37795275590551175,0.5517241379310345,0.06399999999999999,0.14035087719298248,0.1732283464566929,0.24137931034482757,0.012709611986686591,0.031659510984018764,0.22112635466672734,0.29011501100632103
9538,0.459016393442623,0.41666666666666674,0.18333333333333332,0.22033898305084745,0.37704918032786877,0.35000000000000003,0.10062635309001745,0.11461134129354546,0.35537765402018795,0.3552363571741033
9539,0.33644859813084116,0.5376344086021506,0.15238095238095237,0.37362637362637363,0.29906542056074764,0.4516129032258064,0.09619267971062644,0.29733404681201725,0.32833464427801146,0.49242372881355934
9540,0.43283582089552236,0.43283582089552236,0.18181818181818182,0.18181818181818182,0.23880597014925375,0.2537313432835821,0.09957960848230374,0.09957960848230374,0.28779941002949855,0.27433628318584075
9541,0.43661971830985913,0.4732824427480916,0.18571428571428572,0.2635658914728682,0.33802816901408445,0.38167938931297707,0.10286134192023552,0.1315394421089095,0.3927113831958123,0.4175744371822804
9542,0.41818181818181815,0.3333333333333333,0.09259259259259259,0.08,0.23636363636363636,0.2156862745098039,0.020564382891958628,0.014648526875223796,0.20921302678326817,0.13347230784205572
9543,0.573170731707317,0.5359477124183007,0.3703703703703704,0.3973509933774834,0.34146341463414637,0.36601307189542476,0.21912918579551022,0.18744295014325926,0.3753361151320336,0.3558577464394639
9544,0.3853211009174312,0.3269230769230769,0.08333333333333333,0.07766990291262137,0.17431192660550457,0.16346153846153846,0.04935308908649349,0.049814966216668886,0.17493273172265048,0.16636963969938107
9545,0.417910447761194,0.6290322580645162,0.27272727272727276,0.459016393442623,0.4029850746268657,0.5483870967741935,0.15836377307830257,0.2675658954054362,0.44627788649706457,0.6665632653061224
9546,0.4807692307692308,0.45238095238095233,0.09803921568627451,0.0975609756097561,0.23076923076923075,0.21428571428571427,0.03373666861707505,0.021680290280938635,0.33612624970649657,0.24910037020736792
9547,0.4635761589403974,0.4585987261146497,0.2818791946308725,0.2709677419354839,0.2913907284768212,0.267515923566879,0.22268342271234498,0.2278004035704481,0.3676204499088511,0.35803244418782054
9548,0.48447204968944096,0.7200000000000001,0.2389937106918239,0.5203252032520325,0.3105590062111801,0.656,0.10673682660754029,0.35710260686973705,0.38074971196868607,0.5364987483270577
9549,0.6582278481012659,0.7022900763358779,0.5128205128205129,0.6666666666666666,0.5569620253164557,0.7022900763358779,0.37728952476299704,0.4279474118162558,0.5666752222150925,0.5440508296012464
9550,0.5272727272727272,0.4819277108433735,0.1851851851851852,0.14814814814814814,0.3090909090909091,0.3373493975903615,0.14499056325962204,0.02344484793135609,0.36816532697460363,0.22537361401253414
9551,0.6551724137931034,0.5393258426966292,0.5789473684210527,0.45977011494252873,0.6206896551724138,0.5168539325842696,0.438543884371907,0.37644955402365254,0.7173957545981356,0.46373810756296524
9552,0.48437499999999994,0.49462365591397855,0.1587301587301587,0.21978021978021978,0.28125,0.3655913978494623,0.03155474266571392,0.09148929674052192,0.3210844553994934,0.3254321436139617
9553,0.4555555555555556,0.46616541353383456,0.21348314606741572,0.2595419847328244,0.2555555555555556,0.27067669172932335,0.13823071969576642,0.16804425250150723,0.41840621137206424,0.3415344958224116
9554,0.37362637362637363,0.35,0.20224719101123595,0.15384615384615383,0.2637362637362637,0.2,0.10836576504598697,0.07574421758634935,0.3109795724799326,0.20594187896859112
9555,0.5168539325842697,0.4086021505376344,0.20689655172413793,0.19780219780219782,0.3146067415730337,0.21505376344086022,0.08761666883446599,0.0397675137863831,0.35374256419454164,0.278071722516167
9556,0.41666666666666663,0.45112781954887216,0.1267605633802817,0.24427480916030533,0.2638888888888889,0.40601503759398494,0.0876306130114593,0.1387682109327091,0.2737564407451447,0.341461372276465
9557,0.7115384615384616,0.6551724137931034,0.5882352941176471,0.5789473684210527,0.6923076923076923,0.6551724137931034,0.3922685427389813,0.3867479981193919,0.6569864727500195,0.6527395948998737
9558,0.44047619047619047,0.348993288590604,0.21686746987951808,0.12244897959183673,0.25,0.2013422818791946,0.10743402859874641,0.06238353760207754,0.277619278429159,0.22408242313016255
9559,0.3695652173913043,0.35668789808917195,0.13186813186813187,0.10322580645161292,0.2826086956521739,0.24203821656050958,0.03218975640368772,0.018311282372627732,0.21002016209526092,0.16137483058411292
9560,0.5416666666666666,0.375,0.2112676056338028,0.07936507936507937,0.20833333333333334,0.171875,0.13091300128960418,0.02492652435271788,0.422127659574468,0.2933396184560781
9561,0.6046511627906977,0.7377049180327869,0.3779527559055118,0.5499999999999999,0.5426356589147286,0.6557377049180327,0.26753465530512777,0.400539248439234,0.4889228482295222,0.5508803304702652
9562,0.5,0.5040650406504065,0.2318840579710145,0.34710743801652894,0.3428571428571428,0.4552845528455284,0.12172056645248565,0.16911627910943153,0.36827891941528296,0.35253581107239645
9563,0.583941605839416,0.5656565656565657,0.4148148148148148,0.41237113402061853,0.510948905109489,0.5252525252525253,0.18695941433403895,0.18737760537447237,0.42644628099173554,0.39460780984719873
9564,0.34615384615384615,0.36190476190476195,0.17647058823529413,0.11650485436893203,0.2115384615384615,0.2476190476190476,0.11281409616271383,0.04657999974554998,0.3857541163755914,0.2608814423602258
9565,0.36036036036036034,0.3486238532110092,0.11009174311926605,0.13084112149532712,0.27027027027027034,0.25688073394495414,0.05272049980099242,0.025293693105258173,0.3888095195037705,0.3641758241758242
9566,0.27083333333333337,0.29411764705882354,0.14893617021276595,0.18181818181818182,0.27083333333333337,0.29411764705882354,0.027193710241665024,0.03211565002110334,0.22511017628205132,0.21810786170138158
9567,0.5434782608695653,0.5487804878048781,0.28571428571428575,0.2839506172839506,0.3695652173913044,0.3780487804878049,0.19641685724157573,0.18785810171352307,0.40529781166896284,0.41131007040097955
9568,0.4804469273743017,0.348993288590604,0.15819209039548024,0.1360544217687075,0.23463687150837986,0.21476510067114096,0.09483104035655882,0.03502838765882933,0.25405102803209023,0.15787277448071219
9569,0.41481481481481486,0.4580152671755725,0.16541353383458646,0.15503875968992248,0.23703703703703702,0.24427480916030533,0.08088505676314743,0.07378405665044024,0.2987689737816835,0.3536237880276713
9570,0.5777777777777778,0.6341463414634146,0.22727272727272727,0.425,0.4444444444444444,0.5853658536585366,0.084024536434466,0.15952108192798922,0.4263120094926828,0.6153007712082261
9571,0.46511627906976744,0.5165562913907286,0.18823529411764706,0.24161073825503357,0.26744186046511625,0.23841059602649006,0.1398205075974301,0.1597329752601275,0.3628170417468077,0.365082257392753
9572,0.5234899328859061,0.4070796460176991,0.2312925170068027,0.14414414414414414,0.37583892617449666,0.3008849557522123,0.08818108646797759,0.028157482753098928,0.44892430904522607,0.19331748094035744
9573,0.75,0.6370370370370371,0.6716417910447762,0.5413533834586466,0.75,0.6370370370370371,0.4075780933489595,0.34903112317099255,0.7345699831365936,0.5600893153270146
9574,0.33333333333333337,0.37681159420289856,0.1951219512195122,0.23880597014925373,0.2857142857142857,0.31884057971014496,0.12680676386575707,0.16521691795932783,0.3290890286702497,0.3017145676575798
9575,0.3008849557522124,0.5555555555555556,0.05405405405405406,0.2272727272727273,0.21238938053097345,0.3333333333333333,0.02037431964890112,0.11502302828616495,0.1964134264091858,0.43090050339640945
9576,0.3106796116504854,0.463768115942029,0.09900990099009901,0.23880597014925375,0.21359223300970875,0.34782608695652173,0.01337502010498632,0.08074414105438081,0.26065373236231226,0.33143283423029785
9577,0.5663716814159292,0.39622641509433965,0.27027027027027023,0.17307692307692307,0.37168141592920356,0.2641509433962264,0.12301977335613808,0.0336193817792619,0.4875148632580262,0.26104387779911387
9578,0.6893203883495146,0.691891891891892,0.5588235294117646,0.5355191256830601,0.6213592233009709,0.5837837837837838,0.4125177223969685,0.3406406047173773,0.562422370031682,0.5285960680568524
9579,0.7175572519083969,0.6206896551724138,0.5426356589147286,0.38596491228070173,0.7175572519083969,0.603448275862069,0.3404530937534339,0.2675579419097618,0.7448766396894048,0.5769543424378512
9580,0.49397590361445787,0.46357615894039733,0.24390243902439027,0.2818791946308725,0.39759036144578314,0.3841059602649007,0.1307458647578479,0.15520648512842194,0.3827886220264484,0.3389261744966443
9581,0.39655172413793105,0.4375,0.21052631578947367,0.23404255319148937,0.3448275862068965,0.3541666666666667,0.12670712651826013,0.0890882188368214,0.21043046357615894,0.26300743281875355
9582,0.5106382978723405,0.25641025641025644,0.30434782608695654,0.07894736842105264,0.40425531914893614,0.23076923076923075,0.11336958836647044,0.006427755798057192,0.31566011235955055,0.1234411252900232
9583,0.3584905660377358,0.6236559139784946,0.15384615384615385,0.46153846153846156,0.18867924528301885,0.5376344086021505,0.05859113621957261,0.322708304138036,0.24575963718820865,0.5084033613445377
9584,0.6464646464646464,0.5301204819277109,0.43298969072164945,0.3703703703703703,0.5252525252525252,0.5060240963855421,0.3448266080790548,0.20326771433608667,0.5821322932968446,0.3618661257606491
9585,0.38,0.380952380952381,0.22448979591836732,0.17073170731707318,0.33999999999999997,0.3333333333333333,0.13663130498363124,0.1253472469071763,0.3101965601965602,0.2766121241395966
9586,0.4855491329479769,0.5562913907284769,0.304093567251462,0.40268456375838935,0.3699421965317919,0.4768211920529801,0.2535722192314502,0.30388297072302944,0.4230986445783132,0.47307930607187126
9587,0.4431137724550898,0.4729729729729729,0.14545454545454548,0.20547945205479454,0.23952095808383234,0.3783783783783784,0.058952987839055226,0.16646454925950402,0.2680258186397985,0.2682054922332734
9588,0.38518518518518524,0.44036697247706424,0.16541353383458646,0.11214953271028037,0.26666666666666666,0.3119266055045872,0.04995745178293401,0.012702063860539835,0.3117950824954885,0.24630541871921185
9589,0.42553191489361697,0.47540983606557374,0.11510791366906475,0.15,0.21276595744680848,0.22950819672131148,0.027971770714412144,0.030562761729264816,0.3422825873398193,0.30576869865054696
9590,0.39024390243902435,0.3283582089552239,0.075,0.09230769230769231,0.17073170731707318,0.20895522388059704,0.017534731063172864,0.03680259276452031,0.26183006535947717,0.22752293577981653
9591,0.2962962962962963,0.28571428571428575,0.12030075187969926,0.11650485436893204,0.17777777777777776,0.1904761904761905,0.019356923644409628,0.025638922977847523,0.23608083151655768,0.1740362811791383
9592,0.4583333333333334,0.453125,0.3380281690140845,0.3174603174603175,0.4027777777777778,0.40625,0.1922681576956642,0.19097284216516283,0.48231021076324937,0.4115064617181097
9593,0.46315789473684216,0.4114285714285714,0.2978723404255319,0.27745664739884396,0.3157894736842105,0.30857142857142855,0.20618386288873664,0.16728986353385178,0.3022574524466762,0.26130286825473986
9594,0.3689320388349514,0.30434782608695654,0.19801980198019803,0.08888888888888889,0.29126213592233013,0.21739130434782608,0.10737052314728888,0.02624308202742789,0.39939236111111115,0.15366430260047284
9595,0.29850746268656714,0.31746031746031744,0.18461538461538463,0.19672131147540983,0.23880597014925373,0.253968253968254,0.05418288252299348,0.05916807499765225,0.338727206859075,0.3135650988411725
9596,0.3795620437956204,0.3684210526315789,0.17777777777777778,0.14666666666666664,0.291970802919708,0.2631578947368421,0.09826535312032149,0.08523876439812056,0.30786201363818694,0.35357113092757725
9597,0.31460674157303375,0.34285714285714286,0.0689655172413793,0.08823529411764706,0.24719101123595508,0.2571428571428572,0.06269341543171435,0.04925934156891042,0.22611070014359688,0.18411111111111114
9598,0.35294117647058826,0.4035087719298246,0.13432835820895522,0.125,0.23529411764705882,0.28070175438596495,0.05437483601267837,0.06045566762408525,0.22323065001832798,0.19802859618717508
9599,0.5504587155963302,0.6382978723404256,0.2616822429906542,0.3478260869565218,0.29357798165137616,0.4680851063829787,0.14489202988767952,0.1976920484331745,0.36827207555757846,0.44158415841584153
9600,0.31884057971014496,0.34545454545454546,0.07352941176470588,0.09259259259259259,0.17391304347826086,0.2545454545454545,0.009623443124030979,0.012877338632854628,0.1769911504424779,0.2390965732087227
9601,0.5755395683453237,0.5217391304347826,0.30656934306569344,0.19469026548672566,0.43165467625899284,0.29565217391304355,0.1868498272123828,0.044711787157505435,0.48935804327089333,0.2863234846177277
9602,0.7906976744186046,0.958904109589041,0.7380952380952381,0.9295774647887325,0.7906976744186046,0.958904109589041,0.5827224729154732,0.7982666101369822,0.8160223243733509,0.8939729893166701
9603,0.8917197452229298,0.9041095890410958,0.7741935483870968,0.7777777777777778,0.713375796178344,0.6849315068493151,0.5812903038000012,0.4937673140273545,0.7684881880351438,0.7053498874276852
9604,0.6233766233766234,0.5039370078740157,0.5,0.35200000000000004,0.5974025974025974,0.4566929133858268,0.32406464590523837,0.26332700007387166,0.5712227414330218,0.36308643279797126
9605,0.4035087719298246,0.42748091603053434,0.17857142857142855,0.20155038759689922,0.22807017543859648,0.2900763358778626,0.10830531887608572,0.07939449548692365,0.2942409766454352,0.44511962339118155
9606,0.625,0.5298013245033113,0.5352112676056338,0.3624161073825503,0.5833333333333334,0.3973509933774834,0.4701174033049865,0.323041800705886,0.5892308864043231,0.3904732974147193
9607,0.34532374100719426,0.3875968992248062,0.10218978102189781,0.14173228346456693,0.1870503597122302,0.24806201550387597,0.050396497474426,0.07904859601980474,0.23223927806606418,0.28224064583239733
9608,0.7352941176470588,0.7563025210084033,0.6567164179104478,0.7521367521367521,0.7058823529411764,0.7563025210084033,0.497094682248885,0.42289017571927623,0.5845746108427268,0.5199029652361042
9609,0.4571428571428572,0.163265306122449,0.13872832369942198,0.041666666666666664,0.26285714285714284,0.10204081632653063,0.05358639963947563,0.002972150910142148,0.30411170719289476,0.052870090634441085
9610,0.389261744966443,0.27906976744186046,0.12244897959183675,0.06299212598425197,0.24161073825503354,0.18604651162790697,0.045587254390720346,0.04608177475231874,0.21229649376865015,0.14475158084914183
9611,0.4476190476190476,0.47926267281105994,0.10576923076923078,0.14883720930232558,0.21904761904761905,0.22119815668202764,0.045254248349661984,0.08471202811306074,0.1953931297263813,0.28001114554870876
9612,0.41530054644808745,0.379746835443038,0.16574585635359115,0.10256410256410256,0.31693989071038253,0.20253164556962028,0.07768160385759068,0.0074558474885598695,0.2156753766819472,0.16174938561812158
9613,0.45901639344262296,0.4250000000000001,0.28729281767955805,0.30379746835443033,0.22950819672131148,0.25,0.12331569770302123,0.11402758172329422,0.28071316438663374,0.30185357771564664
9614,0.6190476190476191,0.6788990825688073,0.4193548387096774,0.4112149532710281,0.46031746031746035,0.5321100917431193,0.25224678292670366,0.27741508359474626,0.529185236467483,0.49332185536355466
9615,0.5090909090909091,0.47826086956521735,0.14814814814814814,0.2666666666666666,0.23636363636363636,0.3913043478260869,0.06817768943758755,0.21782903168690515,0.3552363571741033,0.3887729124236253
9616,0.3653846153846154,0.4273504273504274,0.07843137254901959,0.05217391304347826,0.1923076923076923,0.18803418803418803,0.02783436069081935,0.012219662673429317,0.22459639126305794,0.24855932347876497
9617,0.3636363636363636,0.3870967741935484,0.13445378151260506,0.1098901098901099,0.21487603305785122,0.23655913978494622,0.0255439499965955,0.02877001236995154,0.22947904652056902,0.21980795610425247
9618,0.4255319148936171,0.2950819672131148,0.2014388489208633,0.05,0.2695035460992908,0.16393442622950818,0.17039042564995605,0.018162746634059306,0.3689422727547993,0.13570460704607046
9619,0.34965034965034963,0.3469387755102041,0.14184397163120568,0.12499999999999997,0.22377622377622378,0.26530612244897955,0.02068956931337958,0.03226517052184626,0.21660649819494587,0.20427862503025904
9620,0.44594594594594594,0.38805970149253727,0.1780821917808219,0.09090909090909091,0.2972972972972973,0.23880597014925375,0.14117065004044432,0.015884016346337876,0.2720745013938861,0.22392935424043162
9621,0.5373134328358209,0.5737704918032787,0.36363636363636365,0.41666666666666663,0.29850746268656714,0.32786885245901637,0.24076644361817565,0.2736193625548158,0.4689711889771211,0.4668724669454294
9622,0.6111111111111112,0.7115384615384615,0.41509433962264153,0.37254901960784315,0.48148148148148145,0.5384615384615384,0.2939500555569316,0.20701191671228114,0.4347372643401524,0.49694423079823247
9623,0.5652173913043479,0.3803680981595092,0.35294117647058826,0.12422360248447206,0.44927536231884063,0.26993865030674846,0.24172077565040992,0.08322909466871603,0.5957927180577739,0.2906249999999999
9624,0.5058823529411764,0.42953020134228187,0.21428571428571427,0.1360544217687075,0.37647058823529417,0.2953020134228188,0.10582894156372566,0.024908526351128262,0.3430383663366337,0.22829210798243343
9625,0.42962962962962964,0.4807692307692307,0.16541353383458646,0.17647058823529413,0.28148148148148144,0.34615384615384615,0.0991102597906894,0.10154541060446357,0.3620065771076386,0.32042296610263765
9626,0.5490196078431372,0.6074074074074075,0.3311258278145695,0.3609022556390978,0.39215686274509803,0.38518518518518513,0.19770487296063446,0.19968076733771578,0.4169076744406736,0.46609920350049566
9627,0.380952380952381,0.3555555555555555,0.06451612903225806,0.04545454545454545,0.20634920634920634,0.15555555555555556,0.022798513925168698,0.009192403270233233,0.2910052910052911,0.16592950837742504
9628,0.41739130434782606,0.3448275862068966,0.1415929203539823,0.11764705882352941,0.33043478260869563,0.2528735632183908,0.07366311621770984,0.09358212443240899,0.40842212075088785,0.24737842977451782
9629,0.4,0.47058823529411764,0.16326530612244897,0.24096385542168675,0.26,0.3764705882352941,0.0651955277729564,0.0936679148676569,0.2710494972399734,0.2892025794274929
9630,0.48366013071895425,0.5106382978723405,0.3576158940397351,0.40287769784172667,0.4313725490196078,0.4822695035460993,0.23267248123351564,0.21407170759547095,0.3588505747126437,0.3262021099612891
9631,0.44642857142857145,0.41176470588235287,0.21818181818181817,0.22000000000000003,0.3392857142857143,0.29411764705882354,0.10398208550047722,0.06130905462984246,0.29306261753848295,0.2094299516908212
9632,0.39999999999999997,0.2096774193548387,0.2601626016260163,0.032786885245901634,0.304,0.12903225806451613,0.14175351636325806,0.008515361318300227,0.379430228862047,0.10597302504816958
9633,0.49624060150375954,0.43636363636363634,0.24427480916030533,0.1851851851851852,0.4060150375939849,0.27272727272727276,0.1352306763111625,0.08985588283269438,0.3564568684616704,0.249572905305626
9634,0.49645390070921985,0.456140350877193,0.2014388489208633,0.1964285714285714,0.2978723404255319,0.2807017543859649,0.087390468745307,0.05748090965100815,0.34177392345074875,0.2823849493487699
9635,0.3673469387755102,0.23703703703703707,0.12413793103448276,0.060150375939849635,0.163265306122449,0.14814814814814814,0.020127312550850537,0.017548905028493482,0.26735238693467334,0.16424377970366227
9636,0.26,0.36619718309859156,0.10204081632653063,0.1739130434782609,0.16,0.1971830985915493,0.0079970150956792,0.026220538724357412,0.19208901884340482,0.29705397334759553
9637,0.41428571428571426,0.48062015503875977,0.24637681159420288,0.31496062992125984,0.3571428571428571,0.4186046511627907,0.16931368504699532,0.2289758220451603,0.37881873727087584,0.4770408163265306
9638,0.2956521739130435,0.3818181818181818,0.035398230088495575,0.09259259259259259,0.19130434782608696,0.2363636363636364,0.009947837396193072,0.029392735507124138,0.16215341024084196,0.219296051754035
9639,0.32478632478632474,0.3614457831325302,0.1391304347826087,0.19753086419753085,0.22222222222222224,0.3132530120481928,0.05078384577581542,0.05769078987019058,0.259311629424681,0.22827779507941454
9640,0.38554216867469876,0.35714285714285715,0.08536585365853658,0.07246376811594203,0.21686746987951808,0.20000000000000004,0.05139797742889322,0.05101986055127911,0.20874413954771098,0.19210541524591115
9641,0.4148148148148148,0.26890756302521013,0.1954887218045113,0.06837606837606837,0.26666666666666666,0.18487394957983194,0.07801364812577691,0.019395451190983758,0.4122887933943799,0.21796874999999996
9642,0.464,0.28205128205128205,0.2439024390243902,0.07894736842105264,0.32,0.17948717948717946,0.0979038733644086,0.007889556758767319,0.41465373867197663,0.12191035851439472
9643,0.35051546391752575,0.28571428571428575,0.23157894736842105,0.20224719101123598,0.32989690721649484,0.19780219780219782,0.11866835843589875,0.10896686547833379,0.42613636363636365,0.2761569057089099
9644,0.3947368421052631,0.3835616438356164,0.10666666666666666,0.1111111111111111,0.26315789473684215,0.1917808219178082,0.026015756100385697,0.0192380571834092,0.3559172695232795,0.257010101010101
9645,0.3472222222222222,0.32727272727272727,0.11267605633802817,0.12962962962962962,0.23611111111111108,0.2545454545454546,0.045033211562882966,0.06801849612388956,0.2687973078327462,0.295588222517615
9646,0.41441441441441446,0.3595505617977528,0.20183486238532108,0.16091954022988506,0.27027027027027023,0.24719101123595505,0.15156957088555686,0.0708624977509688,0.2906203820913863,0.26482985424901184
9647,0.45614035087719296,0.41830065359477125,0.18934911242603553,0.1456953642384106,0.2573099415204679,0.2875816993464052,0.07726094715275847,0.09641379799704881,0.3194555055401662,0.3212468193384224
9648,0.46774193548387094,0.4158415841584158,0.2459016393442623,0.0808080808080808,0.43548387096774194,0.19801980198019806,0.1290276897120759,0.015044258141000365,0.4028657593645803,0.290625
9649,0.463768115942029,0.5562913907284768,0.2058823529411765,0.2818791946308725,0.33333333333333337,0.4370860927152318,0.08871342561899169,0.10765791325579555,0.27366831506265055,0.4895102798178287
9650,0.3548387096774194,0.37499999999999994,0.049180327868852465,0.11111111111111112,0.22580645161290325,0.21875,0.004224724707302432,0.0075711782248719835,0.11251758087201126,0.18511868075338378
9651,0.7368421052631579,0.6846846846846848,0.6785714285714286,0.6055045871559632,0.7368421052631579,0.6666666666666667,0.3842276191101095,0.3926379624735058,0.7153614457831325,0.6059470133864597
9652,0.46060606060606063,0.49599999999999994,0.17177914110429446,0.2113821138211382,0.2787878787878788,0.27199999999999996,0.10231790414817228,0.098887994703086,0.3077473608874575,0.2745189935048805
9653,0.3971631205673759,0.3448275862068966,0.17266187050359713,0.1754385964912281,0.24113475177304966,0.22413793103448276,0.014809441779497423,0.030949387980788556,0.1791750324039952,0.17092334980867346
9654,0.5471698113207547,0.375,0.23076923076923075,0.10909090909090909,0.3773584905660378,0.23214285714285712,0.046740749903084695,0.01518448500339903,0.42721609477124184,0.2447790174053835
9655,0.46956521739130436,0.6213592233009708,0.21238938053097342,0.2772277227722772,0.2608695652173913,0.3300970873786408,0.12073293004303572,0.10921823441095127,0.42513863216266173,0.4320369657296881
9656,0.3931623931623932,0.4782608695652174,0.2608695652173913,0.3111111111111111,0.3589743589743589,0.43478260869565216,0.17257203313691355,0.17673871981222414,0.4254958688456225,0.45620437956204374
9657,0.45238095238095233,0.4074074074074074,0.21686746987951808,0.14999999999999997,0.29761904761904767,0.25925925925925924,0.09735623268646762,0.09725733804500956,0.34545249824067553,0.3609291140062326
9658,0.4587155963302752,0.4040404040404041,0.2616822429906542,0.26804123711340205,0.3853211009174312,0.3838383838383838,0.16105941332568408,0.19960758936948308,0.36927691937143736,0.27097307281034316
9659,0.4489795918367347,0.5283018867924528,0.2896551724137931,0.3057324840764331,0.25850340136054417,0.33962264150943394,0.22562819232542763,0.184218840239652,0.3644626857517482,0.4175671973455907
9660,0.49350649350649356,0.38235294117647056,0.4,0.30303030303030304,0.49350649350649356,0.38235294117647056,0.2625085439177796,0.2371144604616222,0.5555555555555555,0.40874360889297406
9661,0.35443037974683544,0.25352112676056343,0.15584415584415584,0.028985507246376812,0.25316455696202533,0.16901408450704225,0.040478282235465866,0.014508413470014345,0.3028830579850988,0.12997068746197668
9662,0.4067796610169491,0.509433962264151,0.12068965517241378,0.23076923076923075,0.28813559322033894,0.3584905660377358,0.07839621745254671,0.12445092163985659,0.26243386243386246,0.2996383363471971
9663,0.4195804195804196,0.5535714285714285,0.18439716312056736,0.3454545454545454,0.23776223776223776,0.35714285714285715,0.167193139768196,0.19379795897598126,0.3218363657094456,0.3647528452522507
9664,0.4313725490196078,0.5842696629213484,0.2,0.36781609195402293,0.3137254901960784,0.4719101123595506,0.13434600859579923,0.28239808811368516,0.3234677137401501,0.5243970038517844
9665,0.3669724770642202,0.17977528089887643,0.11214953271028037,0.0,0.16513761467889906,0.1348314606741573,0.02818746514171124,0.003592469293440395,0.21546450280434207,0.0641025641025641
9666,0.4444444444444445,0.48076923076923084,0.18556701030927836,0.19607843137254904,0.3232323232323232,0.3269230769230769,0.032041416658976765,0.030538322654515896,0.2495515458478422,0.2795635519888012
9667,0.40268456375838924,0.45614035087719296,0.16326530612244897,0.19642857142857145,0.26845637583892623,0.33333333333333337,0.06091763006675389,0.08874803390854469,0.35812445442075075,0.3564336447225944
9668,0.5663716814159292,0.5470085470085471,0.3063063063063063,0.2782608695652174,0.4070796460176991,0.37606837606837606,0.1811752482931582,0.16904415027784372,0.40555519332333567,0.4052809391691675
9669,0.3733333333333333,0.34375,0.13513513513513511,0.07936507936507937,0.2,0.15625,0.025479060452452518,0.023199901472763705,0.31618655692729764,0.20966090009524613
9670,0.4732824427480916,0.37878787878787884,0.186046511627907,0.07692307692307691,0.35114503816793896,0.22727272727272727,0.17766310043898634,0.0859335196615583,0.3908668730650155,0.2711844971906892
9671,0.4406779661016949,0.4666666666666667,0.20689655172413793,0.2954545454545454,0.3898305084745763,0.4222222222222223,0.10666449422634507,0.20917391767361798,0.38522664455500283,0.2930109272759746
9672,0.4671532846715328,0.3652173913043478,0.1777777777777778,0.12389380530973451,0.2773722627737227,0.22608695652173913,0.11681890324209916,0.02827041762122738,0.40772904483430805,0.22399625513179786
9673,0.3157894736842105,0.35064935064935066,0.10666666666666667,0.10526315789473684,0.1973684210526316,0.1948051948051948,0.016688132413767,0.01576507177462077,0.27117232364533395,0.22694259277683812
9674,0.4273504273504274,0.4175824175824176,0.20869565217391303,0.1797752808988764,0.23931623931623933,0.32967032967032966,0.08029622600587627,0.03781682667525187,0.3774709859910058,0.3344968004653869
9675,0.13195876288659794,0.1893491124260355,0.020703933747412008,0.06336633663366337,0.07422680412371134,0.11439842209072978,1.1998833444237852e-05,0.0009839827967952734,0.04905147248752828,0.06762984069471005
9676,0.3442622950819672,0.30107526881720426,0.08333333333333334,0.0,0.22950819672131148,0.1075268817204301,0.02090160379231438,0.0058690970893946846,0.26627295101380916,0.13671875
9677,0.43181818181818177,0.28205128205128205,0.20930232558139536,0.05263157894736842,0.29545454545454547,0.15384615384615385,0.16233768805197107,0.01692747821768896,0.2748990062556463,0.17336816245296516
9678,0.6470588235294118,0.6753246753246753,0.48,0.45333333333333337,0.6470588235294118,0.5194805194805195,0.3058666854081043,0.30756499944575266,0.5486206023791446,0.3858745558350301
9679,0.52,0.49704142011834324,0.3243243243243243,0.2994011976047904,0.37333333333333335,0.3313609467455621,0.2018811394038655,0.17051336229903535,0.4851899468647364,0.4897777516838498
9680,0.07751937984496124,0.0625,0.0,0.0,0.07751937984496124,0.0625,0.0039610343210404915,0.0024321177491015253,0.04132231404958677,0.00874125874125874
9681,0.4122137404580153,0.4356435643564357,0.15503875968992248,0.3030303030303031,0.2900763358778626,0.396039603960396,0.07927313524763806,0.19156209442052663,0.3034796362198497,0.32310393258426967
9682,0.36697247706422015,0.19642857142857145,0.24299065420560745,0.05454545454545455,0.3302752293577982,0.125,0.11584671534637218,0.017907840960549988,0.33286433649289104,0.12910798122065728
9683,0.7083333333333334,0.696969696969697,0.4507042253521127,0.4615384615384615,0.38888888888888895,0.3636363636363636,0.35920758214176346,0.3474500045072549,0.5583153822482085,0.4873196963970774
9684,0.4793388429752066,0.41379310344827586,0.20168067226890757,0.1754385964912281,0.2975206611570248,0.20689655172413793,0.07628670307350827,0.06922473003555973,0.40864823637222597,0.3349099918568186
9685,0.2352941176470588,0.2549019607843137,0.019999999999999997,0.039999999999999994,0.1176470588235294,0.1568627450980392,0.004366563550422624,0.004350250424865432,0.11968085106382978,0.12032085561497326
9686,0.45112781954887216,0.45112781954887216,0.15267175572519084,0.15267175572519084,0.3458646616541354,0.3458646616541354,0.055728459750461305,0.055728459750461305,0.26701680672268907,0.26701680672268907
9687,0.25742574257425743,0.18181818181818182,0.08080808080808081,0.02666666666666667,0.1782178217821782,0.12987012987012986,0.009364489338562149,0.0067147032450953536,0.15462287104622868,0.051546391752577324
9688,0.36363636363636365,0.3050847457627119,0.10309278350515463,0.10344827586206896,0.26262626262626265,0.23728813559322035,0.029447209100632376,0.04625029244775406,0.2555068732402849,0.21995461595909693
9689,0.4799999999999999,0.3711340206185567,0.1626016260162602,0.08421052631578947,0.27199999999999996,0.18556701030927836,0.036678938497342814,0.00901186513074087,0.3276156645462706,0.15191505498672733
9690,0.41758241758241754,0.410958904109589,0.22471910112359553,0.1971830985915493,0.32967032967032966,0.3561643835616438,0.05653207720435951,0.08876856613382532,0.2701925840758839,0.2705113485825311
9691,0.24299065420560745,0.38095238095238093,0.11428571428571428,0.2682926829268293,0.18691588785046728,0.3333333333333333,0.04714170342105405,0.11653670172393538,0.34810924369747903,0.4723101876882676
9692,0.6075949367088608,0.5673758865248227,0.2692307692307692,0.25899280575539574,0.43037974683544306,0.3971631205673759,0.1274108637609027,0.07038967822481897,0.41377853038658047,0.29978611075876005
9693,0.4784688995215311,0.7015706806282723,0.28985507246376807,0.5608465608465608,0.3636363636363636,0.6178010471204188,0.19713982096936666,0.3557338667343649,0.3580182205934903,0.5382444130818895
9694,0.40540540540540543,0.5123966942148761,0.10958904109589042,0.2184873949579832,0.2162162162162162,0.3140495867768595,0.05345137572833361,0.09881150060977056,0.31444608325139295,0.29552697421287166
9695,0.2905982905982906,0.39560439560439553,0.08695652173913043,0.20224719101123595,0.2393162393162393,0.32967032967032966,0.04711190553715208,0.03430644576193548,0.28307174887892383,0.3135145353376785
9696,0.5277777777777777,0.4153846153846154,0.18309859154929578,0.140625,0.2916666666666667,0.2769230769230769,0.061628478500806556,0.031393003360331816,0.3730069808519834,0.2823093513244484
9697,0.47852760736196315,0.4065040650406504,0.13664596273291924,0.11570247933884298,0.19631901840490795,0.2926829268292683,0.06643625556925688,0.04672143090506595,0.2899487368463387,0.22411144141810282
9698,0.4948453608247421,0.45,0.21052631578947367,0.1282051282051282,0.2268041237113402,0.20000000000000004,0.047293838161006546,0.018109495996414416,0.41791037815047666,0.28761960459411606
9699,0.37142857142857144,0.34285714285714286,0.07246376811594203,0.07766990291262134,0.2,0.15238095238095234,0.016839271650267405,0.025790577402055922,0.20073560528739637,0.24093511450381686
9700,0.4347826086956522,0.3655913978494624,0.15555555555555556,0.08791208791208792,0.34782608695652173,0.3225806451612903,0.03549988305905961,0.02194829744756375,0.33169927407932015,0.22281282385584855
9701,0.5913978494623655,0.4817518248175183,0.2826086956521739,0.2518518518518518,0.3548387096774194,0.2627737226277373,0.12520667977445152,0.03795748637566422,0.3632116303613144,0.2409952313021319
9702,0.527027027027027,0.6285714285714286,0.3287671232876712,0.4466019417475728,0.4054054054054054,0.5142857142857142,0.1987258895563284,0.2485446069295817,0.3767423337315811,0.4417422001324836
9703,0.46875,0.6307692307692307,0.28571428571428575,0.45312499999999994,0.37500000000000006,0.5230769230769231,0.22533374731888137,0.31513482255493147,0.3443970518236449,0.488422575976845
9704,0.38095238095238093,0.3611111111111111,0.12195121951219515,0.14285714285714285,0.2619047619047619,0.2777777777777778,0.08156879226760765,0.10976824366726923,0.3640392529281419,0.3387966696339739
9705,0.5925925925925926,0.31818181818181823,0.4060150375939849,0.15384615384615385,0.3703703703703704,0.18181818181818182,0.23723617209060774,0.09240248103148033,0.46970095639042697,0.20020694427809052
9706,0.32075471698113206,0.27722772277227725,0.09615384615384615,0.06060606060606061,0.169811320754717,0.1188118811881188,0.029192964799716205,0.012804032109072836,0.28499859417733814,0.18623895862389586
9707,0.39252336448598135,0.4081632653061224,0.13333333333333333,0.14583333333333334,0.20560747663551404,0.22448979591836735,0.016152238776927882,0.017627995825773856,0.2059206578224952,0.2476353083999299
9708,0.36641221374045796,0.4299065420560747,0.15503875968992245,0.1523809523809524,0.22900763358778625,0.22429906542056074,0.07105699030509424,0.01575584038406502,0.35112038838807047,0.32309650527165995
9709,0.4444444444444445,0.39215686274509803,0.1509433962264151,0.16,0.3518518518518519,0.17647058823529413,0.08405012736730336,0.10414721486084424,0.2858882901496538,0.25435897435897437
9710,0.5384615384615385,0.5346534653465347,0.42187499999999994,0.34343434343434337,0.4153846153846154,0.4158415841584158,0.28375238276697323,0.21519556385691016,0.5150009628345851,0.3455748175182481
9711,0.4035087719298246,0.43478260869565216,0.14285714285714285,0.22222222222222224,0.31578947368421056,0.391304347826087,0.014648743530450155,0.018668981095842654,0.2855898775677475,0.24208242950108458
9712,0.5714285714285714,0.6168224299065421,0.3076923076923077,0.43809523809523815,0.47058823529411764,0.5420560747663552,0.16105139336612728,0.21910401455589615,0.4007848286157696,0.4516674223400297
9713,0.48648648648648646,0.5617977528089888,0.2935779816513761,0.36781609195402304,0.2882882882882883,0.31460674157303375,0.19070828081828378,0.29704593147945335,0.41891891891891886,0.4124460534293969
9714,0.3055555555555555,0.3050847457627119,0.05714285714285715,0.03508771929824561,0.19444444444444445,0.20338983050847456,0.01210698321212417,0.01687589360987099,0.18597153416686327,0.15880524395188542
9715,0.4032258064516129,0.39215686274509803,0.1639344262295082,0.12000000000000002,0.2741935483870968,0.27450980392156865,0.06928783103636403,0.05470149065417338,0.3540954891521132,0.3460262020420999
9716,0.3884892086330935,0.380952380952381,0.10218978102189782,0.09655172413793102,0.24460431654676257,0.21768707482993194,0.06505846539484333,0.06707058455494712,0.21424077181208057,0.2188791500664011
9717,0.47407407407407404,0.4328358208955224,0.25563909774436094,0.19696969696969696,0.22222222222222224,0.28358208955223885,0.1288318039840425,0.05373571398386389,0.42778764554963494,0.32263106494834065
9718,0.2978723404255319,0.20253164556962025,0.15217391304347824,0.025974025974025972,0.19148936170212766,0.12658227848101267,0.012324361063052323,0.011064891248476136,0.30154047853162896,0.12232415902140674
9719,0.532608695652174,0.562091503267974,0.24175824175824176,0.31788079470198677,0.31521739130434784,0.39215686274509803,0.03318452591294155,0.09884221332066759,0.2694188061275649,0.2391236622555224
9720,0.42603550295857984,0.38095238095238093,0.19161676646706585,0.1325301204819277,0.27218934911242604,0.22619047619047622,0.11015605266503772,0.018708809183362467,0.2920248342114825,0.28648929845422116
9721,0.557142857142857,0.5528455284552846,0.3768115942028986,0.396694214876033,0.42857142857142855,0.4878048780487804,0.206772093343286,0.24513718036550677,0.37153816993947053,0.38870133687078506
9722,0.65625,0.5813953488372093,0.6349206349206349,0.4761904761904762,0.65625,0.5581395348837208,0.45883048399926357,0.4551991488267974,0.7845188284518828,0.5215666222729578
9723,0.6000000000000001,0.5389221556886227,0.35937500000000006,0.3393939393939394,0.49230769230769234,0.3832335329341317,0.2777320215283326,0.19078642852768657,0.45786795183723017,0.4915598290598291
9724,0.7413793103448276,0.5783132530120482,0.5087719298245613,0.37037037037037035,0.6896551724137931,0.5060240963855421,0.32172944208038085,0.2121778426248351,0.6812828272287731,0.45347487973934564
9725,0.4854368932038835,0.528735632183908,0.2376237623762376,0.18823529411764706,0.2912621359223301,0.2988505747126437,0.12078385875555014,0.01444771178740963,0.27761194029850744,0.27549009162582566
9726,0.268041237113402,0.275,0.06315789473684211,0.02564102564102564,0.12371134020618556,0.125,0.02644953111295526,0.004971004128413319,0.1539491298527443,0.062240663900414925
9727,0.47524752475247517,0.35135135135135137,0.30303030303030304,0.16666666666666669,0.39603960396039606,0.3243243243243243,0.20966517648027577,0.12129565315898111,0.4690226457786045,0.19771295311349318
9728,0.4067796610169492,0.42424242424242425,0.1896551724137931,0.16494845360824742,0.3050847457627119,0.2626262626262626,0.1427382083802815,0.08403328700520836,0.3463459000606342,0.30883072407045015
9729,0.4444444444444444,0.4033613445378151,0.15492957746478875,0.13675213675213677,0.26388888888888884,0.3025210084033613,0.029185743203284927,0.02911523868036848,0.32568278790806265,0.26901674306866374
9730,0.41818181818181815,0.456140350877193,0.1851851851851852,0.28571428571428575,0.2909090909090909,0.3333333333333333,0.12734755936435346,0.18129532997327358,0.336734693877551,0.32196906885992554
9731,0.5217391304347826,0.4571428571428572,0.16176470588235295,0.14492753623188406,0.33333333333333326,0.24285714285714283,0.09870973452260721,0.12038451907702961,0.3312005940273669,0.3069603078560551
9732,0.4153846153846154,0.4615384615384615,0.078125,0.10434782608695653,0.24615384615384614,0.23931623931623933,0.012973215482520112,0.03504462741299346,0.2612785020192428,0.3133903133903134
9733,0.4297520661157025,0.31578947368421056,0.21848739495798317,0.0,0.2975206611570248,0.2368421052631579,0.02838900295622136,0.006807238278127578,0.3726949152542373,0.13986013986013984
9734,0.5510204081632653,0.40350877192982454,0.27083333333333326,0.17857142857142858,0.32653061224489793,0.28070175438596495,0.1251522220978793,0.04440791724897705,0.3663855855855855,0.2892646800790574
9735,0.5485714285714285,0.40522875816993464,0.25433526011560686,0.07947019867549669,0.4114285714285714,0.20915032679738563,0.1472572684270311,0.012452129634050959,0.4812579415501906,0.23273783587509078
9736,0.4444444444444445,0.30434782608695654,0.20754716981132076,0.06666666666666667,0.33333333333333326,0.15217391304347827,0.07694912089397975,0.011430167914098576,0.3626243885984145,0.11554621848739495
9737,0.3008849557522124,0.25,0.09009009009009009,0.09803921568627451,0.1592920353982301,0.15384615384615385,0.009715634675637531,0.06860712694566225,0.2961033950617284,0.2625882352941176
9738,0.2535211267605634,0.3100775193798449,0.028571428571428574,0.07874015748031497,0.11267605633802817,0.17054263565891473,0.008859597680330308,0.021368607783223678,0.1752808643398343,0.2059980137893247
9739,0.3725490196078431,0.43749999999999994,0.08,0.06382978723404255,0.2156862745098039,0.3125,0.028232017871523418,0.015263496054469331,0.1964134264091858,0.24691358024691357
9740,0.6842105263157895,0.6984126984126983,0.5466666666666667,0.6451612903225805,0.5921052631578947,0.6825396825396827,0.4177430068948213,0.34667037367083753,0.6015860616895289,0.4794938290407374
9741,0.34482758620689663,0.2695035460992908,0.12587412587412586,0.10071942446043167,0.17931034482758618,0.24113475177304963,0.016888070936232128,0.019515610232740767,0.18095238095238095,0.2642117485367645
9742,0.4264705882352941,0.3865546218487395,0.22388059701492538,0.13675213675213677,0.32352941176470595,0.23529411764705882,0.1373613563239035,0.08970363701148239,0.45076496462038634,0.2564662228527775
9743,0.38028169014084506,0.4421052631578947,0.1285714285714286,0.17204301075268819,0.29577464788732394,0.2526315789473684,0.05617555197234077,0.043500485953875775,0.2609970326409496,0.2516945773524721
9744,0.5869565217391305,0.6011560693641619,0.25274725274725274,0.2923976608187135,0.3695652173913043,0.4855491329479769,0.12922579850634233,0.10604478166522528,0.393378303333987,0.3788960142228164
9745,0.22429906542056074,0.31999999999999995,0.03809523809523809,0.1095890410958904,0.1308411214953271,0.29333333333333333,0.005091894897311005,0.0130285477782143,0.14428085283700257,0.1198268581081081
9746,0.3489932885906041,0.38399999999999995,0.0816326530612245,0.11382113821138212,0.17449664429530204,0.176,0.020151718023157565,0.0260340884004478,0.27422257459634286,0.2821595496069684
9747,0.5714285714285713,0.5279999999999999,0.2137404580152672,0.16260162601626016,0.30075187969924816,0.33599999999999997,0.09892231629556923,0.09592780330865613,0.3387299086381118,0.27484690278727775
9748,0.4507042253521127,0.45098039215686275,0.14285714285714285,0.12,0.29577464788732394,0.21568627450980393,0.013101659426793127,0.016443002613891027,0.3808873720136519,0.26351199820587573
9749,0.5473684210526316,0.5813953488372093,0.17204301075268816,0.19047619047619047,0.4,0.3488372093023256,0.018440431524622675,0.05291018285335768,0.3104074180532933,0.3433831766596854
9750,0.5625,0.5507246376811594,0.2698412698412698,0.2941176470588235,0.4375,0.42028985507246375,0.1498556881691925,0.15843585951088962,0.5047303188105281,0.4635995533431432
9751,0.5303030303030303,0.3739837398373984,0.26153846153846155,0.1322314049586777,0.3939393939393939,0.22764227642276422,0.15060759755830705,0.03198201612807756,0.43610163064087976,0.2669499172217907
9752,0.1553398058252427,0.20952380952380953,0.019801980198019806,0.05825242718446603,0.0970873786407767,0.1523809523809524,0.006827338823907791,0.009808528450308211,0.16783320189274448,0.183632269586148
9753,0.47191011235955055,0.3870967741935484,0.06896551724137931,0.06666666666666667,0.24719101123595505,0.1935483870967742,0.011856650750440676,0.019280047714388935,0.33875807940904895,0.23914979957440485
9754,0.23529411764705882,0.2954545454545454,0.04,0.1627906976744186,0.21568627450980393,0.2727272727272727,0.005389738117818599,0.13556474461522067,0.10615711252653928,0.26111562310657327
9755,0.6906474820143885,0.703125,0.4525547445255475,0.4920634920634921,0.6330935251798562,0.6875,0.1999029809754324,0.285865322379726,0.5955978803069306,0.5039730585824624
9756,0.7246376811594203,0.43076923076923074,0.5588235294117647,0.25,0.6376811594202898,0.23076923076923075,0.3899828358025097,0.13905237095535414,0.6226561804700053,0.2941719984489361
9757,0.6521739130434783,0.5072463768115942,0.3970588235294118,0.2941176470588235,0.5217391304347826,0.40579710144927533,0.20291409706922264,0.08555859164674394,0.6128291403549087,0.4586592722319517
9758,0.37209302325581395,0.34374999999999994,0.14285714285714285,0.03225806451612904,0.2093023255813954,0.21875,0.06924809798739327,0.008428682606415532,0.30719085347507774,0.1660516605166052
9759,0.5740740740740741,0.5217391304347826,0.3584905660377358,0.2300884955752212,0.3703703703703704,0.36521739130434777,0.26954456841711694,0.12381026285974163,0.4660537712877072,0.3876221900913259
9760,0.38571428571428573,0.44897959183673464,0.13043478260869565,0.16666666666666666,0.17142857142857143,0.20408163265306123,0.02948512332887379,0.04725401866956742,0.38186578217243466,0.336526421237165
9761,0.676923076923077,0.676923076923077,0.5625,0.5625,0.6461538461538462,0.6461538461538462,0.4446423603965361,0.4446423603965361,0.6249246674676215,0.6249246674676215
9762,0.6766917293233082,0.7131782945736435,0.5954198473282442,0.6299212598425197,0.6466165413533834,0.6821705426356589,0.4714438464898156,0.5406626698307133,0.6892800764098006,0.7160334270727379
9763,0.38095238095238093,0.5699481865284974,0.24096385542168675,0.3664921465968587,0.2976190476190476,0.4559585492227979,0.13973241785634768,0.27485266894880367,0.263704677003359,0.46313668264887786
9764,0.4950495049504951,0.3762376237623762,0.22222222222222224,0.10101010101010102,0.39603960396039606,0.25742574257425743,0.10661330827449374,0.024901562613130094,0.4438418724133009,0.2601398601398601
9765,0.3448275862068966,0.3132530120481928,0.2456140350877193,0.19753086419753085,0.29310344827586204,0.21686746987951805,0.1308690682662664,0.08978222108772188,0.5191200657894737,0.3744403744403744
9766,0.4397163120567376,0.37383177570093457,0.10071942446043165,0.09523809523809525,0.24113475177304966,0.22429906542056074,0.004666513480445707,0.053742473447543154,0.2027543540482723,0.20252223397866684
9767,0.5396825396825397,0.2828282828282828,0.3225806451612903,0.08247422680412371,0.4285714285714286,0.20202020202020202,0.21383963892804517,0.005081164696595983,0.49640154507466594,0.07339449541284403
9768,0.45714285714285713,0.3595505617977528,0.19417475728155342,0.20689655172413793,0.34285714285714286,0.33707865168539325,0.16853057225969945,0.12128218053249236,0.33517699115044247,0.2681976612027378
9769,0.6357615894039735,0.7111111111111111,0.5234899328859062,0.6466165413533835,0.38410596026490074,0.6222222222222222,0.42416121837160603,0.5495648676375736,0.6143983292932642,0.6867663509737039
9770,0.4166666666666667,0.39285714285714285,0.1142857142857143,0.14814814814814817,0.25,0.2857142857142857,0.013890266032988884,0.024924840329214656,0.24097433666811655,0.31352124183006536
9771,0.303030303030303,0.35000000000000003,0.041237113402061855,0.10256410256410256,0.1212121212121212,0.2,0.005009072254029602,0.027780532065977758,0.20381328073635763,0.23299939283545842
9772,0.5243902439024389,0.539877300613497,0.3333333333333333,0.39751552795031053,0.41463414634146345,0.47852760736196326,0.2068969161739563,0.306508473361249,0.3936261605817955,0.45754922572043877
9773,0.5785123966942148,0.5454545454545454,0.3025210084033613,0.2790697674418605,0.33057851239669417,0.3636363636363636,0.14188267048803066,0.159002428765817,0.47641509433962265,0.38484516578711553
9774,0.5940594059405941,0.5421686746987953,0.35,0.32926829268292684,0.42574257425742573,0.3012048192771084,0.21832726677143544,0.13517612595132686,0.3679075187302785,0.3340513068731849
9775,0.6728971962616822,0.5853658536585366,0.419047619047619,0.2975206611570248,0.5233644859813084,0.5203252032520325,0.16927132846627874,0.1475974585219751,0.5496995610775117,0.5572954815245119
9776,0.48484848484848475,0.3902439024390244,0.2268041237113402,0.125,0.3838383838383838,0.24390243902439024,0.1553188816439356,0.08880524623346463,0.3247800248767679,0.16587677725118485
9777,0.4227642276422764,0.4511278195488722,0.13223140495867766,0.16793893129770993,0.24390243902439024,0.2857142857142857,0.03148602068585026,0.12575212203896022,0.270185800694694,0.35047766891710486
9778,0.3741007194244604,0.29473684210526313,0.05839416058394161,0.04301075268817204,0.1870503597122302,0.14736842105263157,0.008973736303631987,0.011338907401593448,0.2413021169538375,0.12584158415841584
9779,0.5221238938053099,0.48908296943231444,0.25,0.16740088105726872,0.2743362831858407,0.3056768558951965,0.11906251610363458,0.096683845071559,0.3527951806729764,0.27746558968008417
9780,0.38323353293413176,0.3976608187134502,0.14545454545454545,0.1301775147928994,0.19161676646706588,0.24561403508771934,0.10708485446030436,0.0757839640929783,0.31893390535968663,0.3019751337740006
9781,0.44285714285714284,0.4489795918367347,0.18840579710144928,0.13793103448275862,0.30000000000000004,0.27210884353741494,0.09583386359288563,0.05677821401802544,0.39945456704076426,0.32522531554547623
9782,0.5740740740740742,0.358974358974359,0.3962264150943396,0.13157894736842105,0.3148148148148148,0.2564102564102564,0.1400323696016738,0.012116785481208378,0.31702520599835277,0.1294297352342159
9783,0.3586206896551724,0.396551724137931,0.13986013986013987,0.12280701754385966,0.2206896551724138,0.2241379310344828,0.01707513891629508,0.027634787478448213,0.36293787662861027,0.27264651565093395
9784,0.7058823529411765,0.793103448275862,0.4786324786324786,0.6666666666666665,0.35294117647058826,0.793103448275862,0.3162753500118848,0.43361890903486755,0.5702725845582989,0.6944572368421053
9785,0.37142857142857144,0.43939393939393934,0.13043478260869565,0.1846153846153846,0.2857142857142857,0.37878787878787884,0.05078361547706293,0.06526162060270162,0.2982585902626388,0.3814367296111452
9786,0.4220183486238532,0.5,0.16822429906542055,0.22448979591836735,0.3119266055045871,0.37999999999999995,0.07451628210879116,0.0540498313706647,0.23522963488576248,0.24758735440931778
9787,0.36363636363636365,0.3478260869565218,0.08,0.08955223880597016,0.2597402597402597,0.1739130434782609,0.013819585494830136,0.017679226289946084,0.1978142686922848,0.20439560439560436
9788,0.6124401913875598,0.508108108108108,0.41545893719806765,0.3169398907103825,0.5071770334928231,0.4108108108108108,0.37004232791416025,0.26639625470271683,0.49252551564622793,0.3592970435544768
9789,0.4285714285714286,0.37086092715231783,0.11842105263157895,0.08053691275167785,0.24675324675324675,0.2119205298013245,0.020835794448174648,0.059931873367804055,0.3021050940061064,0.22163434022257558
9790,0.5149700598802395,0.2741935483870968,0.2181818181818182,0.11475409836065575,0.33532934131736525,0.1774193548387097,0.11980601860263115,0.036475940236044516,0.35948518857071354,0.14027237879278695
9791,0.43971631205673756,0.7058823529411764,0.3309352517985611,0.5970149253731343,0.41134751773049644,0.6617647058823529,0.13646999818437308,0.3410904996715765,0.2764663072973428,0.5652672580961198
9792,0.54,0.4672897196261682,0.24489795918367344,0.20952380952380953,0.44,0.35514018691588783,0.10163671482731221,0.12174947256163497,0.44139534453750445,0.32432844932844934
9793,0.46616541353383456,0.45045045045045046,0.1984732824427481,0.2018348623853211,0.3157894736842105,0.3063063063063063,0.11034451134184378,0.14130844488483973,0.2921935758588553,0.3068019765860777
9794,0.5148514851485148,0.5909090909090909,0.2828282828282828,0.34883720930232553,0.4158415841584158,0.29545454545454547,0.20841598853328633,0.23039192407393275,0.3978879648297491,0.42328042328042326
9795,0.41975308641975306,0.37209302325581395,0.1375,0.2047244094488189,0.2716049382716049,0.2945736434108527,0.08545700827721985,0.09018738839912822,0.2698911729141475,0.22558497968334032
9796,0.616822429906542,0.5777777777777778,0.22857142857142856,0.2727272727272727,0.4485981308411215,0.3111111111111111,0.1429872156359107,0.15524084730857937,0.45769230026699925,0.38943563399183245
9797,0.3823529411764706,0.48275862068965514,0.11940298507462686,0.17543859649122806,0.20588235294117646,0.25862068965517243,0.024447857887949613,0.04144963705082215,0.22628562092393156,0.24563005675643038
9798,0.3442622950819672,0.38834951456310685,0.10000000000000002,0.1386138613861386,0.21311475409836067,0.27184466019417475,0.02348924131058449,0.12385943969731349,0.2489228227624852,0.2572977962386062
9799,0.5850340136054422,0.42603550295857984,0.3862068965517242,0.15568862275449102,0.47619047619047616,0.23668639053254437,0.19114048851933,0.02954391748586138,0.45547584306095984,0.25303915105478586
9800,0.4558823529411765,0.3492063492063492,0.05970149253731344,0.08064516129032258,0.23529411764705882,0.1746031746031746,0.01136064794416498,0.012418421551544009,0.24610215177837877,0.1973468450741178
9801,0.5034965034965035,0.5,0.15602836879432622,0.23943661971830985,0.29370629370629375,0.4027777777777778,0.0836559239361185,0.08171889278507598,0.38194013953540795,0.3471655791190865
9802,0.4077669902912622,0.47787610619469023,0.19801980198019803,0.3063063063063063,0.2912621359223301,0.3008849557522124,0.09518826316645806,0.12364424638034757,0.2915704387990762,0.40361990950226245
9803,0.5035971223021583,0.4666666666666666,0.20437956204379562,0.13636363636363635,0.2733812949640288,0.31111111111111117,0.051465237739531565,0.016187383340095382,0.41902848690384875,0.2560851926977688
9804,0.30232558139534876,0.2727272727272727,0.11904761904761905,0.15625,0.1627906976744186,0.24242424242424243,0.05602219133680559,0.08430432417416954,0.21415270018621976,0.2071810471976401
9805,0.45945945945945943,0.576,0.1917808219178082,0.3089430894308943,0.29729729729729726,0.43200000000000005,0.08797396850883674,0.18868418245728524,0.35698123094512196,0.4395911919270078
9806,0.5072463768115941,0.5581395348837209,0.16176470588235295,0.1732283464566929,0.31884057971014496,0.2945736434108527,0.03384556423622594,0.028168083293052135,0.294466451486698,0.32898740251751757
9807,0.4666666666666667,0.4671532846715328,0.1864406779661017,0.23703703703703702,0.3666666666666667,0.30656934306569344,0.040072587162241755,0.1311561537436275,0.3962003780718336,0.49868553061831156
9808,0.1842105263157895,0.24742268041237117,0.05405405405405405,0.02105263157894737,0.13157894736842105,0.10309278350515463,0.005608952484698928,0.00572914229501893,0.09985688264376788,0.10044642857142858
9809,0.35294117647058826,0.37500000000000006,0.02,0.0851063829787234,0.1568627450980392,0.2916666666666667,0.011422717836133354,0.015212917490120359,0.17886317728136883,0.19236437008320295
9810,0.5058823529411764,0.40909090909090917,0.07142857142857142,0.13846153846153844,0.2705882352941177,0.2727272727272727,0.02317129700711832,0.020967318627018946,0.27304346547849273,0.22224146483305968
9811,0.3958333333333333,0.40476190476190477,0.19148936170212766,0.1951219512195122,0.2916666666666667,0.380952380952381,0.10547007257317763,0.12874240282583163,0.35595892232738885,0.35329884216129886
9812,0.3898305084745763,0.6861313868613139,0.1896551724137931,0.5185185185185185,0.30508474576271183,0.6423357664233577,0.14740852891916034,0.36942323146891054,0.3315172343750512,0.7569384571870973
9813,0.42201834862385323,0.48837209302325574,0.29906542056074764,0.3571428571428571,0.38532110091743116,0.4418604651162791,0.1883076675302225,0.14234680521213836,0.28134556574923547,0.26807013358778625
9814,0.6629834254143646,0.7402597402597402,0.4692737430167598,0.5657894736842105,0.5303867403314918,0.6103896103896105,0.3713211135722828,0.5047769177708522,0.5920331485135288,0.6612090680100756
9815,0.32183908045977017,0.3410852713178294,0.011627906976744186,0.12598425196850394,0.16091954022988508,0.21705426356589147,0.003991236918574813,0.06349500023185792,0.17218543046357612,0.24990991619300018
9816,0.3166666666666667,0.22807017543859648,0.1016949152542373,0.05357142857142857,0.25,0.12280701754385966,0.011957924672214305,0.009558110607558588,0.18078966479379277,0.11510877101750737
9817,0.45348837209302323,0.4411764705882353,0.18823529411764706,0.208955223880597,0.26744186046511625,0.30882352941176466,0.12074998367374387,0.155454245962172,0.2781898498409402,0.27703016867990565
9818,0.4084507042253521,0.42735042735042733,0.18571428571428572,0.19130434782608696,0.29577464788732394,0.2564102564102564,0.025969813869008318,0.01576253432093566,0.21745146457765668,0.1498679577464789
9819,0.325,0.3508771929824561,0.05128205128205128,0.18181818181818185,0.225,0.3508771929824561,0.011782386561983231,0.04198754530874272,0.1998427672955975,0.23808262711864403
9820,0.8505747126436782,0.9866666666666666,0.8235294117647058,0.9589041095890412,0.8505747126436782,0.9866666666666666,0.6836938504564023,0.8133318653366116,0.8531280080282353,0.887220099741974
9821,0.40310077519379844,0.297029702970297,0.11023622047244094,0.08080808080808081,0.21705426356589147,0.15841584158415842,0.023229551343981174,0.013565723482976742,0.27909323583180984,0.17528298215695925
9822,0.2809917355371901,0.29126213592233013,0.05042016806722689,0.07920792079207922,0.18181818181818182,0.21359223300970875,0.01066382470617606,0.013473794001701178,0.23594080338266382,0.2646642246642247
9823,0.8047337278106509,0.8944099378881987,0.6826347305389221,0.8553459119496855,0.6863905325443787,0.8819875776397516,0.5391858128176757,0.6547655735620815,0.6559407905988126,0.7417155059624531
9824,0.5842696629213483,0.6493506493506495,0.4367816091954023,0.5066666666666667,0.5168539325842697,0.5714285714285715,0.37650403905895485,0.41326983917003246,0.5317688378033205,0.5274459594131395
9825,0.5043478260869565,0.5217391304347827,0.24778761061946902,0.26666666666666666,0.34782608695652173,0.3260869565217391,0.0387547066513204,0.03246732080832196,0.33327994912252606,0.2812536375276452
9826,0.7241379310344828,0.6206896551724138,0.5116279069767442,0.4335664335664336,0.5977011494252874,0.5793103448275863,0.42489391968737933,0.29436044099386555,0.5993552817596467,0.4058640587529976
9827,0.460431654676259,0.5405405405405405,0.145985401459854,0.23853211009174313,0.3021582733812949,0.39639639639639634,0.10158358880051309,0.1835422931137104,0.40317062043795626,0.4008960756308237
9828,0.3068783068783069,0.36994219653179194,0.10695187165775401,0.152046783625731,0.13756613756613756,0.23121387283236994,0.016728313516509056,0.020979134647809244,0.1961837150711284,0.19477676323350807
9829,0.5932203389830509,0.6095238095238096,0.3448275862068966,0.31067961165048547,0.45762711864406785,0.45714285714285713,0.10677168964942158,0.048653496230072125,0.5136276391554704,0.3735207100591716
9830,0.411764705882353,0.4230769230769231,0.13432835820895522,0.1372549019607843,0.23529411764705882,0.25,0.03401968435896785,0.09806245461006084,0.3494990892531876,0.2523241433719269
9831,0.6825396825396827,0.6617647058823529,0.3870967741935484,0.3880597014925373,0.4285714285714286,0.4264705882352941,0.2607170388542507,0.22248770341148988,0.5826894105068766,0.5848631536156447
9832,0.46296296296296297,0.4,0.16981132075471694,0.20408163265306123,0.24074074074074073,0.33999999999999997,0.03958556350280792,0.11749577060207901,0.436884658620647,0.39381000627201235
9833,0.4770642201834862,0.48351648351648346,0.16822429906542058,0.24719101123595505,0.2752293577981651,0.4175824175824176,0.10001429081851411,0.11342539380660248,0.3614026717557252,0.3481217084733886
9834,0.4819277108433735,0.47560975609756095,0.21951219512195122,0.20987654320987656,0.27710843373493976,0.28048780487804875,0.11545676797313752,0.12110527703872337,0.295451817558299,0.29086225212752637
9835,0.4230769230769231,0.5283018867924528,0.058823529411764705,0.1346153846153846,0.21153846153846154,0.2641509433962264,0.014757569524382829,0.04103740739284949,0.21046888639481232,0.33784338685172255
9836,0.6131386861313869,0.48936170212765956,0.39999999999999997,0.2391304347826087,0.45255474452554745,0.29787234042553196,0.18635527316705489,0.1191534488931482,0.4939822332601012,0.2782510484766252
9837,0.3361344537815126,0.28037383177570097,0.17094017094017094,0.13333333333333336,0.1848739495798319,0.205607476635514,0.05936501571963816,0.036313971361807036,0.2260207324633336,0.14585047642898885
9838,0.37254901960784315,0.4691358024691358,0.19999999999999998,0.27848101265822783,0.2549019607843137,0.3703703703703704,0.09770653288423854,0.1462242289857887,0.29113443938726563,0.3205524634096062
9839,0.3787878787878788,0.5154639175257731,0.21538461538461537,0.3578947368421052,0.30303030303030304,0.5154639175257731,0.09972625228173307,0.253480501969661,0.39440297780289596,0.4988913525498892
9840,0.4742268041237114,0.43243243243243246,0.25263157894736843,0.16666666666666666,0.43298969072164945,0.1891891891891892,0.08910502259191894,0.05396712507852832,0.365070420015475,0.25083277112497887
9841,0.5063291139240507,0.32608695652173914,0.2597402597402597,0.08888888888888889,0.4050632911392405,0.15217391304347824,0.16840491754731457,0.025638922977847523,0.43380386914123936,0.21943965125783302
9842,0.5233644859813084,0.5172413793103449,0.2857142857142857,0.2105263157894737,0.33644859813084116,0.396551724137931,0.16249413506396904,0.13387140030651007,0.34542644419331253,0.36446046851283315
9843,0.48826291079812206,0.46808510638297873,0.1895734597156398,0.22580645161290325,0.30985915492957744,0.3297872340425532,0.11768449435777648,0.11125433867866273,0.26837568145852436,0.24263415238127609
9844,0.4806201550387597,0.5076923076923077,0.23622047244094488,0.21875,0.32558139534883723,0.3384615384615384,0.07552002366261397,0.07634460932401031,0.26279746618729666,0.30896677287209834
9845,0.5352112676056338,0.4,0.21428571428571427,0.0975609756097561,0.2535211267605634,0.24,0.10209881207717166,0.02626929651131837,0.3989980318482735,0.2538029100529101
9846,0.44943820224719105,0.5316455696202531,0.13793103448275862,0.33766233766233766,0.31460674157303375,0.4810126582278481,0.02767269100179925,0.11835581533042372,0.3480850896508336,0.38740900599111006
9847,0.35593220338983056,0.43636363636363634,0.15517241379310345,0.1111111111111111,0.2711864406779661,0.2727272727272727,0.07767851921315155,0.027269232271380138,0.2842195540308748,0.23037205590714796
9848,0.32478632478632474,0.4489795918367347,0.08695652173913043,0.24999999999999994,0.20512820512820512,0.3061224489795919,0.01345193442602803,0.14665135417365574,0.2415697674418605,0.34837196467991166
9849,0.5,0.39062500000000006,0.3090909090909091,0.14285714285714285,0.44642857142857145,0.21875,0.18407297931244826,0.023484616102368076,0.3879142857142857,0.26710317174796083
9850,0.6382978723404256,0.5934065934065934,0.3695652173913044,0.31460674157303375,0.3191489361702128,0.3076923076923077,0.30298344486744394,0.20859053288544419,0.4527407786885246,0.40607495999085497
9851,0.7333333333333333,0.6153846153846154,0.5000000000000001,0.34210526315789475,0.5111111111111111,0.33333333333333337,0.3209827917889663,0.16412857645368725,0.6433823529411765,0.4505050505050505
9852,0.3739837398373984,0.366412213740458,0.13223140495867766,0.09302325581395349,0.26016260162601623,0.24427480916030533,0.06838548730382311,0.06212658733909329,0.28156396378502746,0.27817231219877725
9853,0.3404255319148936,0.47887323943661975,0.17391304347826086,0.20289855072463767,0.23404255319148934,0.28169014084507044,0.05027270156903019,0.07812625691270021,0.27360817761153117,0.388953488372093
9854,0.3624161073825503,0.39999999999999997,0.12244897959183673,0.09708737864077671,0.20134228187919465,0.2095238095238095,0.01990740962536023,0.028848167261307532,0.27421959728298645,0.23562682991748737
9855,0.43956043956043955,0.5135135135135136,0.15730337078651685,0.25,0.2857142857142857,0.43243243243243246,0.03831308365624277,0.04529452557500176,0.4540327129159617,0.3735871010638298
9856,0.4852941176470588,0.39999999999999997,0.22388059701492538,0.18367346938775508,0.35294117647058826,0.30000000000000004,0.10524398322904267,0.0743428305989889,0.31816911250873514,0.16550074807493456
9857,0.43902439024390244,0.4444444444444445,0.18181818181818182,0.2272727272727273,0.3089430894308943,0.35555555555555557,0.09897847699274986,0.06055724905954264,0.35595070499989,0.23798858146684232
9858,0.6092715231788078,0.6225165562913907,0.26845637583892623,0.30872483221476504,0.4635761589403974,0.4370860927152318,0.13770997962837023,0.14590092668967508,0.40612745098039216,0.437484755935906
9859,0.5454545454545454,0.48936170212765956,0.20618556701030927,0.21739130434782608,0.36363636363636365,0.23404255319148937,0.10307636083781001,0.0985151344781064,0.4128711936308693,0.3766081871345029
9860,0.6126126126126127,0.5913043478260871,0.3853211009174312,0.3185840707964602,0.5405405405405406,0.48695652173913045,0.25798218718292815,0.1496303382217072,0.5416399058017556,0.4552101758246568
9861,0.44827586206896547,0.6285714285714286,0.15789473684210525,0.3300970873786408,0.29310344827586204,0.4952380952380952,0.08874803390854469,0.2315263438783464,0.34940036900369004,0.5126044277360066
9862,0.4230769230769231,0.4246575342465754,0.15584415584415587,0.1527777777777778,0.2948717948717949,0.28767123287671237,0.06938635625317052,0.06705435046069758,0.35203082006682385,0.32281393418611465
9863,0.35000000000000003,0.30357142857142855,0.10169491525423728,0.10909090909090909,0.15,0.14285714285714285,0.020831209164594532,0.020899410246084285,0.23932402347702902,0.14583333333333334
9864,0.5565217391304348,0.4444444444444445,0.35398230088495575,0.25,0.48695652173913045,0.3333333333333333,0.15586554246516748,0.041169099951796885,0.5599113705144834,0.33516884161826455
9865,0.356687898089172,0.3716814159292035,0.07741935483870968,0.1081081081081081,0.22929936305732485,0.23008849557522124,0.01823783785621895,0.031089611682971637,0.2252148626817448,0.257439446366782
9866,0.5490196078431373,0.3516483516483517,0.33999999999999997,0.0898876404494382,0.35294117647058826,0.2637362637362637,0.22539873049258832,0.009490070400966045,0.4199779005524861,0.12909339464363384
9867,0.5103448275862069,0.6341463414634146,0.2097902097902098,0.3801652892561984,0.3724137931034483,0.4878048780487805,0.09335300259552465,0.215577390787214,0.2757656961867315,0.42208201892744474
9868,0.6105263157894737,0.6376811594202899,0.3655913978494624,0.4776119402985074,0.48421052631578954,0.5507246376811594,0.2913241998152585,0.251067581146902,0.45751878760642145,0.4092912946428572
9869,0.5859872611464968,0.5270270270270271,0.3225806451612903,0.2465753424657534,0.2929936305732484,0.18918918918918917,0.20459567230533454,0.1107860892143913,0.3966170124744456,0.3002704810175934
9870,0.4909090909090909,0.47826086956521735,0.3333333333333333,0.2666666666666667,0.39999999999999997,0.34782608695652173,0.2493791355048553,0.15206687594446747,0.3798977853492334,0.3135325131810194
9871,0.3300970873786408,0.5277777777777778,0.11881188118811883,0.22857142857142856,0.27184466019417475,0.2777777777777778,0.06384612570466787,0.10360472937652139,0.3142915642915643,0.32500252402412055
9872,0.5151515151515151,0.5142857142857142,0.24615384615384614,0.2524271844660194,0.34848484848484845,0.419047619047619,0.12501215258454856,0.13504225273837114,0.4189563027532154,0.3865546218487395
9873,0.34710743801652894,0.33663366336633666,0.016806722689075626,0.06060606060606061,0.18181818181818182,0.2376237623762376,0.009796205216074627,0.012650586956214202,0.22448428290766215,0.1820495341967735
9874,0.43386243386243384,0.47500000000000003,0.18181818181818182,0.20253164556962025,0.19047619047619047,0.225,0.10731604405345796,0.09724928079763143,0.2895874140868578,0.27434436701293574
9875,0.4403669724770642,0.44230769230769235,0.205607476635514,0.19607843137254902,0.3669724770642202,0.2692307692307693,0.031812432561403786,0.04895968059629557,0.29879364862129226,0.2394726858877087
9876,0.4122137404580153,0.40860215053763443,0.15503875968992245,0.19780219780219777,0.29007633587786263,0.30107526881720426,0.08605832932503882,0.079329317793168,0.2708519881935462,0.22593287471336254
9877,0.3703703703703704,0.6233766233766234,0.21390374331550804,0.4210526315789474,0.2962962962962963,0.5064935064935066,0.16533158855367525,0.2675646539140724,0.2558761160714285,0.4239757254675763
9878,0.4597701149425288,0.6315789473684211,0.11764705882352941,0.4324324324324324,0.2758620689655173,0.5789473684210527,0.03133110905440761,0.30745852408755864,0.31269976560835283,0.5399214659685865
9879,0.40277777777777773,0.3333333333333333,0.18309859154929575,0.08064516129032258,0.20833333333333331,0.23809523809523808,0.06773206195941936,0.029172331677203456,0.3603700262223308,0.2786372925092808
9880,0.40243902439024387,0.5333333333333333,0.09876543209876543,0.24324324324324326,0.24390243902439024,0.36000000000000004,0.04597324684522035,0.09331396709145956,0.2514242918661567,0.39854513423670823
9881,0.4094488188976378,0.42016806722689076,0.17600000000000002,0.17094017094017094,0.23622047244094488,0.31932773109243695,0.11159474465523878,0.03519589434962543,0.28905310190754424,0.26478607382550334
9882,0.3829787234042553,0.512396694214876,0.2158273381294964,0.2857142857142857,0.2978723404255319,0.4297520661157025,0.09784872845718472,0.11705228389611827,0.39775183744055337,0.42106187420380276
9883,0.459016393442623,0.6060606060606061,0.25,0.32989690721649484,0.34426229508196726,0.5252525252525252,0.09239399851199338,0.10405607890252992,0.3869655501089324,0.414142566191446
9884,0.4819277108433735,0.485207100591716,0.23170731707317074,0.25149700598802394,0.3012048192771084,0.3076923076923077,0.1169482095901838,0.11640987200657517,0.38386824324324326,0.35094339622641507
9885,0.6050420168067226,0.45528455284552843,0.37606837606837606,0.2479338842975207,0.33613445378151263,0.2601626016260163,0.2447518652231713,0.1577248752723509,0.5416533395365067,0.35407652209464757
9886,0.42105263157894735,0.2524271844660194,0.0916030534351145,0.03960396039603961,0.22556390977443608,0.1553398058252427,0.026783462046246417,0.008010076066932818,0.232719512195122,0.08800000000000001
9887,0.6554621848739496,0.5660377358490566,0.22222222222222224,0.2692307692307692,0.36974789915966383,0.32075471698113206,0.1138294661627824,0.1925399941411245,0.4560308972073677,0.43112477655295683
9888,0.48598130841121495,0.34210526315789475,0.34285714285714286,0.2972972972972973,0.3925233644859813,0.34210526315789475,0.21816209306949466,0.24345290461401217,0.5360710024266312,0.28553299492385786
9889,0.328125,0.33870967741935487,0.12698412698412698,0.0819672131147541,0.171875,0.22580645161290322,0.028780702985033428,0.011659816403652514,0.21903538812785384,0.20568457267964657
9890,0.3866666666666667,0.49019607843137253,0.16216216216216217,0.17999999999999997,0.2533333333333333,0.2941176470588235,0.09494942550082991,0.03369877880780553,0.38641537330245945,0.32110332641360223
9891,0.4976958525345623,0.3553299492385787,0.2418604651162791,0.10256410256410256,0.2672811059907834,0.18274111675126903,0.0820136469619476,0.012650241990833654,0.24937134627592547,0.14238424528622498
9892,0.5052631578947367,0.42696629213483145,0.17204301075268816,0.13793103448275865,0.3157894736842105,0.33707865168539325,0.028664222117602656,0.08627614350932425,0.40464743589743585,0.34806209415584416
9893,0.6618705035971223,0.5555555555555556,0.5255474452554744,0.3870967741935484,0.6043165467625898,0.5079365079365079,0.41782331558015556,0.2817867486398165,0.5805862322583543,0.41485998841811556
9894,0.35294117647058826,0.43902439024390244,0.19999999999999998,0.25,0.27450980392156865,0.34146341463414637,0.10062798670101017,0.14888606314762867,0.3140740740740741,0.3462450068784911
9895,0.3508771929824561,0.3013698630136986,0.08284023668639054,0.08333333333333333,0.1871345029239766,0.21917808219178084,0.011711739518264246,0.009656437214410523,0.23316488537794297,0.21103201024327786
9896,0.3378378378378379,0.29677419354838713,0.1232876712328767,0.10457516339869281,0.20270270270270274,0.14193548387096774,0.07181887775400261,0.02359281650876005,0.23077075227252822,0.19590157050474508
9897,0.31746031746031744,0.5121951219512196,0.12903225806451613,0.225,0.2380952380952381,0.1951219512195122,0.01185551076276636,0.12460462268530402,0.2874531835205993,0.3625202953159942
9898,0.4,0.35000000000000003,0.12244897959183673,0.10256410256410256,0.14,0.15,0.013105036971800979,0.015364203973233468,0.2614404176904177,0.20224548626915487
9899,0.4909090909090909,0.4444444444444445,0.12962962962962962,0.1590909090909091,0.3090909090909091,0.24444444444444444,0.017215034549349136,0.035628497117087946,0.327991452991453,0.27475912372785294
9900,0.4740740740740741,0.5750000000000001,0.22556390977443608,0.44303797468354433,0.22222222222222224,0.5125,0.13908614890020266,0.32572117201432566,0.3418681569343066,0.5127972230004202
9901,0.3095238095238095,0.3125,0.14634146341463414,0.16129032258064516,0.3095238095238095,0.3125,0.025603152270914874,0.021582627266522252,0.10663507109004738,0.086848635235732
9902,0.37254901960784315,0.33333333333333326,0.18000000000000002,0.1,0.21568627450980393,0.1764705882352941,0.02875384775586596,0.02581810175325703,0.33332118384604176,0.2768640350877193
9903,0.4489795918367347,0.5225225225225224,0.15172413793103448,0.20183486238532108,0.2857142857142857,0.34234234234234234,0.026807909240496135,0.04029604287773931,0.3392348754448399,0.3943304144564504
9904,0.3888888888888889,0.4705882352941177,0.14285714285714285,0.21686746987951805,0.2777777777777778,0.32941176470588235,0.016916722834543877,0.07358577950614777,0.25155686660111437,0.3170710128971374
9905,0.4683544303797468,0.5987261146496815,0.28205128205128205,0.37419354838709684,0.3670886075949367,0.47133757961783435,0.2307976456952494,0.2839664501186093,0.3738421454931001,0.44641461120267384
9906,0.5692307692307693,0.5271317829457364,0.39062499999999994,0.33070866141732286,0.49230769230769234,0.44961240310077527,0.24352847842114134,0.20459220647345916,0.5114446271929824,0.4129007855323292
9907,0.2568807339449541,0.30612244897959184,0.037383177570093455,0.10416666666666667,0.16513761467889906,0.14285714285714288,0.009614428458751706,0.02728291212250173,0.12745098039215688,0.23324670069721118
9908,0.3851851851851852,0.31067961165048547,0.15037593984962408,0.099009900990099,0.2962962962962963,0.23300970873786409,0.05233878673712163,0.053365533967055324,0.25182499051952983,0.1512686155543298
9909,0.39393939393939387,0.3472222222222222,0.1384615384615385,0.11267605633802817,0.2575757575757576,0.2638888888888889,0.05831880616213511,0.012042539464847419,0.21919496855345919,0.16279069767441856
9910,0.36477987421383645,0.35460992907801414,0.11464968152866242,0.08633093525179857,0.27672955974842767,0.18439716312056736,0.052796527979501684,0.0566970574830549,0.19781673353101925,0.21516449086161885
9911,0.4645161290322581,0.4113475177304965,0.1830065359477124,0.15827338129496402,0.2064516129032258,0.25531914893617025,0.0991102597906894,0.12264473211840758,0.31483496908263015,0.28300064645317946
9912,0.5174825174825175,0.6379310344827586,0.3546099290780142,0.4035087719298246,0.4475524475524476,0.5517241379310345,0.24451050641205738,0.31378882755690274,0.4804688341628423,0.6308712121212121
9913,0.6507936507936508,0.6213592233009707,0.40322580645161293,0.3762376237623762,0.6507936507936508,0.6019417475728155,0.2098028588945874,0.1896129299699963,0.5113409269452105,0.49507936507936506
9914,0.4137931034482759,0.35714285714285715,0.0979020979020979,0.07272727272727272,0.24827586206896546,0.23214285714285715,0.021418758641141244,0.015732341081883715,0.31751895300373667,0.22880470654269716
9915,0.5,0.48648648648648657,0.2857142857142857,0.23853211009174313,0.39999999999999997,0.36036036036036034,0.16169545256957507,0.10576867825564082,0.5101598062953995,0.49903961584633855
9916,0.48484848484848486,0.4833333333333334,0.18556701030927839,0.1694915254237288,0.3030303030303031,0.2833333333333333,0.047464241411231754,0.015574503411192186,0.32078728135683227,0.30453953530876604
9917,0.3529411764705882,0.35789473684210527,0.048192771084337345,0.04301075268817204,0.18823529411764706,0.21052631578947367,0.01573366652450736,0.01360449889489961,0.14412416851441243,0.14161220043572983
9918,0.507936507936508,0.39175257731958757,0.25806451612903225,0.23157894736842105,0.4126984126984127,0.32989690721649484,0.11741368553792739,0.09575719475374028,0.41270872715816004,0.16433122989359072
9919,0.3584905660377359,0.391304347826087,0.11428571428571428,0.23076923076923078,0.1886792452830189,0.31521739130434784,0.0694819480331255,0.13887554632594276,0.18670830864914714,0.18919909836167229
9920,0.7326732673267328,0.7142857142857144,0.6868686868686867,0.5416666666666667,0.7326732673267328,0.673469387755102,0.580496708672573,0.4496418231816504,0.6106350109765021,0.5611000221778666
9921,0.37398373983739835,0.3619047619047619,0.08264462809917356,0.0970873786407767,0.22764227642276422,0.26666666666666666,0.024791060709189083,0.012637682472833664,0.26803061331653016,0.17734337763306943
9922,0.49056603773584906,0.4788732394366197,0.19108280254777069,0.22857142857142856,0.33962264150943394,0.35211267605633806,0.12720592108769793,0.16065553216357095,0.31768461993073144,0.3314085402301753
9923,0.6010362694300517,0.7100591715976331,0.3560209424083769,0.5868263473053892,0.4041450777202072,0.5088757396449703,0.25044613897077767,0.34199333997786163,0.4797573795685475,0.511510021079399
9924,0.3076923076923077,0.3375,0.05673758865248227,0.06329113924050632,0.1678321678321678,0.15,0.01950443517683551,0.010244210210929517,0.17699986732548276,0.18756533346199
9925,0.6095238095238096,0.6602870813397129,0.5384615384615384,0.6086956521739131,0.5904761904761904,0.6507177033492824,0.43938972159842155,0.45996113563187147,0.49215896499363887,0.5246985299246651
9926,0.5037037037037037,0.3877551020408163,0.3007518796992481,0.08333333333333333,0.34074074074074073,0.24489795918367346,0.15365616048557604,0.014065174531830444,0.4993384173871063,0.13157894736842107
9927,0.532258064516129,0.5272727272727272,0.34426229508196726,0.35185185185185186,0.3709677419354838,0.4000000000000001,0.19355467133499676,0.2283222345552783,0.3570655127466484,0.328042328042328
9928,0.6368715083798882,0.5875706214689265,0.384180790960452,0.36571428571428566,0.5251396648044693,0.4858757062146893,0.2134106331004121,0.23126855274225316,0.5697464359264415,0.4919117647058824
9929,0.4052287581699347,0.509090909090909,0.15894039735099336,0.14814814814814814,0.2483660130718954,0.3090909090909091,0.10311179728033082,0.09667245578853598,0.4097942688437087,0.321480865073302
9930,0.411214953271028,0.5054945054945055,0.2476190476190476,0.29213483146067415,0.33644859813084105,0.4175824175824176,0.10401879130544614,0.12248673765065385,0.3746043051598607,0.48775623268698065
9931,0.41999999999999993,0.28205128205128205,0.2653061224489796,0.02631578947368421,0.38,0.20512820512820512,0.2081894017169648,0.01312104187977599,0.41959382151029745,0.10817307692307693
9932,0.5269461077844311,0.5223880597014925,0.2909090909090909,0.30303030303030304,0.3712574850299401,0.43283582089552236,0.11836040214289308,0.1590632532070423,0.4236577181208054,0.38340814373872223
9933,0.567741935483871,0.5037037037037037,0.3660130718954248,0.28571428571428575,0.2967741935483871,0.2962962962962963,0.25345790816387087,0.16922782118112972,0.5171568289668922,0.382720686431624
9934,0.38518518518518513,0.4888888888888889,0.13533834586466165,0.2255639097744361,0.23703703703703702,0.26666666666666666,0.07315765689957686,0.07522444802202,0.23275937609533826,0.4123083730038428
9935,0.3771428571428572,0.3647058823529412,0.12716763005780346,0.11904761904761904,0.2057142857142857,0.19999999999999998,0.060097571759756226,0.05632620730973703,0.2758726182994775,0.27018068373846355
9936,0.5,0.6153846153846154,0.25806451612903225,0.5269461077844311,0.36170212765957444,0.591715976331361,0.2610021673135641,0.34571802804098584,0.3276183127572017,0.463717026776246
9937,0.5714285714285714,0.33962264150943394,0.3709677419354838,0.11538461538461539,0.380952380952381,0.24528301886792453,0.20257536368572612,0.02728498929046504,0.48182529792985684,0.2176391147769517
9938,0.452054794520548,0.42105263157894735,0.2222222222222222,0.22666666666666666,0.24657534246575347,0.25,0.10350463925727947,0.1017423263844711,0.39360487493361257,0.40481144895532534
9939,0.3963963963963964,0.6024096385542169,0.23853211009174313,0.3703703703703704,0.3063063063063063,0.45783132530120485,0.18402033329558412,0.3263581186087438,0.3837774779333222,0.4369493206887274
9940,0.5137614678899082,0.44897959183673464,0.16822429906542052,0.125,0.33027522935779813,0.2653061224489796,0.03224196759492544,0.028006355438356053,0.41547899462607046,0.3164098173515981
9941,0.4356435643564357,0.475,0.16161616161616163,0.23076923076923075,0.37623762376237624,0.425,0.09821584453553746,0.14391446616239334,0.39665051967659387,0.4560810810810811
9942,0.3243243243243243,0.3695652173913044,0.07339449541284404,0.06666666666666665,0.14414414414414414,0.19565217391304346,0.02545273650145091,0.03079736946099011,0.20027262241795113,0.20783007986768515
9943,0.5853658536585366,0.5434782608695652,0.35467980295566504,0.34065934065934067,0.4292682926829268,0.3804347826086956,0.28759736137880276,0.24567079117708476,0.3811814209901154,0.36965605914496946
9944,0.43478260869565216,0.3548387096774193,0.19117647058823528,0.11475409836065574,0.27536231884057966,0.22580645161290325,0.10391163003584925,0.040230323266055204,0.2261158129522122,0.18945068977999438
9945,0.60431654676259,0.5217391304347826,0.32116788321167883,0.3185840707964602,0.4172661870503597,0.3304347826086957,0.25104783055685337,0.137978450217653,0.3831562974203339,0.2601255886970173
9946,0.32,0.4646464646464646,0.1836734693877551,0.24742268041237117,0.28,0.4444444444444445,0.08004346927090178,0.09067103099279114,0.291312839673913,0.38973614137012835
9947,0.5365853658536585,0.5920000000000001,0.382716049382716,0.3902439024390244,0.43902439024390244,0.5119999999999999,0.2337079194855777,0.28039518033793254,0.5982666421133209,0.5804342847625591
9948,0.30656934306569344,0.5208333333333334,0.14814814814814814,0.14893617021276595,0.23357664233576644,0.2708333333333333,0.04094120251101828,0.01579914658053016,0.3079515010909492,0.2814347290640395
9949,0.4492753623188406,0.42105263157894735,0.25,0.23214285714285715,0.2463768115942029,0.22807017543859648,0.16256271408063014,0.1895882509406645,0.41970889687235835,0.3198038992133166
9950,0.4318181818181818,0.27906976744186046,0.2558139534883721,0.023809523809523808,0.3409090909090909,0.16279069767441862,0.15742495664310177,0.012313190932389043,0.318986198716912,0.14223194748358858
9951,0.5233644859813084,0.5494505494505494,0.11428571428571428,0.29213483146067415,0.24299065420560748,0.3736263736263737,0.016244629038940743,0.15233258421448362,0.28516742253053745,0.3125
9952,0.6554621848739496,0.7272727272727273,0.37606837606837606,0.537037037037037,0.47058823529411764,0.7090909090909091,0.23142038377367216,0.41265981472477636,0.4664688699815138,0.6645447530864198
9953,0.30630630630630634,0.3859649122807018,0.16513761467889906,0.14285714285714285,0.25225225225225223,0.17543859649122806,0.028411859411894117,0.030138674460204216,0.17821894025875193,0.21705279946277173
9954,0.39583333333333337,0.28571428571428575,0.2553191489361702,0.0,0.22916666666666666,0.126984126984127,0.1564976246813236,0.006263646390559736,0.3877409689637628,0.09749303621169916
9955,0.411764705882353,0.4634146341463415,0.11940298507462685,0.17500000000000002,0.25,0.31707317073170727,0.040699495120802044,0.06628869124459762,0.31561684824305664,0.27612891083088414
9956,0.31249999999999994,0.30158730158730157,0.07936507936507935,0.06451612903225806,0.234375,0.20634920634920637,0.024924819923813575,0.021625389878060827,0.23926157641102663,0.19609403362890837
9957,0.1927710843373494,0.2769230769230769,0.024691358024691357,0.06349206349206349,0.16867469879518074,0.21538461538461537,0.005484236895303142,0.015378604058619707,0.09589041095890412,0.1528825431034483
9958,0.5636363636363637,0.3595505617977528,0.18518518518518517,0.13793103448275865,0.4363636363636364,0.1797752808988764,0.09670366359164648,0.061890828097309246,0.5449384889783226,0.29132263592459884
9959,0.3881856540084388,0.3609756097560976,0.11914893617021276,0.13793103448275862,0.16877637130801687,0.17560975609756097,0.029262387209206764,0.01958230590042742,0.16603625908725822,0.14819644205609117
9960,0.32061068702290074,0.4631578947368421,0.124031007751938,0.1935483870967742,0.183206106870229,0.23157894736842105,0.07558265653497478,0.10704271370763047,0.2716871872716028,0.2743582307469224
9961,0.319327731092437,0.31481481481481477,0.06837606837606838,0.09433962264150944,0.15126050420168066,0.2037037037037037,0.010965694141921554,0.013109456138496048,0.2624763257575758,0.25579383600225314
9962,0.4444444444444445,0.5208333333333334,0.3092783505154639,0.44680851063829785,0.38383838383838387,0.4791666666666667,0.2700979862180094,0.36938779690788065,0.44354838709677424,0.503082251082251
9963,0.4,0.36879432624113473,0.07079646017699115,0.17266187050359713,0.2956521739130435,0.2695035460992908,0.015047393727010075,0.0897035842086846,0.22044062481683374,0.23628474576271194
9964,0.5606060606060607,0.6055045871559633,0.4,0.42990654205607476,0.4393939393939394,0.4587155963302752,0.22498910595746807,0.301979062083608,0.5509784405048077,0.5442229872271873
9965,0.5164835164835164,0.6451612903225807,0.21111111111111114,0.39215686274509803,0.32967032967032966,0.45161290322580644,0.11115022648403257,0.25657248057667303,0.3834166666666667,0.4534143099898002
9966,0.36190476190476184,0.4888888888888889,0.13592233009708737,0.2272727272727273,0.2857142857142857,0.4222222222222222,0.03679288975307388,0.08539219196951313,0.28367296563451355,0.34399566619633143
9967,0.3409090909090909,0.37681159420289856,0.11627906976744186,0.14925373134328357,0.2272727272727273,0.2898550724637681,0.015012173807958001,0.054028442111688946,0.25182845744680854,0.3347823212455786
9968,0.5560165975103735,0.5311203319502075,0.25941422594142255,0.2510460251046025,0.37344398340248963,0.38174273858921165,0.10569834408909262,0.10311928770678191,0.3384387151310229,0.30097322558690237
9969,0.3488372093023256,0.32098765432098764,0.16666666666666669,0.20253164556962025,0.3255813953488372,0.32098765432098764,0.039363730388941275,0.13772093428074758,0.3265724005610823,0.2965618008310123
9970,0.41212121212121217,0.5369127516778522,0.0736196319018405,0.217687074829932,0.19393939393939394,0.3758389261744966,0.01220431033293221,0.037358876878059874,0.22633638991110672,0.34309549127103794
9971,0.4516129032258064,0.42,0.08196721311475409,0.16326530612244897,0.14516129032258066,0.18,0.010393690990836073,0.021793817689262567,0.23632198142414862,0.1797246321091665
9972,0.23008849557522124,0.15384615384615383,0.05405405405405406,0.0,0.15929203539823011,0.07692307692307691,0.009193868999275986,0.006409912521492096,0.2027052808302809,0.09063444108761329
9973,0.4444444444444445,0.3689320388349515,0.2105263157894737,0.1188118811881188,0.3259259259259259,0.23300970873786409,0.12277069919537723,0.03614851517838537,0.37654615006772546,0.1680672268907563
9974,0.39062500000000006,0.3076923076923077,0.126984126984127,0.06741573033707865,0.25,0.2197802197802198,0.011298395475584802,0.011285659242705541,0.2435632688927944,0.1802976829829676
9975,0.37837837837837834,0.5822784810126582,0.14678899082568808,0.23376623376623376,0.2882882882882883,0.3291139240506329,0.013245500554977438,0.0984148644912228,0.35921481957127177,0.5089601769911505
9976,0.6917293233082706,0.8269230769230769,0.6412213740458015,0.8235294117647058,0.6917293233082706,0.8269230769230769,0.5423305436344564,0.5321119379517386,0.6298087893438298,0.638679106543479
9977,0.39285714285714285,0.2903225806451613,0.12048192771084337,0.06557377049180328,0.17857142857142855,0.1774193548387097,0.02373116088890543,0.024617729145602483,0.32140233825059683,0.17521035563546686
9978,0.2857142857142857,0.36585365853658536,0.0970873786407767,0.19999999999999998,0.22857142857142856,0.36585365853658536,0.040041065180798315,0.09711223049106384,0.32184038840843576,0.4392345173363463
9979,0.35374149659863946,0.4148148148148148,0.1103448275862069,0.12030075187969926,0.217687074829932,0.23703703703703702,0.022055825696679337,0.02739250481769974,0.1919466692193965,0.27319549801473886
9980,0.5147058823529411,0.6981132075471698,0.25373134328358204,0.4230769230769231,0.3088235294117647,0.5094339622641509,0.07303488290949703,0.2330780768089761,0.33016128154869595,0.5415879425975337
9981,0.441860465116279,0.4155844155844156,0.14285714285714285,0.13333333333333333,0.186046511627907,0.2337662337662338,0.03162593967015063,0.08298141861407633,0.290625,0.2692069736821232
9982,0.47,0.4432432432432432,0.20202020202020202,0.24043715846994534,0.32,0.30270270270270266,0.029251676149125362,0.09331914030085149,0.22099072027404565,0.2676048118573229
9983,0.3304347826086957,0.2641509433962264,0.08849557522123894,0.057692307692307696,0.1391304347826087,0.18867924528301885,0.010340851987636068,0.009579718199134363,0.34134852216748773,0.24160797820387603
9984,0.30000000000000004,0.34210526315789475,0.12244897959183672,0.1081081081081081,0.18000000000000002,0.31578947368421056,0.01365914929695545,0.06882273451130301,0.18362306450080743,0.19387386664526995
9985,0.31958762886597936,0.5258215962441315,0.14583333333333334,0.2559241706161138,0.21649484536082472,0.26291079812206575,0.04636248862788173,0.15854919964607378,0.22060662624141492,0.38640226628895186
9986,0.34545454545454546,0.3191489361702127,0.12962962962962965,0.15217391304347824,0.18181818181818182,0.21276595744680848,0.020418505578629672,0.010419141115005175,0.3010465640223426,0.25681381376836815
9987,0.4,0.43537414965986393,0.1568627450980392,0.17931034482758618,0.2580645161290322,0.23129251700680273,0.046323063524928446,0.023897302920903574,0.3266475123240679,0.3140573545237468
9988,0.3220338983050847,0.5882352941176471,0.06896551724137931,0.4273504273504273,0.1864406779661017,0.5378151260504201,0.055576060341282096,0.3083950751028158,0.2076569264069264,0.5135943132412683
9989,0.4745762711864407,0.4962406015037594,0.24137931034482757,0.24427480916030528,0.3728813559322034,0.39097744360902253,0.160662398382472,0.10906349474445479,0.4756297723542426,0.39717572422227326
9990,0.389261744966443,0.36986301369863017,0.163265306122449,0.13888888888888887,0.2550335570469799,0.2328767123287671,0.06489426168056354,0.028260506248042182,0.27241498887576565,0.2311050888286661
9991,0.36036036036036034,0.3695652173913044,0.09174311926605504,0.0888888888888889,0.18018018018018017,0.1956521739130435,0.0453026743917344,0.05771900053937046,0.3262529501596558,0.3127716098984896
9992,0.5502645502645503,0.4402515723270441,0.23529411764705885,0.2165605095541401,0.4126984126984127,0.36477987421383645,0.13333639994116264,0.10092643610355997,0.33952466095946765,0.2213955750060783
9993,0.4742268041237113,0.24657534246575344,0.2947368421052632,0.028169014084507043,0.35051546391752575,0.1917808219178082,0.2396615824598668,0.007706162008160589,0.48134739159891593,0.10362694300518135
9994,0.562091503267974,0.43478260869565216,0.1986754966887417,0.11764705882352941,0.3137254901960784,0.2608695652173913,0.0935241029885426,0.012825289846600627,0.3711066593391904,0.18764395068418918
9995,0.5,0.5526315789473685,0.26666666666666666,0.3333333333333333,0.27631578947368424,0.23684210526315788,0.08777788044015813,0.17363653530325127,0.5166581636205506,0.4294078306014645
9996,0.36619718309859156,0.3269230769230769,0.1285714285714286,0.11764705882352941,0.29577464788732394,0.25,0.08337211494440805,0.0398808604518433,0.3641188755637555,0.29161174273631024
9997,0.5,0.345679012345679,0.345679012345679,0.11249999999999999,0.3902439024390244,0.18518518518518517,0.2646633746862191,0.05688423711407937,0.5268359267880908,0.29765343637454983
9998,0.5060240963855421,0.622754491017964,0.26829268292682923,0.36363636363636365,0.3373493975903614,0.43113772455089816,0.14544427750764724,0.2367317503995931,0.2675239116967105,0.42151992934519483
9999,0.3928571428571429,0.40601503759398494,0.06024096385542168,0.15267175572519082,0.14285714285714285,0.21052631578947367,0.03979752725131097,0.09736573516241091,0.2501968503937008,0.21954522008253094
10000,0.4487179487179487,0.45454545454545453,0.12987012987012986,0.13157894736842107,0.21794871794871792,0.2207792207792208,0.010846688034591339,0.010687027445371113,0.3274163410905385,0.2658145065398336
10001,0.3148148148148148,0.3801652892561983,0.07547169811320754,0.11764705882352941,0.2037037037037037,0.24793388429752064,0.014481605402011412,0.0610321060499905,0.16536964980544747,0.26162927981109796
10002,0.4635761589403974,0.4347826086956522,0.24161073825503357,0.2058823529411765,0.33112582781456956,0.3188405797101449,0.09039493077381669,0.06405029607417048,0.2599614715386527,0.26786437364061266
10003,0.26086956521739135,0.3835616438356165,0.044444444444444446,0.11267605633802817,0.21739130434782608,0.19178082191780824,0.00984626779733068,0.03234262986694916,0.17759562841530055,0.2772207148755456
10004,0.6351351351351352,0.528,0.3561643835616438,0.19512195121951217,0.36486486486486486,0.33599999999999997,0.19184937622136866,0.09140014216558758,0.5630645700903313,0.3357830278305011
10005,0.375,0.47945205479452047,0.12658227848101264,0.2777777777777778,0.2,0.36986301369863017,0.05765497510149007,0.16841790267678983,0.27081748071979433,0.37230115880599945
10006,0.5901639344262294,0.62,0.4166666666666667,0.36734693877551017,0.3770491803278689,0.42,0.2803023552465375,0.27987547239789384,0.5515897883006838,0.43730275615400804
10007,0.609375,0.4035087719298246,0.5238095238095237,0.125,0.609375,0.21052631578947367,0.32026741723963115,0.030934579348516747,0.7193205944798302,0.3503334783239088
10008,0.38216560509554137,0.2804878048780488,0.1290322580645161,0.06172839506172839,0.25477707006369427,0.1951219512195122,0.018303914520993423,0.016389443447220608,0.200518791096097,0.15398878437047758
10009,0.33599999999999997,0.4545454545454546,0.13008130081300812,0.3023255813953488,0.256,0.4318181818181818,0.03482008843339718,0.1649714990624808,0.23890977443609024,0.33548784241305013
10010,0.1834862385321101,0.17073170731707318,0.037383177570093455,0.0,0.12844036697247707,0.12195121951219512,0.0047584037026681784,0.005320971440969592,0.0674373795761079,0.060606060606060615
10011,0.5211267605633804,0.5736434108527131,0.3,0.2992125984251969,0.4366197183098592,0.3565891472868217,0.18709213092687169,0.16495887803841314,0.375085183600374,0.37366121383279155
10012,0.6019417475728156,0.4367816091954023,0.2376237623762376,0.25882352941176473,0.34951456310679613,0.29885057471264365,0.03294821718612273,0.01694717531770154,0.3100676964313328,0.1953045296878188
10013,0.5132743362831859,0.5742574257425743,0.19819819819819817,0.3232323232323232,0.3185840707964602,0.396039603960396,0.09252921910030763,0.21316575997975531,0.3002858385633505,0.41695201535508636
10014,0.41379310344827586,0.4077669902912622,0.1754385964912281,0.13861386138613863,0.24137931034482757,0.1747572815533981,0.08506846337117514,0.08385186336450336,0.4716717495109533,0.34579300360031257
10015,0.43113772455089816,0.35714285714285715,0.14545454545454548,0.08433734939759037,0.19161676646706585,0.2261904761904762,0.06652351747961317,0.016262481918245433,0.24723995271867613,0.17477836691410395
10016,0.37254901960784315,0.43373493975903615,0.18,0.19753086419753088,0.29411764705882354,0.38554216867469876,0.08707487335130791,0.0937802887067394,0.3417960891606984,0.3244646640435836
10017,0.30508474576271183,0.24299065420560748,0.0689655172413793,0.0380952380952381,0.15254237288135591,0.14953271028037382,0.013742700771305674,0.010941923219661668,0.17883403361344538,0.1732496194824962
10018,0.4716981132075472,0.55,0.2884615384615385,0.41025641025641024,0.32075471698113206,0.475,0.1302073057408704,0.21283646605992754,0.2837986428576808,0.34884210526315795
10019,0.38383838383838387,0.33644859813084116,0.10309278350515463,0.09523809523809525,0.2828282828282829,0.28037383177570097,0.047030826415578895,0.05045398824602465,0.32167539491758246,0.3466576332429991
10020,0.34862385321100914,0.39316239316239315,0.07476635514018691,0.12173913043478261,0.2018348623853211,0.2735042735042735,0.0137677463380416,0.012516005012860818,0.18057245886860493,0.2548140770252324
10021,0.47133757961783435,0.5276073619631902,0.24516129032258063,0.2608695652173913,0.35668789808917195,0.4049079754601227,0.21177225612112752,0.18717674925249775,0.40835541084266364,0.36823320808798815
10022,0.4615384615384616,0.380952380952381,0.17391304347826086,0.17073170731707318,0.23931623931623933,0.2380952380952381,0.07289399511244421,0.06452362772809088,0.3112327656123276,0.20472185013001343
10023,0.7532467532467533,0.6259541984732824,0.5263157894736842,0.4806201550387597,0.5454545454545454,0.5648854961832062,0.39666065535232636,0.2595313398122415,0.5170453987730061,0.38623005877413935
10024,0.4631578947368421,0.3296703296703297,0.19354838709677416,0.06741573033707865,0.35789473684210527,0.1978021978021978,0.04442881018218485,0.022430966018027798,0.4306510630244149,0.16666666666666666
10025,0.4888888888888889,0.6153846153846154,0.18045112781954886,0.3826086956521739,0.2518518518518518,0.5470085470085471,0.08845536998662136,0.1830039618440966,0.3999895768188451,0.5455097087378641
10026,0.5882352941176471,0.5882352941176471,0.27027027027027023,0.27027027027027023,0.35294117647058826,0.35294117647058826,0.19934703410252663,0.19934703410252663,0.42242353636695595,0.42242353636695595
10027,0.38709677419354843,0.47222222222222227,0.13186813186813184,0.19999999999999998,0.3010752688172043,0.3888888888888889,0.025325691876793198,0.12770055217946655,0.3592405287907018,0.32989962289263525
10028,0.6013986013986014,0.6239999999999999,0.3404255319148936,0.37398373983739835,0.5174825174825174,0.5119999999999999,0.15246030181210168,0.17815060105476188,0.39176691876640934,0.3690325276868427
10029,0.30769230769230765,0.19444444444444445,0.026315789473684213,0.0,0.23076923076923078,0.13888888888888887,0.007039372171487214,0.00728875805926182,0.12228260869565218,0.09668508287292818
10030,0.43781094527363185,0.3356643356643357,0.1708542713567839,0.11347517730496454,0.23880597014925373,0.13986013986013984,0.05708946074236643,0.02141669996544824,0.29530536297453597,0.17718047280047036
10031,0.25806451612903225,0.31999999999999995,0.0819672131147541,0.11382113821138212,0.22580645161290322,0.25599999999999995,0.009803496283564337,0.020990269137379156,0.16493925664568376,0.28034216760357994
10032,0.37179487179487175,0.43859649122807015,0.14285714285714288,0.19642857142857145,0.2051282051282051,0.29824561403508776,0.04683016202922008,0.14251611414172757,0.22785671641791044,0.2539778475607352
10033,0.36697247706422015,0.3488372093023256,0.14953271028037382,0.1904761904761905,0.20183486238532108,0.3488372093023256,0.023383669015025615,0.16105265992626086,0.22946977834195884,0.39544608857435964
10034,0.6170212765957447,0.6021505376344085,0.45652173913043476,0.4835164835164835,0.5531914893617021,0.5591397849462364,0.29625084466813106,0.29956527507267294,0.5592091306377021,0.527356054897407
10035,0.29059829059829057,0.3789473684210526,0.05217391304347826,0.12903225806451613,0.15384615384615385,0.16842105263157894,0.020959191724779197,0.037036679205505636,0.23930849913494812,0.22729124236252546
10036,0.5280898876404494,0.4768211920529801,0.2613636363636363,0.1342281879194631,0.3707865168539325,0.23841059602649006,0.20472356889855653,0.03455701708706641,0.4818425039486832,0.25728744939271253
10037,0.31683168316831684,0.36893203883495146,0.020202020202020204,0.039603960396039604,0.15841584158415842,0.1941747572815534,0.009730028556595988,0.01264291511067447,0.23001148050321535,0.2836114153192038
10038,0.5785123966942148,0.6274509803921567,0.3025210084033613,0.34,0.4462809917355372,0.4901960784313725,0.09200756237763624,0.21494035723459867,0.4824241210839741,0.514624881291548
10039,0.24806201550387594,0.2201834862385321,0.07874015748031496,0.056074766355140186,0.13953488372093023,0.12844036697247707,0.016247491795185448,0.008237593849286897,0.22401315789473683,0.12087912087912088
10040,0.30232558139534876,0.3902439024390244,0.04761904761904762,0.1,0.20930232558139536,0.2682926829268293,0.011138202232887138,0.0301466508323871,0.16348773841961856,0.29232486263736257
10041,0.5494505494505494,0.5578231292517006,0.2777777777777778,0.3310344827586207,0.26373626373626374,0.35374149659863946,0.13031426362951187,0.15538736967816663,0.3975213774371643,0.32772183489400075
10042,0.5205479452054794,0.5689655172413792,0.3055555555555555,0.3333333333333333,0.3561643835616438,0.3620689655172414,0.13677147315042823,0.1937244214431722,0.44591087627419806,0.40122904675218085
10043,0.5534591194968554,0.4615384615384615,0.2802547770700637,0.20869565217391303,0.2767295597484277,0.32478632478632474,0.13619151037835342,0.07040395013998506,0.390387323943662,0.2472606771334458
10044,0.4554455445544554,0.36363636363636365,0.18181818181818185,0.11627906976744186,0.25742574257425743,0.20454545454545459,0.0941255751601507,0.0265755315081575,0.3074380165289256,0.23594080338266382
10045,0.5217391304347826,0.4736842105263158,0.26415094339622636,0.21428571428571427,0.3726708074534162,0.24561403508771928,0.1928047545262317,0.13679509986709168,0.4660365826618928,0.3420976377952756
10046,0.8737864077669902,0.989010989010989,0.8118811881188119,0.9662921348314608,0.8155339805825242,0.989010989010989,0.5415552900605387,0.7097758245412528,0.8052869570193331,0.839794197010433
10047,0.4166666666666667,0.271604938271605,0.10638297872340426,0.02531645569620253,0.3125,0.1728395061728395,0.06688435544645727,0.005197140280228953,0.2405382812371945,0.09127789046653143
10048,0.43093922651933697,0.42500000000000004,0.1675977653631285,0.16455696202531647,0.26519337016574585,0.21250000000000002,0.08002302938744468,0.09089778210416329,0.27093533251733987,0.25272086281446543
10049,0.43421052631578944,0.4370860927152318,0.22666666666666663,0.2416107382550336,0.368421052631579,0.35761589403973504,0.1621239113234613,0.1426296799556779,0.39652411507149976,0.46593085711989507
10050,0.4689655172413793,0.45312499999999994,0.2517482517482518,0.1904761904761905,0.303448275862069,0.29687499999999994,0.14294689856236323,0.038583467675503566,0.2742095797736368,0.2580125397798604
10051,0.372093023255814,0.3769633507853403,0.10328638497652581,0.10582010582010581,0.22325581395348837,0.14659685863874347,0.017049180055850682,0.008506564316420858,0.17105263157894735,0.1605993255041881
10052,0.39263803680981596,0.4774193548387097,0.09937888198757763,0.2875816993464052,0.19631901840490798,0.3096774193548388,0.02165443026227167,0.18557728352187947,0.3088715529753266,0.4557019750113054
10053,0.47058823529411764,0.5196850393700788,0.23841059602649006,0.27199999999999996,0.3006535947712418,0.3307086614173228,0.13301992448869523,0.225915496260998,0.3016713002064565,0.3664783841940532
10054,0.4228571428571429,0.7571428571428571,0.24277456647398843,0.6376811594202898,0.34285714285714286,0.7428571428571429,0.1968249001468709,0.45748687455061054,0.40369588998280975,0.63107580941255
10055,0.45652173913043476,0.3711340206185567,0.16483516483516483,0.10416666666666667,0.2717391304347826,0.23711340206185563,0.06542616283820549,0.02489852774020657,0.2913819286256644,0.2429809676679661
10056,0.359375,0.3896103896103896,0.15873015873015872,0.24000000000000002,0.26562500000000006,0.36363636363636365,0.05108232175423834,0.043701366483088325,0.3314031180400891,0.23956611570247938
10057,0.21818181818181817,0.3414634146341463,0.07407407407407408,0.09917355371900825,0.14545454545454545,0.19512195121951217,0.01084128319430377,0.011706879304331194,0.16351648351648354,0.29612713675213675
10058,0.4774193548387096,0.5066666666666667,0.20915032679738563,0.2162162162162162,0.2709677419354839,0.29333333333333333,0.12634480076415003,0.13471417320213916,0.35984635233403695,0.3848142341569741
10059,0.380952380952381,0.3448275862068966,0.15533980582524273,0.09411764705882353,0.3047619047619048,0.2988505747126437,0.016454280515305727,0.014723006602365564,0.27461593799313094,0.19684392563769992
10060,0.4316546762589928,0.4065040650406504,0.17518248175182483,0.1652892561983471,0.33093525179856115,0.3252032520325203,0.10822126396543079,0.031977964222591276,0.3822697693434636,0.26435896107931744
10061,0.48148148148148145,0.22784810126582278,0.18867924528301885,0.0,0.3518518518518519,0.1772151898734177,0.09385532954879096,0.005102841948949591,0.32324128597420526,0.08350730688935282
10062,0.48333333333333334,0.3653846153846154,0.11864406779661017,0.09803921568627451,0.3,0.28846153846153844,0.02102478817644214,0.012436923988150203,0.259918200408998,0.213455227379278
10063,0.45283018867924524,0.42592592592592593,0.09615384615384615,0.16981132075471697,0.2641509433962264,0.35185185185185186,0.016427654053380286,0.016194578634845917,0.27503930865275406,0.2709348660138948
10064,0.48717948717948717,0.5045871559633027,0.2758620689655172,0.3055555555555556,0.2905982905982906,0.28440366972477066,0.1567621461498436,0.14138411813640608,0.25320448861217537,0.28570167631460874
10065,0.3680981595092025,0.4793388429752066,0.06211180124223602,0.16806722689075632,0.18404907975460125,0.38016528925619836,0.009253457220933386,0.01548643036015203,0.23884518245420494,0.30428545813161195
10066,0.3538461538461539,0.4464285714285714,0.171875,0.2727272727272727,0.3076923076923077,0.3392857142857143,0.08162925842644794,0.2003006503040097,0.2592388306674021,0.36926046750794506
10067,0.4693877551020407,0.45544554455445546,0.18749999999999997,0.1414141414141414,0.22448979591836735,0.21782178217821782,0.06810310693071296,0.05296449057908351,0.40979628999659823,0.3849447376281987
10068,0.41818181818181815,0.5111111111111112,0.20370370370370372,0.25,0.2181818181818182,0.42222222222222217,0.06386344460649244,0.11949008688108811,0.36523919753086426,0.4319367486471599
10069,0.5166666666666667,0.6521739130434783,0.28813559322033894,0.4000000000000001,0.43333333333333335,0.5434782608695652,0.1616227881459063,0.23937683193745052,0.42325191570881227,0.5053917469149602
10070,0.5454545454545454,0.5952380952380952,0.24742268041237112,0.24390243902439024,0.36363636363636365,0.23809523809523814,0.12901292604513517,0.03577910974675396,0.35472033804069836,0.36247373949579836
10071,0.5106382978723403,0.6530612244897959,0.33093525179856115,0.4583333333333333,0.4680851063829787,0.6122448979591836,0.17147783227530136,0.31595278509071667,0.46936632956725105,0.5486264308012487
10072,0.37894736842105264,0.4722222222222222,0.17204301075268816,0.20000000000000004,0.1473684210526316,0.19444444444444445,0.014251117838838673,0.018675436145017776,0.3127546862265689,0.27495155038759694
10073,0.49350649350649345,0.7014925373134329,0.3026315789473684,0.5606060606060606,0.4025974025974026,0.6417910447761194,0.21159057978883247,0.40401745136896094,0.420673076923077,0.5077262693156733
10074,0.3225806451612903,0.3235294117647059,0.0915032679738562,0.059701492537313425,0.1806451612903226,0.19117647058823528,0.05584652031241,0.011314244089969535,0.2085899249115019,0.20717250663774725
10075,0.6618705035971223,0.7142857142857143,0.48175182481751827,0.5797101449275363,0.5899280575539567,0.6428571428571428,0.3823649796956249,0.47230078905062545,0.5905547521239135,0.6368946634343503
10076,0.35211267605633806,0.2905982905982906,0.1,0.06956521739130433,0.18309859154929575,0.20512820512820512,0.009945559098115465,0.010786965203981676,0.2258387196060326,0.1630176342381613
10077,0.4827586206896552,0.4615384615384615,0.16470588235294115,0.2368421052631579,0.367816091954023,0.3333333333333333,0.03715669574877224,0.05277697179522513,0.24912722441917942,0.2743103011895723
10078,0.3418803418803419,0.288659793814433,0.1391304347826087,0.12631578947368421,0.25641025641025644,0.22680412371134018,0.03372610766150046,0.02540792235512927,0.26333611699527454,0.23212822413860382
10079,0.43333333333333335,0.39252336448598135,0.1864406779661017,0.1904761904761905,0.3666666666666667,0.3364485981308411,0.034599842620973854,0.04019132205490727,0.3879605904218846,0.3583368012206963
10080,0.2878787878787879,0.42553191489361697,0.12307692307692308,0.17391304347826086,0.22727272727272724,0.2978723404255319,0.025835404187910974,0.08807590307622687,0.22684755394266745,0.3085986921329817
10081,0.36241610738255037,0.4482758620689655,0.0816326530612245,0.15789473684210525,0.174496644295302,0.25862068965517243,0.037746788252858196,0.059837883479496055,0.2911943462897527,0.34183114903563516
10082,0.28813559322033894,0.2909090909090909,0.06896551724137931,0.05555555555555555,0.15254237288135591,0.14545454545454545,0.008720695571682532,0.01157101918868361,0.19478681418219462,0.2344726818062865
10083,0.27027027027027023,0.375,0.09174311926605505,0.09090909090909091,0.19819819819819823,0.21428571428571427,0.02145946960576447,0.02607214208373416,0.21983273596176822,0.30940571845665094
10084,0.3825136612021858,0.4191616766467066,0.12154696132596685,0.12121212121212122,0.22950819672131148,0.2754491017964072,0.028439360277624712,0.032042423542455525,0.17259414225941425,0.24632006247421467
10085,0.19999999999999998,0.17777777777777776,0.020408163265306124,0.022727272727272728,0.13999999999999999,0.1111111111111111,0.0047858819807434635,0.005107786384598448,0.12162162162162163,0.17555248618784527
10086,0.5511811023622047,0.38749999999999996,0.32000000000000006,0.13924050632911394,0.4724409448818898,0.26249999999999996,0.19730916316336428,0.07538534513657973,0.47006865188683367,0.3166943521594684
10087,0.5714285714285714,0.5984251968503937,0.2658959537572254,0.384,0.3085714285714286,0.37795275590551175,0.12865348807771745,0.19926974705843178,0.4158950192835445,0.4136393364647125
10088,0.5238095238095238,0.3595505617977528,0.21951219512195125,0.20689655172413793,0.35714285714285715,0.33707865168539325,0.1358041893281755,0.11749577060207901,0.4714139344262295,0.4143264358108108
10089,0.3636363636363636,0.5254237288135594,0.11347517730496454,0.2931034482758621,0.22377622377622378,0.30508474576271183,0.04771322235373497,0.190389233078589,0.23213986599664993,0.3443504369430295
10090,0.44155844155844154,0.5540540540540541,0.2105263157894737,0.2876712328767123,0.2597402597402597,0.2162162162162162,0.08599266635280799,0.19837859437566113,0.31375348944358616,0.43293836226079213
10091,0.40707964601769914,0.37037037037037035,0.1801801801801802,0.18867924528301885,0.24778761061946902,0.2222222222222222,0.08903927232500965,0.11836959629563214,0.26537822416987733,0.25672911764413864
10092,0.5733333333333333,0.5362318840579711,0.32432432432432434,0.1911764705882353,0.36000000000000004,0.3188405797101449,0.18326148387589816,0.07747007214426521,0.5550283030230037,0.43891216906581826
10093,0.38983050847457634,0.43103448275862066,0.10344827586206898,0.15789473684210525,0.22033898305084745,0.3103448275862069,0.013067980026657253,0.1055397933665441,0.27503266161111156,0.3564336447225944
10094,0.47058823529411764,0.5694444444444443,0.2913907284768212,0.3380281690140845,0.33986928104575165,0.34722222222222215,0.21424142931269083,0.25474002474696206,0.34619285716044185,0.4231283146092754
10095,0.5853658536585366,0.35051546391752575,0.23140495867768596,0.042105263157894736,0.3577235772357723,0.20618556701030927,0.13529853017293983,0.010473730489024103,0.3771023757748564,0.19896102803541763
10096,0.5362318840579711,0.42028985507246375,0.3382352941176471,0.16176470588235295,0.4347826086956521,0.2753623188405797,0.18867442867633558,0.09588358627791481,0.4796854334482199,0.31888900613180443
10097,0.9166666666666666,0.8333333333333333,0.7796610169491527,0.7358490566037735,0.8333333333333333,0.8333333333333333,0.5220147632227031,0.4422547483941612,0.786496011871638,0.6285216926814972
10098,0.5090909090909091,0.3548387096774194,0.16666666666666663,0.0819672131147541,0.27272727272727276,0.20967741935483872,0.13054203165337677,0.06121274926467397,0.3789215138997432,0.2730275229357798
10099,0.3076923076923077,0.3378378378378378,0.08510638297872342,0.0821917808219178,0.2097902097902098,0.27027027027027023,0.008161514214071987,0.008001479708617462,0.23342457420924578,0.2339191281786578
10100,0.297029702970297,0.3023255813953488,0.08080808080808081,0.09523809523809523,0.19801980198019803,0.20930232558139536,0.024064234440454427,0.015749252146908223,0.19941587086140866,0.16957453321089688
10101,0.5849056603773585,0.5346534653465347,0.34615384615384615,0.22222222222222224,0.5471698113207546,0.4158415841584158,0.20791492596963548,0.16767836295594338,0.5166023166023167,0.40792934011557497
10102,0.41071428571428575,0.44545454545454544,0.11711711711711711,0.11009174311926605,0.14285714285714285,0.23636363636363636,0.06888325899601666,0.01548035809374935,0.25301061074953207,0.1906879024489175
10103,0.4262295081967214,0.41904761904761906,0.19999999999999998,0.19417475728155342,0.3114754098360656,0.3619047619047619,0.1381566131483467,0.10298570106657436,0.2890785185185185,0.23099461980819913
10104,0.423841059602649,0.5487804878048781,0.2550335570469799,0.34567901234567894,0.35761589403973504,0.4634146341463415,0.15522002299977608,0.1977791923821364,0.3872804701538181,0.5468548324983855
10105,0.36000000000000004,0.375,0.1891891891891892,0.17460317460317462,0.22666666666666668,0.25,0.09195555971415419,0.0651869796429378,0.27571508758799734,0.24109355551319286
10106,0.3401360544217687,0.32116788321167883,0.15172413793103448,0.1037037037037037,0.24489795918367346,0.21897810218978103,0.05465898596350302,0.06842128195681597,0.2823121645796064,0.23299939283545842
10107,0.6329113924050632,0.6808510638297872,0.4615384615384615,0.5035971223021583,0.5696202531645571,0.6241134751773049,0.367758255138956,0.4190173215450531,0.5667449725929259,0.543103448275862
10108,0.380952380952381,0.23404255319148937,0.23300970873786409,0.043478260869565216,0.3428571428571428,0.1276595744680851,0.17716532046439054,0.005952149536606115,0.34078963451900746,0.12838383838383838
10109,0.6666666666666667,0.5714285714285713,0.5121951219512195,0.3934426229508197,0.40476190476190477,0.4444444444444445,0.2492671673374173,0.20166504258038137,0.6346153846153847,0.3676470588235294
10110,0.3181818181818182,0.24742268041237114,0.1076923076923077,0.021052631578947368,0.2121212121212121,0.12371134020618557,0.07559166048250947,0.01140736824715827,0.27535228230759967,0.13283885096791725
10111,0.5172413793103449,0.4233576642335766,0.2441860465116279,0.16296296296296298,0.3103448275862069,0.29197080291970806,0.1316277613117433,0.07029818375659701,0.3258979491186176,0.2553890909090909
10112,0.6459627329192547,0.7999999999999999,0.46540880503144655,0.6433566433566433,0.36024844720496896,0.5655172413793104,0.3336390150489191,0.4258564055202201,0.5207683571969354,0.6318321332912837
10113,0.2758620689655173,0.5250000000000001,0.03508771929824561,0.35897435897435903,0.10344827586206896,0.325,0.007549055897021559,0.21423134485841253,0.20526670325832044,0.44996614005955643
10114,0.39603960396039606,0.36000000000000004,0.0808080808080808,0.061224489795918366,0.1782178217821782,0.18000000000000002,0.01444827556737232,0.01287343936257182,0.3100391498881432,0.2618612633560317
10115,0.48739495798319327,0.4666666666666667,0.188034188034188,0.1864406779661017,0.2857142857142857,0.36666666666666664,0.03346528739219143,0.11711630816296309,0.39329125320052266,0.3964605216187272
10116,0.3795620437956205,0.1935483870967742,0.1323529411764706,0.08130081300813007,0.1970802919708029,0.14516129032258066,0.026423944668418565,0.0007889636786759794,0.1673638046173828,0.08470417079305538
10117,0.3783783783783784,0.5289256198347108,0.1506849315068493,0.25210084033613445,0.24324324324324323,0.3801652892561984,0.08308134362967103,0.10191517112837326,0.23462917501769034,0.2560352356170243
10118,0.4794520547945205,0.49696969696969695,0.2777777777777778,0.147239263803681,0.3972602739726027,0.2424242424242424,0.1606539405884809,0.08534051076347343,0.3234880450070323,0.2664720933951703
10119,0.40540540540540543,0.47368421052631576,0.1506849315068493,0.17857142857142858,0.2162162162162162,0.31578947368421056,0.11277111539508135,0.062406144421128885,0.2711205465426467,0.26878612716763
10120,0.5034965034965037,0.33962264150943394,0.2127659574468085,0.09615384615384616,0.2937062937062937,0.18867924528301888,0.07730635062543141,0.009056665076239182,0.3782159946480406,0.17142857142857143
10121,0.3853211009174312,0.5217391304347827,0.06481481481481483,0.32967032967032966,0.17431192660550457,0.4239130434782609,0.006278358412606957,0.13593451281371105,0.187528643924407,0.3322353833551496
10122,0.35000000000000003,0.45045045045045046,0.06779661016949153,0.23853211009174313,0.25,0.2342342342342342,0.025400289715190975,0.15626781844518584,0.24956685030138923,0.3430799799324039
10123,0.4666666666666666,0.48,0.17567567567567566,0.16260162601626016,0.22666666666666666,0.256,0.06758187226934863,0.030296298752416233,0.3531065598364208,0.24290319541281935
10124,0.14893617021276595,0.22000000000000003,0.043478260869565216,0.04081632653061224,0.10638297872340426,0.12,0.01759361316740709,0.008363395025193864,0.13396420020522176,0.20270528083028083
10125,0.3370786516853933,0.2564102564102564,0.06896551724137931,0.0,0.29213483146067415,0.20512820512820512,0.021824907535865135,0.0052608684749981885,0.24158010701920055,0.08746355685131195
10126,0.380952380952381,0.3875968992248062,0.15172413793103448,0.14173228346456693,0.1904761904761905,0.2170542635658915,0.025770436263067936,0.02821565522924058,0.4495271867612293,0.37950901803607207
10127,0.32478632478632474,0.30434782608695654,0.052173913043478265,0.11111111111111112,0.20512820512820512,0.21739130434782608,0.020422526927727204,0.02966700254792118,0.2358857032635544,0.14966475095785436
10128,0.47540983606557374,0.45098039215686275,0.21666666666666667,0.24,0.3278688524590164,0.35294117647058826,0.16645362695708094,0.1283015343732229,0.3068933962979821,0.2538631346578366
10129,0.4158415841584158,0.3870967741935484,0.1818181818181818,0.180327868852459,0.2772277227722772,0.27419354838709675,0.03316270006402463,0.030486884839894913,0.3075104370793218,0.32513805575815313
10130,0.7250000000000001,0.5454545454545454,0.6075949367088608,0.36879432624113473,0.5625,0.2937062937062937,0.487646365710562,0.21866613966736304,0.6215426670812044,0.38157517997382195
10131,0.17647058823529413,0.43478260869565216,0.030303030303030304,0.26865671641791045,0.14705882352941174,0.3478260869565218,0.011326402345230238,0.11554950307708244,0.12281128404669259,0.36998627907718823
10132,0.32061068702290074,0.16363636363636366,0.031007751937984496,0.05555555555555555,0.16793893129770993,0.1272727272727273,0.009517696167195487,0.02119140464939311,0.23119583750812991,0.10121457489878541
10133,0.5254237288135594,0.49019607843137264,0.3275862068965517,0.38,0.38983050847457634,0.4313725490196078,0.14460795831570714,0.19059716717009412,0.5415134803921569,0.5310517881646244
10134,0.4117647058823529,0.2732919254658385,0.11904761904761904,0.03773584905660378,0.2235294117647059,0.14906832298136646,0.011736917542478555,0.006425614250527755,0.19265464382977804,0.1254437982693954
10135,0.3221476510067114,0.3116883116883116,0.10884353741496598,0.052631578947368425,0.18791946308724833,0.18181818181818182,0.052837888192246926,0.04048782446345739,0.2064240330278453,0.17018124415719693
10136,0.540880503144654,0.5802469135802469,0.3057324840764331,0.3375,0.38993710691823896,0.4074074074074074,0.2025372931682751,0.2468071329859168,0.4239316239316239,0.5598267763284264
10137,0.8070175438596492,0.8214285714285715,0.75,0.7636363636363636,0.8070175438596492,0.8214285714285715,0.4752364151091046,0.49069628779660035,0.7882108094262296,0.7914544753086419
10138,0.6972477064220183,1.0,0.691588785046729,1.0,0.6972477064220183,1.0,0.48070700537018074,0.8561829833040627,0.836087783519954,0.9044450648303245
10139,0.6024096385542169,0.6301369863013698,0.39506172839506176,0.4225352112676056,0.5542168674698795,0.5753424657534246,0.27142760758873147,0.30788614476489107,0.6419557005494505,0.6031200668585756
10140,0.5103448275862069,0.6106870229007634,0.26573426573426573,0.37209302325581395,0.4,0.5496183206106869,0.11328559066900817,0.17505970172107727,0.36436983395508743,0.4723926144771404
10141,0.4666666666666667,0.46706586826347307,0.22115384615384615,0.19393939393939394,0.2571428571428572,0.2994011976047904,0.10673849400810427,0.016451117939341016,0.2828507519421445,0.21202506385696043
10142,0.42857142857142855,0.5111111111111111,0.2363636363636364,0.2272727272727273,0.35714285714285715,0.4,0.10926574628668118,0.0862484969373212,0.3972907694098476,0.44170096021947874
10143,0.5490196078431372,0.5694444444444445,0.2649006622516556,0.29577464788732394,0.33986928104575165,0.375,0.14209304817575072,0.15932929628099413,0.3810499359795134,0.43765608628880626
10144,0.4380952380952381,0.6904761904761904,0.23300970873786406,0.5365853658536585,0.30476190476190473,0.5476190476190476,0.07561036456216139,0.31283131787814283,0.3461561284087923,0.5039323037414845
10145,0.5641025641025641,0.5742574257425742,0.3826086956521739,0.4242424242424242,0.47863247863247865,0.514851485148515,0.21326063275252613,0.2240005962206928,0.4597613460587375,0.56747552149851
10146,0.2745098039215686,0.26666666666666666,0.08,0.0909090909090909,0.1568627450980392,0.17777777777777778,0.01045749469619056,0.011824181297086808,0.23671874999999998,0.21353092783505156
10147,0.5454545454545454,0.45217391304347826,0.25925925925925924,0.17699115044247787,0.2727272727272727,0.20869565217391306,0.14275211108004532,0.09450283953495517,0.3572378672139247,0.28484434182716123
10148,0.4487179487179487,0.4605263157894736,0.2857142857142857,0.1733333333333333,0.38461538461538464,0.2763157894736842,0.14802721629620022,0.08185759424657356,0.316805242651095,0.29566493238221186
10149,0.28985507246376807,0.42857142857142855,0.08823529411764706,0.17647058823529413,0.2463768115942029,0.37142857142857144,0.04629216233608741,0.1420054992092969,0.3740406320541761,0.3220240350782222
10150,0.42962962962962964,0.42748091603053434,0.3308270676691729,0.29457364341085274,0.4,0.38167938931297707,0.2633533332081647,0.2174686973111,0.341980417711638,0.3536647975677649
10151,0.37037037037037035,0.347107438016529,0.15037593984962405,0.1680672268907563,0.23703703703703702,0.21487603305785125,0.025072475362680913,0.0627543365937056,0.26435896107931744,0.22337434094903338
10152,0.7377049180327869,0.672566371681416,0.6166666666666667,0.5045045045045046,0.7377049180327869,0.654867256637168,0.3673913188954718,0.30378745085849185,0.8170692693337335,0.6776991508579678
10153,0.38251366120218583,0.3756906077348067,0.13259668508287295,0.1452513966480447,0.2076502732240437,0.2099447513812155,0.049910502339314385,0.07290801340027603,0.21624067811307665,0.22781726258500265
10154,0.42735042735042733,0.34782608695652173,0.22608695652173913,0.1111111111111111,0.35897435897435903,0.2391304347826087,0.04073819762127622,0.02424488863259863,0.31771138986697967,0.21563507136279925
10155,0.340080971659919,0.3045267489711934,0.08979591836734695,0.041493775933609964,0.145748987854251,0.13168724279835392,0.04490391522383187,0.01092042866445282,0.21136363636363634,0.14320248463114757
10156,0.27777777777777773,0.336283185840708,0.056603773584905655,0.036036036036036036,0.14814814814814817,0.19469026548672566,0.011019978611354831,0.005881058251801685,0.12195121951219512,0.15828677839851024
10157,0.6902654867256637,0.5686274509803922,0.45045045045045046,0.32,0.40707964601769914,0.33333333333333337,0.2931653566772689,0.16910250962820647,0.5832234854726205,0.3957971602434077
10158,0.4430379746835443,0.4429530201342282,0.11538461538461539,0.12244897959183673,0.17721518987341772,0.20134228187919462,0.010350174877464422,0.011931545258454888,0.3595141204907751,0.289741641337386
10159,0.46846846846846846,0.42990654205607476,0.22018348623853212,0.20952380952380953,0.36036036036036034,0.35514018691588783,0.15821285888349262,0.08358723247449262,0.26733595008051525,0.25243624772313294
10160,0.5035971223021583,0.5172413793103449,0.2481751824817518,0.2631578947368421,0.34532374100719426,0.3793103448275862,0.1349167236344343,0.20154124126662804,0.3712961883291873,0.3709143370701481
10161,0.528,0.4869565217391305,0.21138211382113822,0.1415929203539823,0.38399999999999995,0.3304347826086957,0.07275893756224129,0.021020238961896587,0.26017580753560926,0.2344466571834993
10162,0.28205128205128205,0.4554455445544555,0.12987012987012989,0.2222222222222222,0.23076923076923078,0.31683168316831684,0.048599474656251966,0.08718940755610802,0.2646921641791044,0.3230653643876784
10163,0.45238095238095233,0.6415094339622641,0.3414634146341463,0.4313725490196078,0.40476190476190477,0.5660377358490567,0.16600772238093162,0.17846877279661646,0.3967755991285403,0.4840712172442942
10164,0.5058823529411766,0.5565217391304348,0.2619047619047619,0.336283185840708,0.34117647058823525,0.36521739130434777,0.13361627839270965,0.05222592110781557,0.382773320902536,0.2583560709413369
10165,0.4065040650406504,0.5087719298245613,0.11570247933884298,0.2321428571428571,0.21138211382113822,0.3157894736842105,0.013255756753291043,0.10204197998608802,0.2107721769508746,0.32632923950170784
10166,0.45614035087719296,0.3689320388349514,0.23214285714285712,0.17821782178217824,0.3333333333333333,0.2912621359223301,0.1032629854858001,0.09400297180094669,0.33134174554537205,0.19151121096586782
10167,0.40476190476190477,0.3384615384615385,0.2682926829268293,0.19047619047619047,0.30952380952380953,0.2769230769230769,0.19231101230588785,0.16991748447446142,0.33756684491978606,0.2726760563380281
10168,0.4576271186440678,0.49523809523809526,0.13793103448275862,0.17475728155339804,0.2711864406779661,0.3047619047619048,0.06616259609591664,0.12200297036019332,0.29955020843999125,0.3319409168754722
10169,0.5899280575539568,0.6880000000000001,0.35036496350364965,0.5040650406504065,0.460431654676259,0.624,0.2037183759364456,0.3041146168082369,0.56486064560023,0.6445467298742015
10170,0.40350877192982454,0.4691358024691358,0.14285714285714285,0.22784810126582278,0.3157894736842105,0.2962962962962963,0.024636151845453168,0.19135078588741236,0.2988087400469548,0.3213522931654676
10171,0.4742268041237113,0.3846153846153846,0.1473684210526316,0.10526315789473684,0.32989690721649484,0.25641025641025644,0.014911204211449335,0.016936921942561224,0.2723799918486333,0.14360313315926893
10172,0.42424242424242425,0.30952380952380953,0.14432989690721648,0.14634146341463414,0.2424242424242424,0.23809523809523808,0.03449871555009671,0.04190475084858816,0.3130541871921182,0.2719126111983255
10173,0.709090909090909,0.6113989637305699,0.5504587155963302,0.4607329842931937,0.5636363636363637,0.5595854922279793,0.4286046041004053,0.27873431357016354,0.47488800398208053,0.41197238498910554
10174,0.38571428571428573,0.4044943820224719,0.14492753623188406,0.1839080459770115,0.18571428571428572,0.22471910112359553,0.017998860247644438,0.0650820687211512,0.24950423592741816,0.28095322886989554
10175,0.2714285714285714,0.27631578947368424,0.057971014492753624,0.07999999999999999,0.14285714285714288,0.11842105263157895,0.05121220403497844,0.02409777199282485,0.18551795281355032,0.15134105960264904
10176,0.41558441558441556,0.34848484848484845,0.22368421052631576,0.2,0.24675324675324675,0.25757575757575757,0.06159814199467934,0.025588897186169312,0.3782894736842105,0.2721158302785151
10177,0.5,0.4761904761904762,0.3283582089552239,0.3300970873786408,0.42647058823529416,0.4571428571428572,0.2110635856616705,0.11208594062065343,0.38400795882808825,0.3195164339288981
10178,0.5170731707317073,0.43216080402010054,0.19704433497536947,0.18274111675126903,0.351219512195122,0.2814070351758794,0.0943166642182997,0.07965063017424,0.3346251420211358,0.2051736823761763
10179,0.46399999999999997,0.4727272727272727,0.24390243902439024,0.1851851851851852,0.35200000000000004,0.3272727272727272,0.1374200246542046,0.13932671623603698,0.4403200799989916,0.3449453551912568
10180,0.3597883597883599,0.34782608695652173,0.11764705882352942,0.1257861635220126,0.1904761904761905,0.1987577639751553,0.013535598088008487,0.0631446950570998,0.1996059391814463,0.2042989719849601
10181,0.31764705882352945,0.31578947368421045,0.10714285714285714,0.09467455621301776,0.12941176470588237,0.11695906432748537,0.03985727951797819,0.009479712077486381,0.26024641458314923,0.21534769907061507
10182,0.44285714285714284,0.4893617021276596,0.2173913043478261,0.19565217391304346,0.27142857142857146,0.3617021276595745,0.1504972182744339,0.1212157985487673,0.3263093999306278,0.30660483291412144
10183,0.32203389830508483,0.37499999999999994,0.12068965517241378,0.10638297872340424,0.22033898305084745,0.20833333333333334,0.031521802020019044,0.03822240116566976,0.26014002453735335,0.2485723753670209
10184,0.5045871559633027,0.4663677130044843,0.2685185185185185,0.13574660633484162,0.35779816513761464,0.17040358744394618,0.16894346963345003,0.07308123995624055,0.3566492456719249,0.2856876977479993
10185,0.5333333333333333,0.5321100917431193,0.20338983050847456,0.20560747663551404,0.38333333333333336,0.3853211009174312,0.08298954647730265,0.08045055071788339,0.2977362459714608,0.2663260035419126
10186,0.5365853658536586,0.3291139240506329,0.3801652892561983,0.15584415584415587,0.48780487804878053,0.25316455696202533,0.2393265605916591,0.059115534782170215,0.5417868291957781,0.23828230499152936
10187,0.37583892617449666,0.3880597014925373,0.0816326530612245,0.10606060606060606,0.24161073825503354,0.28358208955223885,0.0590745548926988,0.023781837941692176,0.24604470028120387,0.2295487465181059
10188,0.5625,0.6181818181818182,0.365079365079365,0.40740740740740744,0.35937499999999994,0.3818181818181819,0.26729733667295147,0.3192754320965277,0.3949067242833052,0.427549653109034
10189,0.27777777777777773,0.43999999999999995,0.05660377358490565,0.14285714285714285,0.16666666666666669,0.21999999999999997,0.010134332918397132,0.03083036204774037,0.11235955056179774,0.23338276487065415
10190,0.432,0.27499999999999997,0.13008130081300812,0.10256410256410256,0.208,0.17500000000000002,0.02074251223999022,0.010816956374048146,0.2272324802937048,0.08316008316008316
10191,0.34567901234567905,0.39316239316239315,0.16249999999999998,0.20869565217391303,0.23456790123456792,0.25641025641025644,0.11863221668151566,0.09864383452503946,0.26711070490816113,0.22485129604365622
10192,0.7339449541284404,0.6260869565217391,0.5046728971962617,0.4070796460176991,0.6422018348623852,0.5217391304347826,0.34634652617872225,0.26956619566523726,0.6369749390714281,0.5655696965132917
10193,0.3246753246753247,0.47154471544715443,0.09210526315789473,0.1322314049586777,0.20779220779220778,0.32520325203252026,0.017710185848751885,0.014844834754721155,0.27288888888888896,0.36035228727083063
10194,0.5783132530120482,0.48192771084337355,0.271604938271605,0.19753086419753085,0.5060240963855422,0.38554216867469876,0.19537262697014232,0.09412491551164456,0.4304127666104036,0.3316322094903583
10195,0.6551724137931034,0.5694444444444444,0.38372093023255816,0.30985915492957744,0.3448275862068966,0.34722222222222227,0.23793651476252495,0.1817880456919106,0.460268247233832,0.3456817509612541
10196,0.4666666666666666,0.5116279069767442,0.24324324324324326,0.3307086614173228,0.34666666666666673,0.2790697674418604,0.16265115051408435,0.20631300359551685,0.34036299327906716,0.4606973915393972
10197,0.4299065420560748,0.48387096774193544,0.26666666666666666,0.26229508196721313,0.24299065420560748,0.27419354838709675,0.07594234002333863,0.07691371231967592,0.22440650468332132,0.35053717683047164
10198,0.6153846153846153,0.7037037037037037,0.5625,0.6792452830188679,0.6,0.7037037037037037,0.4517254017730221,0.3592660017999127,0.47595194469722635,0.4992505995203837
10199,0.3909774436090225,0.3893805309734513,0.10687022900763359,0.10810810810810811,0.24060150375939854,0.2831858407079646,0.023651192013291557,0.028919892142542748,0.259348760007811,0.21729881995299644
10200,0.4305555555555555,0.40559440559440557,0.15492957746478872,0.11347517730496452,0.2361111111111111,0.2517482517482518,0.05731150055023968,0.049170665107362836,0.31640485141424984,0.2950934328037014
10201,0.4631578947368421,0.4657534246575342,0.3010752688172043,0.22535211267605634,0.3789473684210526,0.3013698630136986,0.21996186965578798,0.09276766346851104,0.378626102390593,0.2748587881455399
10202,0.6198830409356725,0.5909090909090909,0.3195266272189349,0.3218390804597701,0.42105263157894735,0.43181818181818177,0.18265313501635047,0.1875602303373962,0.42995905748663105,0.46146109333876845
10203,0.423728813559322,0.4220183486238533,0.1206896551724138,0.16822429906542055,0.288135593220339,0.29357798165137616,0.01428363257865929,0.06296027325293001,0.23955355088895464,0.33743258645613255
10204,0.6181818181818182,0.6853146853146853,0.5153374233128835,0.5815602836879432,0.593939393939394,0.6713286713286712,0.38788850522325924,0.47190536504422614,0.6590982658959538,0.6487910330118694
10205,0.30303030303030304,0.23076923076923075,0.06185567010309278,0.07894736842105263,0.24242424242424243,0.15384615384615385,0.011877413503212092,0.0056360924306427165,0.16999081820036724,0.07900677200902935
10206,0.6274509803921569,0.7297297297297298,0.45033112582781454,0.6849315068493151,0.49673202614379086,0.7162162162162163,0.3936669007063903,0.5589857451548447,0.4594434502492913,0.6415321653698991
10207,0.29577464788732394,0.524822695035461,0.07142857142857144,0.2589928057553957,0.2112676056338028,0.3971631205673759,0.020997897691522736,0.1825913296679545,0.14652897154069214,0.3956866197183099
10208,0.49275362318840576,0.6464646464646464,0.24999999999999994,0.41237113402061853,0.31884057971014496,0.48484848484848486,0.13010150820227998,0.2087223765474382,0.37014925373134333,0.4654255319148936
10209,0.2772277227722772,0.3148148148148148,0.060606060606060615,0.05660377358490566,0.1386138613861386,0.18518518518518517,0.01203585598620802,0.00937323549001147,0.21056241426611796,0.17865550174872213
10210,0.4795321637426901,0.32335329341317365,0.28402366863905326,0.12121212121212123,0.3859649122807018,0.15568862275449105,0.18581893348220146,0.10028505560794813,0.4479506447856621,0.2451380664745146
10211,0.4142857142857143,0.4356435643564357,0.26086956521739135,0.2222222222222222,0.37142857142857144,0.37623762376237624,0.14098607766840351,0.1543156533828301,0.4846078945397348,0.2940613026819924
10212,0.4311377245508982,0.40559440559440557,0.13333333333333333,0.1276595744680851,0.25149700598802394,0.2517482517482517,0.06401653767237517,0.06935315928231978,0.29416898545069975,0.2771293632267521
10213,0.5,0.4731182795698925,0.22807017543859648,0.2637362637362637,0.3448275862068966,0.3870967741935484,0.11252682468324211,0.11059033775697458,0.3526367571822118,0.3023741820548837
10214,0.4088397790055248,0.3673469387755102,0.11173184357541899,0.08275862068965517,0.17679558011049726,0.14965986394557823,0.01959954247334621,0.018157762060535,0.2226020151240092,0.20384579910036468
10215,0.4418604651162791,0.4772727272727273,0.11764705882352942,0.16091954022988506,0.22093023255813954,0.23863636363636365,0.019993442970213243,0.0954965964399295,0.2142134831460674,0.26616194066252824
10216,0.6000000000000001,0.5981308411214953,0.4081632653061225,0.4000000000000001,0.48,0.5233644859813085,0.33010877407062517,0.27272610851221657,0.49469308988347066,0.4446545578599409
10217,0.39106145251396646,0.4260355029585799,0.10169491525423731,0.10778443113772455,0.1787709497206704,0.2603550295857988,0.04659592206507646,0.023961203720526236,0.23139946003310183,0.2500401187515045
10218,0.2923076923076923,0.38235294117647056,0.078125,0.1791044776119403,0.2,0.23529411764705882,0.046591815964729506,0.13519869489889452,0.18903361427083948,0.3318864536613184
10219,0.536231884057971,0.5161290322580645,0.3235294117647059,0.2459016393442623,0.3478260869565217,0.3870967741935484,0.17101750554077402,0.12963948419921154,0.5707495429616088,0.4296052379676073
10220,0.2758620689655173,0.2912621359223301,0.07017543859649124,0.0792079207920792,0.22413793103448273,0.17475728155339806,0.02194829744756375,0.014658939375808717,0.14059846639032156,0.18329307568438002
10221,0.4631578947368421,0.27499999999999997,0.23655913978494622,0.10256410256410256,0.4210526315789474,0.225,0.16726885034381314,0.01141782666358815,0.3546634052119946,0.15754641628767502
10222,0.5,0.5081967213114755,0.22388059701492535,0.24999999999999994,0.338235294117647,0.4262295081967213,0.07810226520134339,0.11291675908061936,0.39229487773553806,0.40145753408266593
10223,0.3770491803278688,0.3564356435643565,0.16666666666666666,0.1414141414141414,0.26229508196721313,0.3168316831683168,0.12190635772804227,0.016469376324863387,0.31452720621234587,0.20822573981304549
10224,0.35036496350364965,0.46511627906976744,0.13333333333333333,0.2142857142857143,0.26277372262773724,0.3255813953488372,0.04884887367626135,0.09701923631461337,0.36336595176528247,0.30065972523271667
10225,0.3538461538461538,0.3157894736842105,0.10937499999999999,0.07142857142857142,0.23076923076923078,0.14035087719298248,0.03224196759492544,0.0585082044671965,0.30413413331141614,0.22575488454706927
10226,0.7654320987654321,0.5714285714285715,0.5063291139240507,0.39024390243902435,0.6913580246913581,0.5476190476190477,0.32816556733730595,0.2522249768533851,0.7115006855455359,0.5720760021327129
10227,0.4714285714285714,0.4150943396226415,0.21739130434782605,0.13461538461538458,0.3714285714285715,0.30188679245283023,0.17269034967003766,0.07209490007977945,0.43409205914296994,0.28473381561862365
10228,0.4122137404580153,0.5245901639344261,0.17054263565891473,0.3166666666666667,0.2595419847328244,0.2622950819672131,0.05477421462914143,0.14558688395279495,0.4610975056689343,0.47070775984812535
10229,0.3220338983050847,0.5714285714285715,0.05172413793103448,0.34188034188034183,0.15254237288135591,0.4705882352941176,0.005078384577581543,0.2066446528554242,0.14734774066797643,0.5219018429271917
10230,0.36363636363636365,0.42,0.1846153846153846,0.20408163265306123,0.30303030303030304,0.3,0.12261523389787879,0.16614413705715644,0.3074925373134329,0.2958250497017893
10231,0.5426356589147286,0.5,0.2204724409448819,0.16981132075471697,0.2635658914728682,0.2222222222222222,0.0900884688910901,0.07961746129078835,0.48341671644763046,0.3816326530612244
10232,0.39416058394160586,0.4509803921568628,0.1925925925925926,0.26,0.30656934306569344,0.35294117647058826,0.12165150511038855,0.10260020371628424,0.3361262497064967,0.2294174079888366
10233,0.2769230769230769,0.4074074074074074,0.09374999999999999,0.169811320754717,0.13846153846153844,0.24074074074074076,0.0073370684327514896,0.015031351891186444,0.1745492230983302,0.2587741709921201
10234,0.536231884057971,0.4390243902439025,0.1911764705882353,0.1487603305785124,0.3188405797101449,0.26016260162601623,0.06475303116628517,0.02988651787762468,0.3757878671373481,0.275663860103627
10235,0.1627906976744186,0.2,0.0,0.0,0.13953488372093023,0.125,0.006115004303675009,0.006964555107181464,0.11574074074074076,0.10563380281690142
10236,0.4081632653061225,0.313953488372093,0.14432989690721648,0.08235294117647059,0.22448979591836732,0.1744186046511628,0.008095154618563865,0.004020754041011471,0.19505495161298023,0.15090974483788164
10237,0.30303030303030304,0.3418803418803419,0.046153846153846156,0.05217391304347826,0.15151515151515152,0.17094017094017094,0.0125184355411845,0.012728433170904881,0.1672655080111822,0.15514076384489173
10238,0.5268817204301075,0.40963855421686746,0.21739130434782608,0.12195121951219512,0.24731182795698925,0.21686746987951808,0.10058219976950065,0.030402097502175457,0.3949800910125143,0.2719856997677119
10239,0.3714285714285715,0.39215686274509803,0.14492753623188406,0.11999999999999998,0.2857142857142857,0.3137254901960784,0.05886452538521611,0.015343762285273604,0.3121528525062011,0.240764449824251
10240,0.5945945945945946,0.5794392523364486,0.2935779816513761,0.34285714285714286,0.3603603603603604,0.37383177570093457,0.14890800863161702,0.21242334527974827,0.3864734299516908,0.4129885931558935
10241,0.6395348837209303,0.6216216216216216,0.31764705882352945,0.3835616438356164,0.3255813953488372,0.29729729729729726,0.17834207577848496,0.14921982532173994,0.43395971610387596,0.3814529776347337
10242,0.4859813084112149,0.35897435897435903,0.1904761904761905,0.1391304347826087,0.42990654205607476,0.3076923076923077,0.15159755239216383,0.09696738474315719,0.42441055686990264,0.37018140589569165
10243,0.4532019704433497,0.45555555555555555,0.1691542288557214,0.16853932584269662,0.24630541871921183,0.23333333333333334,0.046804807520987014,0.016491804416746636,0.25903489186586115,0.22624486108806663
10244,0.4126984126984127,0.4873949579831933,0.1774193548387097,0.23931623931623933,0.33333333333333337,0.42016806722689076,0.06500924965575558,0.13426168342602268,0.26803061331653016,0.23617518551064237
10245,0.4183006535947713,0.43809523809523804,0.17218543046357615,0.17475728155339806,0.3267973856209151,0.34285714285714286,0.12356213999309061,0.06299220875769365,0.28993163545887374,0.24375572384940067
10246,0.5306122448979592,0.4470588235294118,0.20833333333333331,0.26506024096385544,0.3877551020408163,0.3764705882352941,0.1393539921368188,0.16105265992626086,0.42508600577326106,0.3101965601965602
10247,0.4848484848484849,0.4545454545454546,0.13496932515337423,0.1264367816091954,0.2545454545454545,0.26136363636363635,0.013363966718627118,0.05239924894627382,0.2649102312197419,0.22758164490285906
10248,0.3949044585987262,0.4245810055865922,0.1935483870967742,0.1807909604519774,0.2038216560509554,0.2569832402234637,0.09699909557292319,0.10192194148504634,0.2291194693034608,0.273652357414665
10249,0.36697247706422015,0.35294117647058826,0.09345794392523366,0.07228915662650603,0.2568807339449541,0.2352941176470588,0.04928901229276251,0.012481178947926571,0.23744429724196084,0.13793103448275862
10250,0.4581005586592179,0.5423728813559322,0.1694915254237288,0.26285714285714284,0.223463687150838,0.3163841807909604,0.024645119912476084,0.13621976594652793,0.22615872896634617,0.32411204866562005
10251,0.4426229508196722,0.5346534653465346,0.19999999999999998,0.26262626262626265,0.22950819672131145,0.27722772277227725,0.09920665178120996,0.03180912225874178,0.29964398734177217,0.3214208966702859
10252,0.4912280701754386,0.33707865168539325,0.17857142857142855,0.20689655172413796,0.3684210526315789,0.2247191011235955,0.02979339045845668,0.08326282877644084,0.3946803946803947,0.288798737885959
10253,0.6181818181818183,0.4761904761904762,0.3680981595092025,0.22580645161290322,0.27878787878787875,0.2698412698412699,0.2545354162266339,0.05098723291736154,0.5033935532925763,0.26726405042054907
10254,0.6363636363636365,0.6211180124223602,0.4137931034482759,0.3899371069182389,0.47727272727272724,0.45962732919254656,0.2921243255203123,0.31175679579301396,0.5822063093534325,0.5174990993016713
10255,0.4967320261437908,0.8085106382978724,0.34437086092715236,0.6762589928057553,0.41830065359477125,0.7092198581560285,0.2458927027817179,0.5084397166630508,0.4618156613213111,0.7479025157232703
10256,0.656934306569343,0.625,0.39999999999999997,0.41818181818181815,0.43795620437956206,0.5357142857142857,0.20635286946106585,0.20506517431350182,0.521401827298147,0.44559731299927385
10257,0.16666666666666669,0.11111111111111112,0.03389830508474577,0.045454545454545456,0.13333333333333333,0.08888888888888889,0.016431742945479354,0.01946736248420868,0.1579218106995885,0.1002178649237473
10258,0.38202247191011235,0.4799999999999999,0.1149425287356322,0.136986301369863,0.24719101123595502,0.26666666666666666,0.010766864701312811,0.013890266032988884,0.21511580822805318,0.2235900673400674
10259,0.32786885245901637,0.380952380952381,0.1,0.17073170731707316,0.18032786885245902,0.2380952380952381,0.016943129636176443,0.04003759215740338,0.28518114029060565,0.21386876006441227
10260,0.40404040404040403,0.39999999999999997,0.24742268041237114,0.18367346938775508,0.3434343434343434,0.34,0.1359093742798643,0.03145140920044739,0.39651381909547734,0.36523919753086426
10261,0.5319148936170213,0.47777777777777786,0.16129032258064516,0.14606741573033705,0.3085106382978723,0.3111111111111111,0.030171387940703065,0.06625389300153718,0.27650427812677675,0.28633780991735536
10262,0.46846846846846857,0.3619047619047619,0.3302752293577982,0.23300970873786409,0.45045045045045046,0.3047619047619047,0.20834142036641365,0.18819082658803546,0.403927421885834,0.23772496800635015
10263,0.6015037593984962,0.6166666666666667,0.29007633587786263,0.3220338983050847,0.39097744360902253,0.35000000000000003,0.14695431110288765,0.17074214709190322,0.5285518099441288,0.5292858299400909
10264,0.625,0.4719101123595505,0.38181818181818183,0.20689655172413793,0.5535714285714285,0.38202247191011235,0.28372170521200685,0.1623762915085272,0.5732006436594854,0.3390614564286731
10265,0.5211267605633803,0.4812834224598931,0.2571428571428572,0.23783783783783782,0.36619718309859156,0.3315508021390374,0.1609841709148326,0.145939675334466,0.3321428571428572,0.372912157657781
10266,0.4587155963302752,0.4485981308411215,0.18691588785046728,0.11428571428571428,0.2385321100917431,0.29906542056074764,0.05537993035541475,0.03777686876274927,0.388608228980322,0.2775126837305666
10267,0.5,0.7058823529411764,0.26315789473684215,0.38554216867469876,0.3103448275862069,0.49411764705882355,0.08898915031398828,0.2198787120479627,0.47054676730621575,0.5324030649792927
10268,0.6017699115044248,0.5321100917431193,0.2162162162162162,0.1308411214953271,0.4424778761061947,0.3853211009174312,0.12214116620873623,0.014740852891916036,0.5878892733564013,0.4298275089605735
10269,0.453781512605042,0.45045045045045046,0.13675213675213677,0.12844036697247707,0.319327731092437,0.28828828828828834,0.028667064983379946,0.031286360043789714,0.3483785124410125,0.3019511783839433
10270,0.3717948717948718,0.5256410256410258,0.15584415584415584,0.3376623376623376,0.28205128205128205,0.423076923076923,0.09725733804500956,0.21378521311399898,0.32206632653061223,0.48126497018703174
10271,0.42666666666666675,0.4117647058823529,0.16438356164383564,0.24242424242424243,0.32,0.3823529411764707,0.034839486038063555,0.11117895489854909,0.31798226587308476,0.35991612914689836
10272,0.5960264900662252,0.5801526717557252,0.32214765100671144,0.2945736434108527,0.5165562913907286,0.4732824427480916,0.1651185981635423,0.14968595668362264,0.49339393877209015,0.4344304069096858
10273,0.3673469387755102,0.35135135135135137,0.05517241379310345,0.05479452054794521,0.16326530612244897,0.14864864864864866,0.019688545681639993,0.02484337430641237,0.19142974438113325,0.17755681818181818
10274,0.4050632911392405,0.41791044776119407,0.15584415584415584,0.1846153846153846,0.25316455696202533,0.26865671641791045,0.10848592437885973,0.09032503872098717,0.2977594339622641,0.27788785417079453
10275,0.3694267515923567,0.5241379310344827,0.14193548387096772,0.2097902097902098,0.1910828025477707,0.26206896551724135,0.024535004075750176,0.03699569790704717,0.2984747545582048,0.29146542131306663
10276,0.3762376237623763,0.40476190476190477,0.10101010101010102,0.0975609756097561,0.25742574257425743,0.28571428571428575,0.026764147025796853,0.01609607353219175,0.27365235741466504,0.2501919738247863
10277,0.37241379310344824,0.3027027027027027,0.1258741258741259,0.02185792349726776,0.19310344827586207,0.15135135135135136,0.04912109051062909,0.008687883783822006,0.24129448512164564,0.1659611903474507
10278,0.34710743801652894,0.4036697247706422,0.08403361344537816,0.16822429906542055,0.1652892561983471,0.25688073394495414,0.013454979572669251,0.06458068961712214,0.21277932960893864,0.27301243077876314
10279,0.32748538011695905,0.37398373983739835,0.10650887573964497,0.11570247933884298,0.23391812865497078,0.2764227642276422,0.04671433705300449,0.05186124838126574,0.28194753346928464,0.2485675887664525
10280,0.24806201550387597,0.12280701754385966,0.14173228346456695,0.017857142857142856,0.20155038759689922,0.07017543859649122,0.1069901879269687,0.007272967832571621,0.3086737583540145,0.10192169540229884
10281,0.5102040816326531,0.5753424657534246,0.2916666666666667,0.4225352112676056,0.4489795918367347,0.547945205479452,0.2217807149241699,0.3427631067197088,0.5085682697622995,0.4934210526315789
10282,0.5106382978723404,0.6466165413533834,0.2158273381294964,0.3816793893129771,0.28368794326241137,0.4360902255639098,0.04183154400128335,0.23912441387170746,0.35216178521617847,0.5129781553780685
10283,0.37606837606837606,0.4864864864864865,0.19130434782608696,0.19444444444444445,0.17094017094017094,0.37837837837837834,0.05179856623054045,0.02304679993359242,0.28761960459411606,0.26211859527921705
10284,0.37142857142857144,0.4305555555555556,0.14492753623188406,0.16901408450704225,0.2571428571428572,0.2916666666666667,0.09004783655389867,0.09531926139690995,0.2912450331125828,0.3716301826475118
10285,0.3008849557522124,0.39252336448598124,0.12612612612612614,0.15238095238095242,0.2300884955752212,0.28037383177570097,0.02348924131058449,0.028702151917090885,0.2125168704756452,0.25946585530764027
10286,0.7413793103448276,0.7326732673267328,0.6842105263157895,0.6262626262626263,0.7413793103448276,0.693069306930693,0.49763844443998767,0.5370416161452022,0.7267034990791897,0.6177952999381571
10287,0.65,0.6549707602339182,0.37974683544303794,0.3905325443786982,0.375,0.3625730994152047,0.2642072311391413,0.29359002492570185,0.498208691663689,0.5068010977210357
10288,0.3442622950819672,0.4070796460176991,0.06666666666666667,0.19819819819819817,0.22950819672131148,0.24778761061946905,0.014550211973809214,0.09703882335206618,0.1851904376012966,0.22793996710526312
10289,0.4125,0.5714285714285714,0.16455696202531644,0.27586206896551724,0.3125,0.380952380952381,0.10182087342769743,0.18194569394216153,0.3391865469787548,0.4861057971980387
10290,0.45762711864406785,0.39622641509433965,0.13793103448275865,0.1346153846153846,0.28813559322033905,0.24528301886792453,0.016986197490626284,0.0322066245083264,0.31677003873482085,0.20272995520835546
10291,0.4026845637583893,0.35398230088495575,0.13605442176870747,0.10810810810810811,0.1879194630872483,0.2300884955752212,0.021397679618005334,0.011726052377939672,0.28281672025723475,0.20837746863451265
10292,0.4026845637583893,0.460431654676259,0.19047619047619047,0.24817518248175183,0.29530201342281875,0.33093525179856115,0.07059352809687953,0.10966370486620601,0.356507614213198,0.41727637575953547
10293,0.6666666666666666,0.7115384615384615,0.3669724770642202,0.39215686274509803,0.5945945945945946,0.5384615384615384,0.2013457597163015,0.19610113013481606,0.5305859867837557,0.483478459257006
10294,0.3493975903614457,0.30666666666666664,0.14634146341463417,0.08108108108108109,0.20481927710843376,0.14666666666666667,0.053424860174405744,0.04256443123807659,0.3053646322378717,0.19924441089213815
10295,0.44025157232704404,0.4076433121019108,0.1910828025477707,0.1032258064516129,0.35220125786163525,0.2929936305732484,0.08743441753598165,0.05597379554916093,0.3887523915240777,0.28985976078897674
10296,0.2654867256637168,0.27522935779816515,0.0900900900900901,0.11214953271028037,0.19469026548672566,0.2201834862385321,0.05909623914649378,0.0586743380018082,0.1447225519662567,0.15625000000000003
10297,0.7052631578947369,0.5605095541401273,0.521276595744681,0.43870967741935485,0.5894736842105263,0.4203821656050955,0.38879466455856204,0.3302889181840339,0.6980439234517337,0.4738644768313131
10298,0.41818181818181815,0.5142857142857142,0.12962962962962965,0.15533980582524273,0.27272727272727276,0.30476190476190484,0.03442961183370039,0.033567071827078215,0.25849848886036,0.28715455936627954
10299,0.304093567251462,0.3258426966292135,0.04733727810650888,0.11363636363636365,0.16374269005847952,0.1797752808988764,0.010588561206774424,0.0802338995874167,0.18352029653466465,0.2620581695063674
10300,0.38938053097345127,0.39560439560439564,0.1081081081081081,0.15730337078651688,0.21238938053097342,0.21978021978021978,0.024901562613130094,0.07344351143470795,0.21640625000000005,0.22055335968379444
10301,0.5230769230769231,0.6436781609195402,0.265625,0.3529411764705882,0.3384615384615385,0.5977011494252873,0.12220073579974036,0.22028499369896615,0.4703450603222813,0.47581658291457285
10302,0.4274809160305343,0.7526881720430109,0.3100775193798449,0.7032967032967032,0.36641221374045796,0.7526881720430109,0.2545120034015507,0.4318753631484778,0.41399679103943754,0.5824716959334565
10303,0.4838709677419355,0.3181818181818182,0.26229508196721313,0.046511627906976744,0.3709677419354839,0.18181818181818182,0.1759418649500804,0.0107641439192324,0.3686782089885134,0.16333478916858568
10304,0.4409448818897638,0.3625,0.23999999999999996,0.21518987341772153,0.31496062992125984,0.25,0.1904368092678086,0.1397228012188845,0.3350581938936712,0.32038041802823847
10305,0.32499999999999996,0.3354037267080745,0.0759493670886076,0.07547169811320756,0.175,0.21118012422360247,0.009818838203436686,0.009619425670443342,0.1443001443001443,0.22181843860678355
10306,0.48,0.6122448979591837,0.1891891891891892,0.2916666666666667,0.32,0.3877551020408163,0.06921772402338763,0.10187774882183914,0.3460948773448773,0.36675218735609494
10307,0.4055944055944056,0.44961240310077516,0.12765957446808512,0.1889763779527559,0.1958041958041958,0.23255813953488372,0.06820312289548258,0.1168595289200888,0.2919406394164407,0.40823571175008877
10308,0.3508771929824561,0.3232323232323232,0.17857142857142855,0.10309278350515465,0.2807017543859649,0.2222222222222222,0.16483593951890302,0.052906911498028064,0.25382326007326006,0.15900394248608532
10309,0.5689655172413793,0.41025641025641024,0.2807017543859649,0.08695652173913043,0.4137931034482759,0.2393162393162393,0.21945963253938397,0.012771414111767408,0.4673879103792822,0.24034111473036557
10310,0.17073170731707318,0.2368421052631579,0.0,0.02702702702702703,0.1219512195121951,0.10526315789473684,0.0047291810340735615,0.01182847553469211,0.08620689655172414,0.13157894736842105
10311,0.5423728813559323,0.5423728813559323,0.3103448275862069,0.22413793103448276,0.423728813559322,0.22033898305084745,0.2256397959085671,0.1108689939601419,0.4200797966245321,0.3875
10312,0.3207547169811321,0.3846153846153846,0.17307692307692307,0.10526315789473684,0.3018867924528302,0.23076923076923075,0.10807004237409339,0.016715364165674637,0.27065836995779124,0.2054904802157549
10313,0.42735042735042733,0.5762711864406779,0.2434782608695652,0.41379310344827586,0.25641025641025644,0.4915254237288135,0.16448696110165426,0.3021375397356768,0.34938304944606147,0.5578229975098484
10314,0.5344827586206896,0.5045045045045045,0.2631578947368421,0.2201834862385321,0.36206896551724144,0.34234234234234234,0.12007682179758827,0.1024638006258096,0.29462057748863735,0.24927770740425825
10315,0.6605504587155964,0.9599999999999999,0.5981308411214953,0.9041095890410958,0.6605504587155964,0.9599999999999999,0.36192291680678046,0.7303269467696539,0.7562196601941747,0.8699370776607525
10316,0.13186813186813187,0.15151515151515152,0.022471910112359553,0.0625,0.04395604395604395,0.12121212121212122,0.0032453272391719675,0.019051940332810942,0.16853932584269662,0.1633986928104575
10317,0.5048543689320389,0.40540540540540543,0.3762376237623762,0.19444444444444445,0.4271844660194175,0.3243243243243243,0.2271340971957736,0.018345906558988233,0.5259909914442198,0.22560258671369782
10318,0.31683168316831684,0.38095238095238093,0.06060606060606061,0.07766990291262135,0.21782178217821777,0.2476190476190476,0.021359012567909886,0.02385821801221133,0.27928149606299213,0.37177661762379377
10319,0.5339805825242718,0.561904761904762,0.23529411764705882,0.2884615384615385,0.2233009708737864,0.2666666666666667,0.0781924984394367,0.09698346840823481,0.30573412203441785,0.3609941984565705
10320,0.34394904458598724,0.33532934131736525,0.10322580645161289,0.048484848484848485,0.178343949044586,0.14371257485029942,0.029791755839052476,0.014104985045388933,0.2829450364216483,0.2440525628856193
10321,0.4444444444444445,0.32786885245901637,0.18543046357615894,0.09999999999999999,0.28758169934640526,0.19672131147540983,0.057124649943672015,0.011542883565429622,0.30854319624191134,0.1542095938053678
10322,0.46808510638297873,0.33613445378151263,0.2733812949640288,0.13675213675213674,0.2836879432624113,0.2352941176470588,0.1394571660901403,0.017987043528878706,0.3021908752340575,0.13270986508893268
10323,0.39999999999999997,0.4615384615384615,0.15533980582524268,0.17391304347826084,0.3047619047619047,0.2393162393162393,0.03150359331640656,0.03395525883709691,0.23977681322327482,0.27338711382715525
10324,0.24806201550387594,0.2727272727272727,0.07874015748031496,0.06976744186046512,0.20155038759689922,0.20454545454545456,0.042301815787415264,0.05549100487273671,0.21360036551934214,0.17875850142175365
10325,0.59375,0.6494845360824741,0.2631578947368421,0.39583333333333337,0.3125,0.29896907216494845,0.16919015845757357,0.3294443439086139,0.43739317124928506,0.4627831357550211
10326,0.4457831325301205,0.4117647058823529,0.14634146341463414,0.13432835820895522,0.24096385542168672,0.23529411764705882,0.06467064497627543,0.05518502515517269,0.3238805970149254,0.2667719398985549
10327,0.5439999999999999,0.7678571428571429,0.35772357723577236,0.6727272727272727,0.464,0.7499999999999999,0.20409715360883152,0.3615274755135941,0.4377941757688992,0.611552346570397
10328,0.35051546391752575,0.26666666666666666,0.23157894736842102,0.05479452054794521,0.24742268041237114,0.21333333333333332,0.10363511038213158,0.00771678504430642,0.41721027851835046,0.21565217391304348
10329,0.41509433962264153,0.43902439024390244,0.13461538461538464,0.15,0.24528301886792447,0.31707317073170727,0.02808933814155568,0.014949131588020498,0.2930296354794463,0.22687899786780383
10330,0.3870967741935483,0.34285714285714286,0.24175824175824176,0.11764705882352941,0.3655913978494623,0.2571428571428572,0.175127870309069,0.04171550570587932,0.45968687495689364,0.2834955089820359
10331,0.5657894736842106,0.556390977443609,0.28,0.3206106870229008,0.4210526315789474,0.4360902255639098,0.15198755099956382,0.18765392675486978,0.386669440976557,0.38460162427104577
10332,0.5333333333333332,0.5074626865671642,0.3308270676691729,0.2878787878787879,0.41481481481481486,0.3731343283582089,0.2064443614886403,0.1705289545657075,0.4820420383722352,0.41258299314939945
10333,0.5619834710743802,0.5660377358490566,0.28571428571428575,0.3269230769230769,0.4297520661157025,0.4528301886792453,0.1595181307031246,0.1873375262298602,0.443048128342246,0.37375583993499895
10334,0.45,0.27397260273972607,0.16455696202531644,0.08333333333333333,0.275,0.16438356164383564,0.03770964647390445,0.020081675273648868,0.27789122054158344,0.13744950312782314
10335,0.4869565217391305,0.5121951219512195,0.23008849557522124,0.25,0.2956521739130435,0.36585365853658536,0.08970363701148239,0.10382760240148009,0.3839150950308466,0.3161469191257066
10336,0.40310077519379844,0.4424778761061947,0.09448818897637795,0.0900900900900901,0.24806201550387597,0.2654867256637168,0.013581111899725424,0.013522410807782976,0.2871305649083427,0.1976859861591696
10337,0.607142857142857,0.7047619047619048,0.4909090909090909,0.6213592233009709,0.5,0.6666666666666666,0.393338808960905,0.42996293000158403,0.45579559948979587,0.5169342091397661
10338,0.3058823529411765,0.22727272727272727,0.07228915662650602,0.06976744186046512,0.18823529411764706,0.18181818181818182,0.00995793413371623,0.009223350291325143,0.12539184952978055,0.09375
10339,0.45161290322580644,0.3875968992248062,0.1437908496732026,0.07874015748031496,0.25806451612903225,0.17054263565891475,0.08823704394046186,0.02987578421313584,0.4439366615204429,0.3222501240079365
10340,0.43478260869565216,0.5629629629629629,0.1323529411764706,0.3007518796992481,0.27536231884057977,0.4444444444444444,0.031706481119542836,0.12865282644079323,0.28761129639262006,0.42399865929277697
10341,0.49557522123893805,0.2616822429906542,0.36036036036036034,0.0761904761904762,0.44247787610619466,0.14953271028037382,0.2794655581478034,0.05442224302308177,0.4375722120658136,0.17342032967032964
10342,0.5290322580645161,0.5031446540880503,0.35294117647058826,0.25477707006369427,0.4516129032258065,0.35220125786163525,0.23815129037810265,0.11008171178392386,0.4912615719416585,0.40605994391638445
10343,0.38028169014084506,0.45669291338582674,0.0857142857142857,0.08,0.1830985915492958,0.15748031496062992,0.01676616466795917,0.008404055901410109,0.28935185185185186,0.33162173038229376
10344,0.8840579710144928,0.8500000000000001,0.7205882352941176,0.7627118644067796,0.8550724637681159,0.8333333333333333,0.522803804250768,0.5506673930959203,0.7873486781390804,0.7146031727219394
10345,0.4957264957264957,0.4114832535885167,0.11206896551724138,0.09661835748792272,0.23931623931623933,0.20095693779904306,0.06566917191310527,0.01497792852666233,0.27284768829802647,0.1867066307012326
10346,0.3736263736263736,0.3018867924528302,0.20224719101123598,0.1346153846153846,0.3296703296703297,0.22641509433962262,0.09802862511942351,0.07715977261460631,0.28323262839879154,0.32908902867024975
10347,0.45054945054945056,0.5031446540880504,0.14444444444444446,0.1910828025477707,0.23076923076923078,0.2515723270440252,0.028398260109606013,0.026934072534988984,0.2781138166186034,0.2939589920475232
10348,0.48,0.694214876033058,0.12162162162162163,0.33613445378151263,0.2533333333333333,0.512396694214876,0.0470842358295754,0.2823462696102652,0.3204347626160011,0.6032520016696391
10349,0.43902439024390244,0.35971223021582727,0.2839506172839506,0.145985401459854,0.3170731707317073,0.2158273381294964,0.22290170918609856,0.03796974098984003,0.39255965709167673,0.24211454867446605
10350,0.5294117647058824,0.4539877300613497,0.19047619047619047,0.1987577639751553,0.23529411764705882,0.31901840490797545,0.09790474020586351,0.11844403491215925,0.3324892761253514,0.3422221824999603
10351,0.45528455284552843,0.3913043478260869,0.18181818181818182,0.1323529411764706,0.3089430894308943,0.2318840579710145,0.09577079136415172,0.0556485238826822,0.3730463066882821,0.39059270116886546
10352,0.3783783783783784,0.3410852713178295,0.041095890410958895,0.015748031496062992,0.20270270270270271,0.15503875968992248,0.008788192552323063,0.004964646387116196,0.2732091400373777,0.18229166666666669
10353,0.588235294117647,0.5443786982248521,0.34523809523809523,0.2754491017964072,0.5176470588235295,0.44970414201183434,0.21068864970838935,0.14795816069827558,0.4836233824185631,0.4270305437611287
10354,0.4964539007092198,0.5050505050505051,0.3021582733812949,0.2061855670103093,0.31205673758865254,0.36363636363636365,0.17721980850859673,0.14277627266178583,0.5497668730413513,0.3880029294815508
10355,0.5,0.3893805309734514,0.18840579710144928,0.12612612612612611,0.27142857142857146,0.1592920353982301,0.035088937315469984,0.03582881167776469,0.33015852150168207,0.2422858391608391
10356,0.4705882352941176,0.5454545454545455,0.20238095238095236,0.28108108108108115,0.3176470588235294,0.36363636363636365,0.06775477410576305,0.13309557713546202,0.26180758879720817,0.36154672395273896
10357,0.5087719298245614,0.5252525252525252,0.32142857142857145,0.32989690721649484,0.47368421052631576,0.48484848484848486,0.20139839177562233,0.25872173884260774,0.4199623352165725,0.43551388883810555
10358,0.5393258426966293,0.5751633986928105,0.23863636363636365,0.22516556291390727,0.348314606741573,0.3006535947712418,0.12231183137202353,0.07509046529536464,0.3215140804925322,0.38211302351660587
10359,0.35294117647058826,0.34285714285714286,0.11965811965811966,0.14705882352941177,0.2521008403361345,0.22857142857142856,0.022256392703282078,0.0351845143843983,0.33358049101993736,0.2049910873440285
10360,0.3725490196078432,0.47222222222222227,0.18,0.19999999999999998,0.3333333333333333,0.36111111111111116,0.13483328704177505,0.1652193790003071,0.325423926684762,0.283248730964467
10361,0.37593984962406013,0.4227642276422764,0.0916030534351145,0.13223140495867766,0.2255639097744361,0.2439024390243902,0.009060384872297968,0.012707109368530013,0.24924330998612285,0.301707509881423
10362,0.5486725663716814,0.5806451612903226,0.1981981981981982,0.2417582417582418,0.21238938053097345,0.3440860215053763,0.0739322291971069,0.1570109321882274,0.4168632075471698,0.38763009628342726
10363,0.3846153846153846,0.46846846846846846,0.18181818181818182,0.2935779816513761,0.2820512820512821,0.3963963963963964,0.08663414794276925,0.16793017551918576,0.2942883379247016,0.27359139784946235
10364,0.3333333333333333,0.21276595744680854,0.11320754716981131,0.021739130434782608,0.2777777777777778,0.1702127659574468,0.012646071698454286,0.010608359163960558,0.15120967741935484,0.09336099585062242
10365,0.43243243243243246,0.35416666666666663,0.27522935779816515,0.2127659574468085,0.3423423423423423,0.25,0.13664335382407972,0.06963789317620707,0.35159597702102724,0.23632113375703118
10366,0.43333333333333335,0.3304347826086957,0.1694915254237288,0.14159292035398233,0.24999999999999994,0.24347826086956523,0.04340892052837519,0.10662239442873471,0.3348053236446094,0.19963649155722332
10367,0.3392857142857143,0.37333333333333335,0.18181818181818185,0.2191780821917808,0.25,0.29333333333333333,0.11827626672112831,0.11456146510808463,0.28234893656979204,0.2784473881295638
10368,0.6496815286624203,0.5333333333333333,0.4903225806451612,0.33128834355828224,0.5605095541401273,0.39999999999999997,0.351241451944048,0.2525222986163725,0.5278457772337822,0.4545454545454546
10369,0.3790849673202614,0.27027027027027023,0.07947019867549669,0.055045871559633024,0.23529411764705882,0.12612612612612614,0.017518516013200196,0.01987794566028124,0.24671613251860164,0.11326860841423947
10370,0.7022900763358779,0.7931034482758621,0.6821705426356589,0.7719298245614036,0.7022900763358779,0.7931034482758621,0.40770275870780426,0.5119539961805412,0.7359813084112148,0.7732787452175207
10371,0.5323741007194245,0.5043478260869565,0.32116788321167883,0.33628318584070793,0.4748201438848921,0.29565217391304344,0.21912510327549573,0.2843502999094531,0.46235380116959063,0.3262376137818413
10372,0.5205479452054794,0.5961538461538461,0.36111111111111105,0.3725490196078432,0.4383561643835616,0.4423076923076923,0.22699622641516257,0.2399822089755283,0.4810877850707048,0.46664652703186543
10373,0.2016806722689075,0.2745098039215686,0.017094017094017092,0.07999999999999999,0.11764705882352942,0.21568627450980393,0.008092289328256766,0.022067713602073297,0.15681061559636264,0.17546867855509832
10374,0.36893203883495146,0.21176470588235294,0.13861386138613863,0.0,0.17475728155339804,0.1411764705882353,0.09793159934231259,0.006877439247346583,0.2595558059064939,0.10869565217391304
10375,0.5081967213114753,0.4112149532710281,0.21666666666666665,0.13333333333333333,0.2786885245901639,0.22429906542056074,0.07814867700942117,0.014935388296903183,0.3842278159575969,0.23177164880163798
10376,0.338235294117647,0.40268456375838924,0.11940298507462688,0.06802721088435373,0.22058823529411764,0.20134228187919462,0.04738123149638041,0.010466267858558758,0.2178196496378315,0.1702395964691047
10377,0.5628140703517588,0.5,0.2233502538071066,0.28235294117647064,0.3115577889447236,0.3488372093023256,0.022118600082418588,0.06740283277314604,0.2847624888492417,0.26672851014263027
10378,0.39999999999999997,0.29333333333333333,0.1717171717171717,0.10810810810810811,0.22000000000000003,0.18666666666666668,0.10305669540510407,0.03784229739753948,0.3183441058787319,0.1814167253470286
10379,0.38834951456310673,0.4731182795698924,0.1386138613861386,0.10989010989010989,0.19417475728155337,0.2580645161290323,0.023538433708390538,0.02534246942284521,0.30999999999999994,0.28565625000000006
10380,0.2678571428571429,0.28813559322033894,0.09090909090909093,0.08620689655172414,0.17857142857142858,0.16949152542372883,0.03123723701579445,0.029274803838578563,0.13111888111888112,0.1386481802426343
10381,0.5090909090909091,0.6451612903225806,0.24074074074074076,0.46153846153846156,0.36363636363636365,0.5376344086021506,0.09373235490011471,0.22664937309394084,0.40105655869335327,0.5492610837438424
10382,0.4807692307692308,0.543859649122807,0.35294117647058826,0.375,0.4038461538461538,0.45614035087719296,0.24781921820574238,0.2770846168099042,0.3694826198656638,0.4825367647058823
10383,0.48571428571428565,0.4615384615384615,0.15942028985507245,0.17391304347826086,0.30000000000000004,0.188034188034188,0.07024127582598716,0.03802248313010459,0.35711370916732976,0.2356930272108843
10384,0.4852941176470588,0.6355140186915887,0.1791044776119403,0.3047619047619048,0.3676470588235294,0.4672897196261682,0.10514752924839514,0.13716192197719612,0.4036166365280289,0.4508709495248481
10385,0.37113402061855666,0.4285714285714286,0.0631578947368421,0.14705882352941177,0.1443298969072165,0.2285714285714286,0.010237869503610934,0.06696632492925456,0.18691588785046728,0.1853887493020659
10386,0.3333333333333333,0.46511627906976744,0.21951219512195122,0.2204724409448819,0.28571428571428575,0.35658914728682173,0.028306790463609788,0.0494989683820395,0.16173913043478264,0.4026613861386138
10387,0.5022026431718062,0.5112107623318385,0.2577777777777778,0.26244343891402716,0.3171806167400881,0.30493273542600896,0.15942172549604722,0.16575419334612512,0.389196675900277,0.3469317002404287
10388,0.5362318840579711,0.47863247863247865,0.2647058823529412,0.1565217391304348,0.3623188405797102,0.37606837606837606,0.14876360706338185,0.12035855986208023,0.38005810408521934,0.3378968137939698
10389,0.5441176470588235,0.5964912280701755,0.25373134328358204,0.33928571428571425,0.3382352941176471,0.4210526315789474,0.14093645918652775,0.2584631176529384,0.4925813898990601,0.5622114163399184
10390,0.5045045045045045,0.5116279069767442,0.34862385321100914,0.33333333333333337,0.4324324324324324,0.441860465116279,0.25874549081196363,0.15122098897284428,0.3934611264156719,0.30442464845763084
10391,0.26143790849673204,0.3458646616541353,0.06622516556291391,0.10687022900763359,0.1568627450980392,0.21052631578947367,0.007324319446772095,0.019100898926054613,0.15455246913580245,0.2285971223021583
10392,0.4892086330935252,0.5185185185185185,0.33576642335766427,0.33962264150943394,0.4316546762589928,0.48148148148148145,0.16363396237761596,0.24312666488408685,0.5262155911552346,0.4978455271782951
10393,0.4318181818181818,0.3424657534246575,0.13793103448275862,0.09722222222222222,0.25,0.2328767123287671,0.03045369882631331,0.022921518824696854,0.2722163138108429,0.1821610615357284
10394,0.3050847457627119,0.37894736842105264,0.08620689655172414,0.15053763440860213,0.25423728813559326,0.29473684210526313,0.00960893655979421,0.03782184977890451,0.22009369125939854,0.21839530332681018
10395,0.663594470046083,0.7677725118483412,0.5023255813953488,0.660287081339713,0.5898617511520737,0.7298578199052134,0.3618354942959959,0.43323607849768403,0.5017479772974279,0.5688933034620366
10396,0.2654867256637168,0.30630630630630634,0.10810810810810811,0.14678899082568808,0.1946902654867257,0.19819819819819817,0.021782258977265264,0.05497298293410384,0.1769248501613647,0.27859439968814964
10397,0.4444444444444445,0.4166666666666667,0.27272727272727276,0.31428571428571433,0.3555555555555556,0.3888888888888889,0.1427762726617858,0.1675531806666822,0.41768502851413175,0.3305065974749233
10398,0.44642857142857145,0.45238095238095233,0.20000000000000004,0.12195121951219512,0.3392857142857143,0.2619047619047619,0.06037888227302749,0.016102788574728466,0.3287698412698413,0.19682433315899578
10399,0.3125,0.29268292682926833,0.06382978723404256,0.075,0.20833333333333334,0.21951219512195125,0.005213014334334312,0.0062239522614920065,0.25359038072776285,0.20667989417989424
10400,0.6846846846846847,0.65,0.4954128440366972,0.5084745762711864,0.6486486486486486,0.6166666666666667,0.30379889334992377,0.330743564131894,0.5776962814951995,0.6023943865740741
10401,0.47863247863247854,0.43243243243243246,0.19130434782608696,0.16666666666666666,0.3076923076923077,0.3783783783783784,0.027429310122634634,0.09154448083221133,0.3720826174112257,0.25135135135135134
10402,0.4714285714285714,0.4461538461538462,0.2463768115942029,0.20312500000000003,0.3714285714285714,0.2923076923076923,0.03749617786717271,0.11430269764655716,0.3195876288659793,0.40209790209790214
10403,0.45833333333333337,0.45390070921985815,0.1830985915492958,0.11510791366906473,0.2361111111111111,0.21276595744680848,0.10209881207717171,0.03561640467696562,0.37297526907916523,0.314154497947422
10404,0.3333333333333333,0.3098591549295775,0.13999999999999999,0.11594202898550725,0.23529411764705885,0.28169014084507044,0.05333810168783814,0.08435637536110085,0.29270707633280735,0.2566056910569106
10405,0.5401459854014599,0.5625,0.32592592592592595,0.3333333333333333,0.291970802919708,0.37500000000000006,0.17285046657424172,0.15305517985054912,0.366111161565707,0.35543192705918714
10406,0.22580645161290325,0.1518987341772152,0.03278688524590164,0.05194805194805195,0.14516129032258063,0.12658227848101267,0.007498419095156794,0.011493097135525536,0.1657053353885933,0.12315538194444443
10407,0.578125,0.5373134328358209,0.3492063492063492,0.33333333333333337,0.390625,0.3582089552238806,0.18808678040951918,0.1845269039801347,0.49143874624785594,0.5099130314264926
10408,0.49599999999999994,0.36893203883495146,0.30894308943089427,0.0594059405940594,0.33599999999999997,0.1941747572815534,0.2779382891659983,0.010202781865643804,0.3901611535199321,0.18421155119367527
10409,0.39639639639639634,0.27450980392156865,0.2385321100917431,0.18000000000000002,0.30630630630630634,0.19607843137254902,0.12785320519680665,0.10355005892733621,0.3267339544513458,0.21139831828090933
10410,0.4393939393939394,0.36363636363636365,0.1076923076923077,0.046153846153846156,0.27272727272727276,0.21212121212121213,0.06962466950188576,0.01735973363068965,0.26545613198303625,0.13477088948787064
10411,0.45161290322580644,0.39285714285714285,0.11956521739130435,0.13253012048192772,0.26881720430107525,0.2619047619047619,0.10497625595761285,0.10646623900809762,0.2875941590633365,0.221630226737338
10412,0.5342465753424658,0.46511627906976744,0.27777777777777773,0.2047244094488189,0.3972602739726027,0.3410852713178295,0.0391455151601023,0.029506205394875546,0.4574275362318841,0.33249735491202637
10413,0.25688073394495414,0.3225806451612903,0.1308411214953271,0.02197802197802198,0.20183486238532114,0.15053763440860213,0.0901041315503942,0.005502488000084544,0.18670056050589248,0.13611615245009076
10414,0.34108527131782945,0.3859649122807018,0.06299212598425197,0.08928571428571427,0.21705426356589147,0.22807017543859648,0.01181491097853976,0.015749131030957087,0.21227233479394134,0.20004464602802563
10415,0.48648648648648646,0.4833333333333333,0.16438356164383564,0.11864406779661016,0.33783783783783783,0.29999999999999993,0.06949384899406978,0.06324656517269793,0.4596137595581113,0.3078825750179002
10416,0.41739130434782606,0.4516129032258065,0.1415929203539823,0.15384615384615385,0.2608695652173913,0.27956989247311825,0.13021042491146742,0.09859127649668402,0.3300207868821999,0.2878101940978506
10417,0.3025210084033613,0.5116279069767442,0.06837606837606837,0.2619047619047619,0.18487394957983194,0.46511627906976744,0.009447552499721065,0.07656750786301213,0.2035770176615247,0.28880152209051724
10418,0.4028776978417266,0.27722772277227725,0.11678832116788321,0.0808080808080808,0.21582733812949642,0.1782178217821782,0.012206421209998092,0.021799797902697062,0.2746933333333334,0.1603916845577839
10419,0.2857142857142857,0.2597402597402597,0.08333333333333334,0.05333333333333334,0.14285714285714285,0.12987012987012986,0.013417298862391456,0.014508413470014345,0.24216751918158563,0.1441819105691057
10420,0.49411764705882355,0.5,0.09638554216867469,0.15555555555555553,0.2352941176470588,0.21739130434782608,0.016051679053388793,0.03266387074270991,0.34519240396489004,0.3011848341232227
10421,0.5074626865671641,0.42647058823529416,0.33333333333333337,0.16417910447761191,0.417910447761194,0.2647058823529412,0.2777994163204302,0.0312690455743639,0.43595783501774693,0.3168654173764906
10422,0.47619047619047616,0.5535714285714286,0.30344827586206896,0.3272727272727273,0.380952380952381,0.3035714285714286,0.12985422028194427,0.182389752241412,0.5143681715110286,0.45485968715214714
10423,0.41739130434782606,0.3859649122807018,0.12389380530973454,0.08928571428571429,0.29565217391304344,0.28070175438596495,0.012338428038250094,0.010778177274983185,0.28633780991735536,0.2631469979296066
10424,0.5,0.3939393939393939,0.22784810126582278,0.15384615384615383,0.3125,0.2878787878787879,0.04184058176872626,0.04716906717446988,0.2728540123134718,0.18821860259433962
10425,0.4472049689440994,0.5960264900662251,0.18867924528301885,0.3087248322147651,0.2857142857142857,0.3841059602649007,0.0920109949533175,0.1801278097795464,0.28655501787376864,0.46073264986745877
10426,0.4705882352941177,0.7384615384615385,0.3,0.47619047619047616,0.3921568627450981,0.6153846153846154,0.12850243722567145,0.2250504150481563,0.47953964194373405,0.5181546381235629
10427,0.42696629213483145,0.4155844155844156,0.18181818181818182,0.1973684210526316,0.2359550561797753,0.3116883116883117,0.10028846542472832,0.13968791226033667,0.3346336305312544,0.30766189634046975
10428,0.4774193548387097,0.411764705882353,0.24836601307189543,0.19402985074626866,0.4000000000000001,0.2941176470588235,0.18555707881976613,0.10548570009938531,0.37224798213979043,0.3415179611424311
10429,0.4615384615384615,0.42176870748299317,0.18181818181818182,0.16551724137931034,0.2692307692307692,0.27210884353741494,0.033516763312713284,0.03270571937698769,0.2991062491062491,0.2969903914873342
10430,0.35668789808917195,0.45454545454545453,0.14193548387096774,0.18518518518518517,0.17834394904458598,0.2363636363636364,0.0714684599310887,0.04483863410996705,0.2928157175687169,0.31198517298187806
10431,0.53125,0.4,0.34920634920634924,0.19469026548672563,0.42187500000000006,0.24347826086956526,0.06547226613208759,0.032005121753835464,0.34431818181818186,0.270547553726566
10432,0.559322033898305,0.43137254901960786,0.3448275862068966,0.17999999999999997,0.33898305084745767,0.3333333333333333,0.2496431416070158,0.148271974651428,0.4458550094469032,0.22691830184108527
10433,0.5272727272727272,0.5378151260504203,0.16666666666666669,0.15384615384615385,0.2727272727272727,0.28571428571428575,0.015466896382182498,0.016405523523513557,0.2845252802987376,0.30585163032828094
10434,0.5000000000000001,0.6470588235294118,0.3921568627450981,0.5151515151515151,0.4807692307692308,0.588235294117647,0.2537236806178556,0.36626662079385885,0.5138926829268293,0.5291666666666667
10435,0.6115702479338844,0.6218487394957983,0.33613445378151263,0.3076923076923077,0.3305785123966942,0.3025210084033613,0.15443670858930653,0.17409880337503555,0.4773663911529044,0.42477652825836215
10436,0.4464285714285714,0.537037037037037,0.19999999999999998,0.2641509433962264,0.3035714285714285,0.40740740740740744,0.11136698392785821,0.15575638266785558,0.2979167404668897,0.3690056869651559
10437,0.5590062111801242,0.4999999999999999,0.3144654088050315,0.3411764705882353,0.42236024844720493,0.4302325581395348,0.20137597619423228,0.21984958895050905,0.4644974612554925,0.461890371862671
10438,0.44230769230769235,0.3736263736263737,0.23529411764705882,0.15730337078651688,0.3076923076923077,0.28571428571428575,0.08289390749676054,0.07551170533822867,0.39086805489282916,0.27878534226190477
10439,0.48920863309352514,0.5740740740740741,0.20437956204379562,0.22641509433962265,0.24460431654676257,0.2777777777777778,0.08238883187240847,0.08672458482354163,0.43447066326530615,0.4388899690007884
10440,0.23931623931623933,0.22535211267605634,0.05217391304347826,0.0,0.18803418803418803,0.16901408450704225,0.0068046632863579745,0.007087648989046159,0.19006202324089255,0.09459459459459459
10441,0.36879432624113473,0.35200000000000004,0.07194244604316548,0.0813008130081301,0.24113475177304966,0.192,0.013360856876337366,0.013042301108842067,0.24397360757037193,0.19170437405731522
10442,0.3684210526315789,0.39999999999999997,0.10666666666666667,0.0759493670886076,0.1973684210526316,0.18750000000000003,0.025138540570112635,0.011281094919886908,0.17789072426937738,0.19496855345911948
10443,0.6046511627906976,0.6607142857142857,0.4881889763779528,0.5818181818181817,0.5891472868217054,0.6607142857142857,0.32068301142624017,0.4017976400067862,0.5436583522297808,0.5878443745643468
10444,0.5935483870967742,0.4725274725274725,0.3660130718954248,0.2777777777777778,0.4645161290322581,0.34065934065934067,0.3049641108813031,0.1845401115449626,0.3864766270661157,0.4558789361128045
10445,0.4259259259259259,0.5176470588235293,0.22641509433962262,0.3373493975903615,0.4074074074074074,0.49411764705882355,0.08643654352781677,0.22013454897428777,0.33084381551362685,0.37873089835079154
10446,0.47482014388489213,0.49612403100775193,0.23357664233576642,0.28346456692913385,0.37410071942446044,0.40310077519379844,0.1201751186817552,0.19020214501131735,0.3763912310286678,0.43834572136458927
10447,0.43902439024390244,0.4150943396226415,0.16528925619834708,0.15384615384615385,0.2764227642276423,0.2641509433962264,0.06690782862144361,0.03254285472813262,0.3444271210250734,0.28626540288347874
10448,0.4482758620689655,0.6564885496183206,0.2441860465116279,0.6356589147286822,0.3103448275862069,0.6564885496183206,0.22571683314133403,0.2830323593925189,0.26438795411721927,0.4549337444787066
10449,0.5032258064516129,0.5179856115107914,0.3137254901960784,0.3065693430656935,0.3225806451612903,0.27338129496402874,0.22626041460091448,0.15032565591454358,0.3966206803577046,0.3558510638297872
10450,0.6614173228346457,0.5436893203883495,0.528,0.3564356435643564,0.5669291338582677,0.4854368932038835,0.4689777636315321,0.13856094063053512,0.5976748797261618,0.3471221169686985
10451,0.47244094488188976,0.6458333333333334,0.31999999999999995,0.46808510638297873,0.4409448818897638,0.6041666666666666,0.20593832459694106,0.3408064277704946,0.5208333333333334,0.5412556537035581
10452,0.3529411764705882,0.32098765432098764,0.09999999999999999,0.1772151898734177,0.23529411764705882,0.2716049382716049,0.07700112744378827,0.10195624818732613,0.31484581900094366,0.2498432089002809
10453,0.4155844155844156,0.3111111111111111,0.09210526315789473,0.07518796992481204,0.2077922077922078,0.17777777777777778,0.0046480229313847505,0.009040652089534853,0.15463917525773196,0.15114087301587306
10454,0.41525423728813565,0.5581395348837208,0.15384615384615385,0.359375,0.25423728813559326,0.3953488372093023,0.06278844751448269,0.22414862848847633,0.22161108511931288,0.36301648971657346
10455,0.6415094339622641,0.4393939393939394,0.49681528662420377,0.24615384615384617,0.5283018867924528,0.3636363636363636,0.3749459469890727,0.11250000326426858,0.5226588583000383,0.2890205761316872
10456,0.5093167701863354,0.4722222222222222,0.22641509433962265,0.2112676056338028,0.2857142857142857,0.20833333333333331,0.1356960624346084,0.08236390000464097,0.4099025974025974,0.3544267627923334
10457,0.4186046511627907,0.3194444444444445,0.11023622047244093,0.08450704225352114,0.18604651162790697,0.16666666666666666,0.03114217365167111,0.06704433774712326,0.3507353100548367,0.222412365647038
10458,0.28037383177570097,0.4197530864197531,0.09523809523809525,0.1518987341772152,0.22429906542056074,0.24691358024691357,0.024289783953423513,0.01550797572530804,0.15838501936741045,0.18702147525676938
10459,0.3157894736842105,0.3404255319148936,0.02366863905325444,0.07194244604316546,0.14035087719298248,0.1702127659574468,0.007620363817816934,0.008172723281322382,0.15151515151515152,0.15024074086271513
10460,0.5862068965517241,0.39639639639639634,0.2631578947368421,0.11009174311926605,0.44827586206896547,0.2522522522522523,0.22693735894518838,0.09449805760757567,0.5317032494435435,0.2857137202748488
10461,0.49504950495049505,0.4833333333333334,0.14141414141414144,0.10169491525423728,0.2772277227722772,0.25,0.060256638605265506,0.04761711960529307,0.38152234554850833,0.32063308798768453
10462,0.591304347826087,0.6000000000000001,0.30088495575221236,0.3673469387755102,0.3826086956521739,0.46,0.10564303681357838,0.23261062540558908,0.5055955235811351,0.4760143007479234
10463,0.3655913978494624,0.2337662337662338,0.06593406593406594,0.026666666666666665,0.25806451612903225,0.18181818181818182,0.02465289405820389,0.006680301536768894,0.19871031746031748,0.1234411252900232
10464,0.4220183486238533,0.6153846153846154,0.1308411214953271,0.35294117647058826,0.23853211009174313,0.5,0.029909967069885617,0.17385399327754872,0.25532268795741847,0.4813336184976593
10465,0.42857142857142855,0.36585365853658536,0.14444444444444443,0.1111111111111111,0.2967032967032967,0.23170731707317074,0.03591851893875037,0.0638950799339246,0.2946484834351323,0.23609058277027026
10466,0.37837837837837834,0.3564356435643565,0.09174311926605505,0.1414141414141414,0.2162162162162162,0.25742574257425743,0.028387481895773576,0.016120802801352,0.30250939986289704,0.1761835791198502
10467,0.5343511450381679,0.46315789473684216,0.21705426356589147,0.19354838709677422,0.32061068702290074,0.37894736842105264,0.08184842492837587,0.10331194738466806,0.4923354640151515,0.40072358770705885
10468,0.5619834710743802,0.5660377358490566,0.4033613445378151,0.423076923076923,0.39669421487603307,0.4528301886792453,0.22506199415579703,0.28222636791220707,0.45594295348139174,0.45926427061310776
10469,0.4155844155844156,0.44776119402985076,0.24,0.2769230769230769,0.36363636363636365,0.417910447761194,0.11132967885262415,0.1022740778592663,0.35683653578390423,0.33653846153846156
10470,0.5526315789473684,0.46017699115044247,0.37168141592920356,0.23214285714285715,0.456140350877193,0.3451327433628319,0.25495328850072474,0.1501412409621921,0.3736919231100767,0.30113252539991353
10471,0.4835164835164835,0.5617977528089888,0.14444444444444446,0.25,0.28571428571428575,0.38202247191011235,0.036139597967473965,0.17971712840163293,0.34657786678418717,0.45180814798326285
10472,0.43809523809523815,0.4485981308411215,0.17475728155339804,0.26666666666666666,0.2857142857142857,0.3551401869158879,0.07289399511244421,0.14935288414807613,0.403831705484598,0.46064169799485394
10473,0.5172413793103448,0.5319148936170214,0.28070175438596495,0.41304347826086957,0.39655172413793105,0.44680851063829785,0.201006830598405,0.3055646160530965,0.44290056448111154,0.4226957667411354
10474,0.3865546218487395,0.2222222222222222,0.10256410256410255,0.09090909090909091,0.15126050420168066,0.13333333333333333,0.049663916399155114,0.06260560802623563,0.29474814621239337,0.1563025210084034
10475,0.31404958677685946,0.4222222222222223,0.05042016806722689,0.09090909090909091,0.19834710743801653,0.2222222222222222,0.008105633842195183,0.012123898135089014,0.2984197768443647,0.30753251445086704
10476,0.24347826086956526,0.2631578947368421,0.08849557522123895,0.13513513513513511,0.12173913043478263,0.15789473684210525,0.018086448528632674,0.07108486297837001,0.2913349405696345,0.2289230769230769
10477,0.42857142857142855,0.4770642201834862,0.14516129032258063,0.14953271028037385,0.2698412698412698,0.2935779816513761,0.08733127100845246,0.10482089222399622,0.274828361132301,0.36507001795332134
10478,0.4295302013422819,0.2644628099173554,0.24489795918367346,0.06722689075630252,0.3087248322147651,0.1322314049586777,0.16525506669221476,0.013077435246985984,0.34229694944958644,0.13204321770016744
10479,0.3508771929824561,0.22988505747126436,0.10714285714285714,0.023529411764705882,0.2105263157894737,0.18390804597701146,0.01197792836163852,0.011597748989988079,0.27023970106487266,0.14030612244897958
10480,0.42953020134228187,0.41379310344827586,0.16326530612244897,0.14035087719298248,0.24161073825503354,0.27586206896551724,0.024806010124424953,0.015763604883022447,0.3287187039764359,0.21196816651362108
10481,0.5842696629213483,0.3850267379679144,0.3409090909090909,0.0972972972972973,0.4269662921348315,0.1925133689839572,0.24890561963637683,0.01075514661833715,0.4409495674447827,0.23874050735948982
10482,0.33707865168539325,0.37837837837837834,0.09195402298850573,0.1388888888888889,0.20224719101123595,0.2162162162162162,0.0105133490705884,0.015293885404881332,0.14864864864864866,0.16449313162928184
10483,0.4625850340136054,0.5,0.30344827586206896,0.32835820895522394,0.272108843537415,0.3235294117647059,0.14084392406536825,0.18032099281635586,0.518099076062387,0.5276404955110496
10484,0.6499999999999999,0.7272727272727273,0.5932203389830508,0.7010309278350515,0.6499999999999999,0.7272727272727273,0.37479373781383113,0.5174792467353946,0.6852318123841842,0.6470024294969512
10485,0.47619047619047616,0.5076923076923077,0.16551724137931034,0.23437499999999997,0.24489795918367344,0.3230769230769231,0.07326296144397654,0.029598013427305923,0.27257818711900345,0.30257529808062744
10486,0.5614035087719298,0.38834951456310685,0.25,0.15841584158415842,0.368421052631579,0.23300970873786409,0.13798696881046063,0.1059585665648455,0.4039917982225675,0.3383088235294118
10487,0.464,0.36507936507936506,0.14634146341463414,0.11290322580645161,0.27199999999999996,0.25396825396825395,0.027577260787461,0.026049559003140394,0.30143155398883714,0.22575488454706927
10488,0.5813953488372093,0.4634146341463415,0.35714285714285715,0.25,0.5348837209302325,0.3170731707317073,0.22991306616760218,0.15989582419292384,0.5088884593808485,0.33246755510620307
10489,0.3870967741935484,0.3571428571428571,0.09836065573770492,0.1090909090909091,0.25806451612903225,0.25,0.05052802217696963,0.057507695511731904,0.26972438162544166,0.21973497042749118
10490,0.47058823529411764,0.42857142857142855,0.1,0.21951219512195122,0.2549019607843137,0.28571428571428564,0.02875898745489451,0.07282712320195275,0.2079395085066163,0.21882352941176472
10491,0.6470588235294118,0.6326530612244898,0.37623762376237624,0.3505154639175258,0.45098039215686275,0.40816326530612246,0.22614454365857653,0.21635598541514217,0.4497322613526987,0.47813606775783063
10492,0.4427480916030535,0.5793103448275861,0.12403100775193798,0.15384615384615385,0.30534351145038174,0.4,0.04963325875280221,0.03196125127609901,0.22203445524104587,0.357831934079602
10493,0.27586206896551724,0.2891566265060241,0.08771929824561404,0.04938271604938272,0.20689655172413793,0.19277108433734938,0.05263353785583368,0.011810182873288923,0.19198819312671303,0.12890466531440162
10494,0.5952380952380952,0.6580645161290322,0.42168674698795183,0.47058823529411764,0.5476190476190476,0.5806451612903226,0.22228869507994534,0.2509955739990738,0.5076149295520231,0.6367615774832269
10495,0.44274809160305345,0.32352941176470584,0.2325581395348837,0.14925373134328357,0.3206106870229008,0.20588235294117646,0.1011681378498942,0.07594495544330344,0.4407498715078446,0.2530816248067855
10496,0.6666666666666667,0.6290322580645161,0.3862068965517241,0.32786885245901637,0.5306122448979591,0.4516129032258064,0.1711476909788284,0.11508559077513322,0.6014499817745641,0.4544512541858848
10497,0.3125,0.27586206896551724,0.06329113924050633,0.017543859649122803,0.1375,0.12068965517241378,0.011835915731037863,0.0075685516494977635,0.20218673202265197,0.14563106796116507
10498,0.35220125786163525,0.38235294117647056,0.089171974522293,0.1492537313432836,0.21383647798742136,0.27941176470588236,0.027417959278026573,0.13816125306706456,0.20737542753210447,0.27218713340036865
10499,0.5179856115107914,0.4963503649635036,0.1605839416058394,0.2074074074074074,0.2589928057553957,0.35036496350364954,0.0263330480873643,0.10000698173792696,0.3157165835418954,0.3512264323631704
10500,0.49484536082474223,0.6138613861386139,0.3157894736842105,0.46464646464646464,0.4329896907216495,0.37623762376237624,0.21476910198931232,0.31785756339795485,0.3865022013993666,0.4577054263565891
10501,0.546875,0.5853658536585366,0.31746031746031744,0.4132231404958677,0.4375,0.40650406504065045,0.15363113986445556,0.20080143117808877,0.6045400238948625,0.5999569289028384
10502,0.368,0.2631578947368421,0.048780487804878044,0.03571428571428571,0.256,0.1929824561403509,0.021318569027048276,0.01001757146410903,0.2448769631309314,0.1820082871858421
10503,0.5357142857142857,0.5620915032679739,0.1807228915662651,0.37086092715231783,0.2857142857142857,0.43137254901960786,0.10293334389813502,0.2675737497172296,0.2980520334366488,0.3568640988372094
10504,0.5034965034965035,0.5217391304347826,0.18439716312056736,0.1911764705882353,0.3356643356643356,0.34782608695652173,0.09702457466997208,0.0962723838360614,0.366423821366782,0.3693090483066779
10505,0.5714285714285713,0.4772727272727273,0.23300970873786409,0.18604651162790697,0.43809523809523804,0.38636363636363635,0.11462901303966246,0.07811886510408793,0.41450927842136015,0.32324128597420526
10506,0.34615384615384615,0.5245901639344261,0.2352941176470588,0.3728813559322034,0.3269230769230769,0.29508196721311475,0.09087571122869216,0.14059443454309922,0.3720387053720387,0.3723176730591003
10507,0.336283185840708,0.37931034482758624,0.09009009009009009,0.15789473684210528,0.21238938053097345,0.2241379310344828,0.02886030108828523,0.03673912126516739,0.28766033663740836,0.337816103330529
10508,0.5681818181818181,0.4785276073619632,0.2528735632183908,0.1863354037267081,0.28409090909090906,0.23312883435582823,0.12586014935877557,0.10617251166278575,0.38672414297908386,0.3146776668688557
10509,0.4,0.3692307692307692,0.2580645161290323,0.25396825396825395,0.35789473684210527,0.3384615384615385,0.15275393757315023,0.11546819163312083,0.43134375,0.22420694991085544
10510,0.3333333333333333,0.3333333333333333,0.09999999999999999,0.12195121951219512,0.21568627450980393,0.23809523809523814,0.022042716406087945,0.03319866468914289,0.20995807127882601,0.2958776958776959
10511,0.4918032786885246,0.42857142857142855,0.21666666666666667,0.18749999999999997,0.31147540983606553,0.2857142857142857,0.10149715550199877,0.1105599645532686,0.3252133333333334,0.2739800347222222
10512,0.35294117647058826,0.25210084033613445,0.07947019867549668,0.05128205128205129,0.23529411764705882,0.18487394957983194,0.010905260422017022,0.009432905932751631,0.18245032141438322,0.12400898320923641
10513,0.4,0.3870967741935484,0.1415929203539823,0.13186813186813187,0.3130434782608696,0.34408602150537637,0.021990027132975692,0.02926030824737281,0.3619552752293578,0.3042168674698795
10514,0.4,0.36734693877551017,0.13095238095238096,0.12413793103448277,0.2705882352941177,0.2040816326530612,0.03145090609415972,0.019509445341705685,0.26106988573021184,0.18652078747110779
10515,0.5068493150684932,0.47457627118644075,0.34722222222222215,0.31034482758620696,0.2465753424657534,0.288135593220339,0.19959706248289544,0.2687591021898427,0.5467600700525393,0.44307604808102463
10516,0.3853211009174312,0.3333333333333333,0.1308411214953271,0.024390243902439025,0.29357798165137616,0.16666666666666666,0.024165196107975555,0.01287815652724138,0.21829174170311297,0.13393362781741988
10517,0.43478260869565216,0.39999999999999997,0.16176470588235295,0.13559322033898302,0.2608695652173913,0.26666666666666666,0.014241581731341027,0.013663413033737177,0.253173579109063,0.17255035818531117
10518,0.37735849056603776,0.4883720930232558,0.14012738853503182,0.21176470588235294,0.2767295597484277,0.3604651162790698,0.0860935902437023,0.09831768592881128,0.32413350449293965,0.43477137690519246
10519,0.6534653465346535,0.7341772151898733,0.5252525252525252,0.6233766233766234,0.4356435643564356,0.7341772151898733,0.34272020523204116,0.44423069210416805,0.5771541740794199,0.598194130925508
10520,0.5090909090909091,0.4578313253012048,0.2592592592592593,0.24691358024691357,0.41818181818181815,0.38554216867469876,0.06639856290079406,0.10952542777192922,0.5052661870503597,0.3529597974042418
10521,0.3777777777777777,0.5405405405405405,0.11363636363636363,0.3611111111111111,0.2222222222222222,0.48648648648648646,0.012138611630770825,0.1814413801502319,0.2005347593582888,0.47662292817679563
10522,0.4126984126984127,0.30000000000000004,0.14516129032258066,0.061224489795918366,0.34920634920634924,0.16,0.023199901472763705,0.006415476858978195,0.23476819942431534,0.14285714285714285
10523,0.5024630541871922,0.48314606741573035,0.23880597014925375,0.18181818181818182,0.28571428571428575,0.1797752808988764,0.1822757726737253,0.09718612259480645,0.36472233364895185,0.24694337194337193
10524,0.5244444444444445,0.3859649122807018,0.2690582959641255,0.06194690265486725,0.24,0.17543859649122806,0.21716600596662747,0.008346824898008916,0.3550787230324466,0.18899937614609522
10525,0.375,0.3191489361702127,0.09090909090909091,0.08695652173913043,0.25,0.19148936170212766,0.032883800733786626,0.029021161430638386,0.23715415019762845,0.17203705252592838
10526,0.5,0.6857142857142856,0.2676056338028169,0.5631067961165049,0.38888888888888895,0.6666666666666665,0.2077348356833364,0.4479851822296637,0.45964805825242716,0.5561383102463783
10527,0.16981132075471697,0.18691588785046728,0.0,0.0,0.09433962264150943,0.09345794392523364,0.005308684982537243,0.005310303353471207,0.0628366247755835,0.07155635062611805
10528,0.37894736842105264,0.3956043956043956,0.06451612903225808,0.11235955056179774,0.2105263157894737,0.26373626373626374,0.012144296109460545,0.014968863611600634,0.1706827309236948,0.23593964334705075
10529,0.5547445255474452,0.5151515151515151,0.3703703703703704,0.24615384615384614,0.32116788321167883,0.2878787878787879,0.1983514760845091,0.09306148874418636,0.47822325861290804,0.4296875000000001
10530,0.3137254901960784,0.35114503816793896,0.052980132450331126,0.031007751937984496,0.1830065359477124,0.16793893129770993,0.009809696912487337,0.011484694012684852,0.199644435902364,0.17885615015621445
10531,0.5882352941176471,0.43076923076923074,0.423841059602649,0.265625,0.5098039215686274,0.3846153846153846,0.3115020101969021,0.2243016661019901,0.5703771266420906,0.26229030904529066
10532,0.736842105263158,0.39694656488549623,0.5333333333333333,0.27906976744186046,0.4473684210526316,0.33587786259541985,0.3302842177689975,0.13878344866360343,0.4684945978391356,0.26557807807807804
10533,0.8190476190476191,0.7413793103448275,0.7961165048543689,0.7192982456140351,0.8190476190476191,0.7413793103448275,0.5237910609466034,0.4489060323515058,0.7812480936985299,0.7536496612999174
10534,0.6,0.5536723163841808,0.449438202247191,0.3771428571428571,0.5222222222222221,0.4632768361581921,0.30210221234077483,0.26109743465052015,0.5084675687408554,0.39241642751458344
10535,0.4158415841584158,0.32692307692307687,0.24242424242424238,0.09803921568627451,0.3564356435643564,0.15384615384615385,0.139565744088534,0.022488248919237203,0.377157468570211,0.206783452297175
10536,0.5217391304347827,0.5409836065573771,0.23529411764705882,0.26666666666666666,0.36231884057971014,0.4098360655737705,0.1532852636382113,0.1538266579440298,0.44057800700746447,0.36947411067160457
10537,0.33082706766917297,0.2706766917293233,0.03053435114503817,0.015267175572519085,0.19548872180451127,0.19548872180451127,0.010988568788654035,0.008518268872132105,0.17391552511415528,0.1585724486536257
10538,0.48322147651006714,0.46896551724137925,0.163265306122449,0.18181818181818185,0.32214765100671144,0.30344827586206896,0.035206410760008536,0.03070601074585293,0.3441788819061509,0.31067578853535155
10539,0.4404761904761905,0.524822695035461,0.10843373493975904,0.17266187050359713,0.2738095238095238,0.2695035460992908,0.02487314473046627,0.07542176708330776,0.23638701319095476,0.2374917502439498
10540,0.28148148148148144,0.20312499999999997,0.10526315789473684,0.04761904761904762,0.14814814814814814,0.125,0.01608125775832021,0.005786691052083898,0.16374837872892348,0.09725490196078432
10541,0.5897435897435898,0.6184210526315789,0.35064935064935066,0.36000000000000004,0.39743589743589747,0.39473684210526316,0.14461822536769547,0.18987624348542864,0.4359516693926134,0.44672943959243083
10542,0.5043478260869565,0.5843621399176955,0.21929824561403508,0.34024896265560167,0.29565217391304344,0.345679012345679,0.11092634133901112,0.26091943943180923,0.2739958625418954,0.3761302448655649
10543,0.44578313253012053,0.46511627906976744,0.10975609756097561,0.14117647058823532,0.26506024096385544,0.3023255813953488,0.07514015083804461,0.08709053835528478,0.3265103770154275,0.3689185062295461
10544,0.27184466019417475,0.4523809523809524,0.099009900990099,0.19512195121951217,0.19417475728155337,0.3333333333333333,0.04352191201803608,0.06407123783602851,0.21319444444444444,0.3020838942437133
10545,0.4262295081967213,0.3392857142857143,0.2,0.09090909090909093,0.32786885245901637,0.23214285714285715,0.10100394968662196,0.06199353737001537,0.37815503875968987,0.3003843079719269
10546,0.28346456692913385,0.36974789915966383,0.064,0.08547008547008547,0.18897637795275593,0.20168067226890757,0.010685362716233774,0.012679611007327772,0.2059206578224952,0.19546359993514464
10547,0.19130434782608696,0.3191489361702128,0.053097345132743355,0.08695652173913043,0.10434782608695652,0.14893617021276598,0.010768046681752604,0.02150030160523237,0.1253242444350606,0.19017841133225746
10548,0.41481481481481486,0.46616541353383456,0.10526315789473684,0.15267175572519087,0.3111111111111111,0.3609022556390978,0.021909011426950186,0.07370193737280066,0.31888900613180443,0.4015603521827748
10549,0.582857142857143,0.5263157894736843,0.23121387283236994,0.22485207100591714,0.34285714285714286,0.32748538011695905,0.10031007301687819,0.14117835628913342,0.44847914411658585,0.4020700636942675
10550,0.4375,0.43373493975903615,0.25531914893617025,0.19753086419753085,0.33333333333333337,0.24096385542168677,0.17253014547815176,0.04450892452163536,0.4162067217906262,0.32455012853470444
10551,0.6580645161290324,0.44094488188976383,0.33986928104575165,0.20799999999999996,0.46451612903225814,0.33070866141732286,0.09008240149176408,0.07080308716272525,0.46379488203387575,0.23483659197944906
10552,0.19999999999999998,0.2247191011235955,0.0,0.0,0.12000000000000002,0.15730337078651685,0.004944146150086003,0.005512554695624458,0.12658227848101264,0.1168831168831169
10553,0.46969696969696967,0.5094339622641509,0.2461538461538462,0.23076923076923078,0.2878787878787879,0.3018867924528302,0.09141373155194515,0.11536091936654003,0.35009704677887066,0.31760811090420027
10554,0.4677419354838709,0.5052631578947369,0.1639344262295082,0.15053763440860213,0.33870967741935487,0.29473684210526313,0.027815331748455845,0.0323818541022257,0.3720451467268623,0.37180012567275905
10555,0.5139664804469274,0.548780487804878,0.2824858757062147,0.22222222222222224,0.3575418994413408,0.36585365853658536,0.1859998205116561,0.12094572053167542,0.37346211529921763,0.3577727900552486
10556,0.42424242424242425,0.39603960396039606,0.16494845360824742,0.08080808080808081,0.30303030303030304,0.25742574257425743,0.10547213336960153,0.017428750350316505,0.31425061538532595,0.27142301030741717
10557,0.41379310344827586,0.45528455284552843,0.16783216783216784,0.21487603305785125,0.2482758620689655,0.30894308943089427,0.0894247311883092,0.11177924493650551,0.42409772911597726,0.33507047619047625
10558,0.3584905660377358,0.5116279069767441,0.2115384615384615,0.26190476190476186,0.3018867924528302,0.37209302325581395,0.11202038735681615,0.10316499681369733,0.34759963768115937,0.4789017341040463
10559,0.4113475177304965,0.4423076923076923,0.17266187050359713,0.29411764705882354,0.29787234042553196,0.40384615384615385,0.08633629387066016,0.24361164637059876,0.4116087849173008,0.4116389891696751
10560,0.39669421487603307,0.20253164556962022,0.1680672268907563,0.025974025974025976,0.24793388429752067,0.10126582278481011,0.07559166048250947,0.013027212489884154,0.41391058823529414,0.16592689295039162
10561,0.4861878453038674,0.40522875816993464,0.1340782122905028,0.07947019867549668,0.287292817679558,0.16993464052287582,0.06902417088294101,0.010718753846778969,0.26446136997212266,0.18428027516030437
10562,0.45454545454545453,0.7058823529411764,0.4375,0.6938775510204082,0.45454545454545453,0.7058823529411764,0.2894067212648921,0.4910891431694488,0.6722475900558094,0.8227322070696792
10563,0.4444444444444444,0.3962264150943396,0.1774193548387097,0.17307692307692307,0.3174603174603175,0.28301886792452835,0.08797452587056194,0.09662144209307952,0.32562302079030714,0.2675434362934363
10564,0.43,0.40641711229946526,0.1919191919191919,0.14054054054054058,0.21,0.21390374331550802,0.12136969164355323,0.08180389327033558,0.29650608744228846,0.2777304609218437
10565,0.3434343434343434,0.31683168316831684,0.08247422680412371,0.06060606060606061,0.18181818181818185,0.19801980198019803,0.012877338632854628,0.014499056325962203,0.17942583732057418,0.22507662978468898
10566,0.2926829268292683,0.2608695652173913,0.16528925619834708,0.1415929203539823,0.26016260162601623,0.22608695652173916,0.10393174655454601,0.0970360931849073,0.35760881015858603,0.28809144072301973
10567,0.5377358490566038,0.48430493273542596,0.24761904761904766,0.18099547511312217,0.3584905660377358,0.28699551569506726,0.11907053699591276,0.10149301876556152,0.3226244163151374,0.30619931251821036
10568,0.5093167701863355,0.3220338983050848,0.31446540880503143,0.034482758620689655,0.3354037267080745,0.1864406779661017,0.26585779902057394,0.009037677558930514,0.4823871309735872,0.1652411145708048
10569,0.46153846153846156,0.21686746987951808,0.11235955056179774,0.04938271604938271,0.2197802197802198,0.19277108433734938,0.09957827795072792,0.00961889788545792,0.20102998130341881,0.08086956521739132
10570,0.4390243902439025,0.4090909090909091,0.125,0.11627906976744186,0.2682926829268293,0.25,0.015894780290856184,0.01573366652450736,0.23671874999999998,0.24732561867840386
10571,0.595505617977528,0.5962732919254657,0.3522727272727273,0.3018867924528302,0.4044943820224719,0.39751552795031053,0.23771674671807752,0.21167443361593988,0.430320877745478,0.46296745143029505
10572,0.34188034188034183,0.2272727272727273,0.1565217391304348,0.06976744186046512,0.2735042735042735,0.1590909090909091,0.09664793864950325,0.010554167938997182,0.2983223062381853,0.14880000000000002
10573,0.5198237885462554,0.5272727272727272,0.24000000000000002,0.28440366972477066,0.3171806167400881,0.34545454545454546,0.16136093969324827,0.16758275785388602,0.28564634129282246,0.3137629620693248
10574,0.5596330275229358,0.65,0.2685185185185185,0.3939393939393939,0.35779816513761464,0.33,0.12646893382436064,0.2457424939139509,0.34015186200933367,0.4192113797803689
10575,0.8208955223880596,0.7751937984496123,0.6818181818181818,0.7244094488188977,0.6567164179104478,0.7751937984496123,0.5116396818733965,0.614542110520692,0.7464775193798451,0.701707091953105
10576,0.4444444444444444,0.5168539325842696,0.3018867924528302,0.32183908045977017,0.3888888888888889,0.2921348314606742,0.20323191718593375,0.1934862254921286,0.4648264835888273,0.41896112739438085
10577,0.48366013071895425,0.33802816901408445,0.3311258278145695,0.11428571428571428,0.3790849673202614,0.21126760563380284,0.15926595728005016,0.021493009662108976,0.5040042752412349,0.21183333333333332
10578,0.6732673267326733,0.5192307692307693,0.45,0.2621359223300971,0.32673267326732675,0.3269230769230769,0.36712723275436254,0.22521084268896857,0.47286085052915927,0.388296355356568
10579,0.510948905109489,0.4761904761904762,0.20740740740740743,0.21951219512195125,0.3211678832116789,0.380952380952381,0.08308134362967103,0.06440064660426675,0.36800788497217063,0.23036176241120185
10580,0.6829268292682927,0.8333333333333333,0.6280991735537191,0.8085106382978723,0.6829268292682927,0.8333333333333333,0.5386828019404591,0.5633333075326757,0.6373370066230167,0.6555601880805132
10581,0.34146341463414637,0.35135135135135137,0.09999999999999999,0.08333333333333334,0.24390243902439027,0.2162162162162162,0.015395110159015185,0.015013144370355695,0.18561536743354926,0.12430939226519337
10582,0.5619834710743802,0.540983606557377,0.2521008403361344,0.24999999999999994,0.49586776859504134,0.49180327868852464,0.11256551482762386,0.13021154883985842,0.4424043326939602,0.39185849817975565
10583,0.3925233644859813,0.2553191489361702,0.19047619047619047,0.021739130434782608,0.2616822429906542,0.14893617021276595,0.14261112415478525,0.005313915806163829,0.3108783783783784,0.10128913443830571
10584,0.5052631578947369,0.46236559139784944,0.22340425531914893,0.1739130434782609,0.3052631578947368,0.3118279569892473,0.12765399180208445,0.07123672103736955,0.3576012307577486,0.3189315486736274
10585,0.3913043478260869,0.22448979591836735,0.22058823529411764,0.020833333333333332,0.30434782608695654,0.14285714285714285,0.1297692292533515,0.0105133490705884,0.4061262085656148,0.14676674364896072
10586,0.3841059602649006,0.38571428571428573,0.13422818791946306,0.14492753623188404,0.23841059602649003,0.22857142857142856,0.027900138390371292,0.025633438243581257,0.2552712726060505,0.25089975129707925
10587,0.54421768707483,0.49586776859504134,0.31724137931034485,0.3025210084033613,0.36734693877551017,0.34710743801652894,0.1955298778613308,0.21729633692298647,0.5560637554685174,0.4723854522353689
10588,0.8727272727272727,0.9056603773584906,0.7407407407407408,0.7692307692307693,0.8545454545454546,0.8867924528301887,0.6061064856602916,0.5485279926829254,0.8005918858632036,0.7722801221989973
10589,0.42857142857142855,0.603174603174603,0.20967741935483872,0.467741935483871,0.3015873015873015,0.5079365079365079,0.1597731661240391,0.3159445772578196,0.289795674411059,0.43219563634913194
10590,0.11940298507462686,0.3,0.061538461538461535,0.10344827586206896,0.08955223880597014,0.13333333333333333,0.006132910803680854,0.016241925417280284,0.0308641975308642,0.15129080023176464
10591,0.6060606060606061,0.5398773006134969,0.28220858895705525,0.2484472049689441,0.2545454545454546,0.2576687116564417,0.11701509829749221,0.1268404913772899,0.47330952199415804,0.3950653748393188
10592,0.4098360655737705,0.40601503759398494,0.13333333333333333,0.15267175572519084,0.21311475409836067,0.2255639097744361,0.035913054071235406,0.03285702044797772,0.332123271800417,0.336196569655927
10593,0.5631067961165049,0.625,0.31683168316831684,0.4893617021276596,0.4077669902912621,0.6041666666666666,0.1370185793802203,0.3000300075022508,0.4616068411022786,0.5526315789473684
10594,0.5170068027210885,0.46875000000000006,0.12413793103448276,0.07936507936507937,0.1904761904761905,0.23437500000000003,0.02289355938731725,0.013033247937897598,0.28856473978029895,0.23429915966386558
10595,0.4745762711864407,0.35593220338983045,0.18285714285714286,0.15517241379310345,0.2485875706214689,0.23728813559322032,0.12730618631180238,0.031427650050725876,0.28445613918586893,0.14887721938893492
10596,0.3296703296703296,0.380952380952381,0.20224719101123595,0.14634146341463414,0.3076923076923077,0.28571428571428564,0.04102205109963975,0.047438660354560874,0.27619775739041796,0.3258228051822644
10597,0.5555555555555555,0.3470319634703196,0.256,0.1566820276497696,0.3095238095238095,0.2557077625570776,0.11029877478633321,0.05004810637966132,0.3043925686819993,0.13455330719194988
10598,0.5591397849462365,0.5555555555555556,0.2857142857142857,0.2571428571428571,0.43010752688172044,0.3055555555555555,0.17478688832964667,0.11468306096967218,0.5135508274231678,0.41310070147875577
10599,0.4444444444444445,0.3592814371257485,0.2011834319526627,0.08484848484848485,0.1754385964912281,0.15568862275449102,0.12699776721448383,0.011815126018368604,0.2912650046168052,0.2244761540980028
10600,0.5851063829787234,0.3854166666666667,0.43010752688172044,0.1789473684210526,0.36170212765957444,0.2604166666666667,0.25666168568016634,0.07763106931697798,0.38839285714285715,0.2471688583774481
10601,0.5294117647058824,0.4799999999999999,0.26,0.3013698630136986,0.27450980392156865,0.4266666666666667,0.11470714478681972,0.18163812806744759,0.4274589706374902,0.39744329104190695
10602,0.596774193548387,0.42553191489361697,0.26229508196721313,0.21739130434782608,0.4032258064516129,0.25531914893617025,0.18262916851148753,0.03186465591203971,0.5090441777433646,0.19151121096586782
10603,0.4583333333333333,0.47916666666666663,0.19718309859154928,0.14893617021276595,0.2777777777777778,0.25,0.07768398542436605,0.02012557674906113,0.35468413035937807,0.24668355634264721
10604,0.4153846153846154,0.2127659574468085,0.28125,0.08695652173913043,0.3384615384615385,0.14893617021276595,0.2136028833888115,0.015062201998511071,0.33471802773497694,0.13471544715447153
10605,0.3016759776536313,0.22666666666666666,0.07909604519774012,0.08108108108108109,0.1787709497206704,0.17333333333333334,0.009433776312136107,0.00700503115954995,0.17368182846797914,0.11988460305588203
10606,0.30000000000000004,0.3669724770642202,0.10169491525423728,0.07476635514018692,0.26666666666666666,0.27522935779816515,0.014251117838838673,0.013366084221802816,0.195446584938704,0.18603946208112873
10607,0.2753623188405797,0.29473684210526313,0.08823529411764706,0.10752688172043011,0.20289855072463767,0.18947368421052632,0.010849352086869957,0.011929990693643719,0.20101570302373523,0.14660918149622754
10608,0.5359477124183005,0.6478873239436619,0.2913907284768212,0.557142857142857,0.261437908496732,0.619718309859155,0.17638570425721847,0.39223804144041685,0.3016459365940335,0.47263112108239275
10609,0.39160839160839156,0.4210526315789474,0.15602836879432624,0.15267175572519084,0.26573426573426573,0.2706766917293233,0.033513892305316685,0.10454116161692209,0.284862982080658,0.3208001500034541
10610,0.6530612244897959,0.6502463054187193,0.48453608247422686,0.46766169154228854,0.5306122448979592,0.32512315270935965,0.41111008792868264,0.37394433912538744,0.5457604364285898,0.5385916686082151
10611,0.5102040816326531,0.5542168674698795,0.24999999999999994,0.29629629629629634,0.4081632653061224,0.38554216867469876,0.15887772073617445,0.13515685748589848,0.32206632653061223,0.31266784482907983
10612,0.3973509933774835,0.43298969072164945,0.1610738255033557,0.16842105263157894,0.22516556291390727,0.24742268041237112,0.0444972979881658,0.019811544167022868,0.38902407866308486,0.3045981158993888
10613,0.6461538461538462,0.6829268292682927,0.46875000000000006,0.4793388429752066,0.4769230769230769,0.5040650406504066,0.2853619037727829,0.3123985824914641,0.5839570063694268,0.603864734299517
10614,0.49504950495049505,0.5242718446601942,0.2828282828282829,0.19801980198019803,0.37623762376237624,0.27184466019417475,0.20191945899175634,0.04005809814407103,0.32318840579710145,0.3418321299638989
10615,0.4102564102564103,0.26865671641791045,0.10526315789473685,0.030769230769230774,0.2564102564102564,0.14925373134328357,0.0322783642152686,0.014232564072333252,0.3161805555555556,0.14516129032258066
10616,0.4029850746268656,0.37999999999999995,0.13636363636363638,0.18367346938775514,0.208955223880597,0.24,0.030934579348516747,0.033224673580479716,0.25478798423557014,0.2143922445935869
10617,0.3434343434343434,0.33333333333333337,0.10309278350515465,0.15789473684210525,0.1818181818181818,0.25641025641025644,0.015270643908004094,0.09774364241909034,0.2136671686746988,0.2508796296296296
10618,0.4581005586592179,0.3926380368098159,0.22598870056497175,0.14906832298136646,0.2569832402234637,0.26993865030674846,0.08693648489904443,0.034899847385939535,0.24023167224910238,0.19665262930569055
10619,0.5511811023622047,0.4782608695652174,0.256,0.13333333333333333,0.3307086614173228,0.2391304347826087,0.08860910762114232,0.03776871436229242,0.5266820790816326,0.2664570230607966
10620,0.5766871165644172,0.5957446808510637,0.4099378881987578,0.44604316546762596,0.49079754601226994,0.5390070921985816,0.31404135603965816,0.3468824610702061,0.5303863414200657,0.48638763850415506
10621,0.48598130841121495,0.449438202247191,0.1904761904761905,0.2298850574712644,0.2803738317757009,0.3146067415730337,0.018614823157031567,0.013988640245685146,0.25773895370671346,0.1917680352917395
10622,0.4897959183673469,0.4675324675324675,0.3125,0.29333333333333333,0.4489795918367347,0.3896103896103896,0.16034470428928307,0.15113799638820136,0.4720023453532688,0.3676591069001745
10623,0.44970414201183434,0.5061728395061728,0.20359281437125748,0.23750000000000002,0.3668639053254438,0.35802469135802467,0.1687894814906938,0.04787480380131967,0.4404425715744669,0.34456651060739507
10624,0.4,0.5555555555555555,0.1699346405228758,0.29577464788732394,0.23225806451612901,0.3194444444444444,0.10158358880051309,0.14897901635948985,0.22782210846799827,0.42235320940961874
10625,0.5076923076923077,0.4580152671755725,0.234375,0.15503875968992248,0.39999999999999997,0.2900763358778626,0.12532225797931812,0.0714241885225848,0.34616991643454037,0.25909731748209114
10626,0.46153846153846156,0.5325443786982248,0.22222222222222224,0.2754491017964072,0.30769230769230765,0.3905325443786983,0.10231204048736081,0.13833312767145262,0.3328272004691672,0.34128440366972473
10627,0.5192307692307692,0.6744186046511628,0.3137254901960784,0.5,0.23076923076923075,0.627906976744186,0.197603544613522,0.3260081154215759,0.3934032258064516,0.5099372384937239
10628,0.3609022556390977,0.375,0.16793893129770993,0.15873015873015872,0.2556390977443609,0.28124999999999994,0.06683499661313454,0.05996709316868627,0.30434602076124573,0.29817404817404813
10629,0.29702970297029707,0.2647058823529411,0.1818181818181818,0.0909090909090909,0.21782178217821782,0.1764705882352941,0.03068203991829165,0.03248847222172617,0.34215303372022665,0.16787360105332452
10630,0.6607142857142857,0.56,0.45454545454545453,0.44897959183673475,0.5535714285714286,0.54,0.4026886312633776,0.36479658866045256,0.5522412793106306,0.4459334294725241
10631,0.4153846153846154,0.42592592592592593,0.28125,0.3018867924528302,0.23076923076923078,0.37037037037037035,0.16409233866927597,0.2030663481287723,0.5431672250139588,0.5197581254724112
10632,0.42857142857142855,0.4776119402985075,0.19512195121951217,0.1846153846153846,0.23809523809523808,0.26865671641791045,0.033819469181511776,0.04026295503765222,0.2794966236955187,0.24575728466218377
10633,0.5436893203883495,0.4931506849315068,0.4158415841584158,0.28169014084507044,0.3106796116504854,0.35616438356164387,0.24038544882732038,0.17465247627296174,0.5162738496071829,0.3290055859742271
10634,0.2517482517482518,0.1904761904761905,0.028368794326241138,0.038834951456310676,0.18181818181818182,0.13333333333333333,0.016480254203901458,0.01798853645281942,0.16916732909379967,0.1254637436762226
10635,0.5074626865671642,0.42990654205607476,0.3181818181818182,0.17142857142857143,0.4626865671641791,0.22429906542056074,0.20289361160577146,0.10292729846544825,0.5209250710227272,0.30394407070307344
10636,0.4727272727272727,0.44067796610169496,0.25925925925925924,0.24137931034482757,0.2727272727272727,0.20338983050847456,0.04644126633214329,0.12563531974519032,0.2830198457668814,0.27152553542009883
10637,0.4657534246575342,0.5148514851485148,0.20833333333333331,0.2626262626262626,0.31506849315068497,0.396039603960396,0.10806365615591718,0.17426642531691175,0.4929821288661716,0.41804761904761906
10638,0.6555555555555556,0.7272727272727274,0.35955056179775285,0.45398773006134974,0.4222222222222223,0.5454545454545454,0.23167433048362315,0.27272861231823176,0.5270382050354133,0.5610553613710678
10639,0.43199999999999994,0.45714285714285713,0.17886178861788618,0.1747572815533981,0.288,0.32380952380952377,0.013506375157372071,0.01444827556737232,0.30489554637281907,0.2043010752688172
10640,0.4642857142857143,0.39370078740157477,0.1686746987951807,0.096,0.21428571428571427,0.22047244094488186,0.08682673794874081,0.034742069223970655,0.35737096627026377,0.2356122622171739
10641,0.4117647058823529,0.4666666666666667,0.13999999999999999,0.15909090909090912,0.23529411764705882,0.26666666666666666,0.01465869850971218,0.015212490759174734,0.2100468783294268,0.18520084891732283
10642,0.46774193548387094,0.4130434782608696,0.1639344262295082,0.13333333333333333,0.2580645161290323,0.3043478260869565,0.07730946223161274,0.07695876683543307,0.3343191193317305,0.2533625438420947
10643,0.548148148148148,0.562874251497006,0.3308270676691729,0.30303030303030304,0.4,0.39520958083832336,0.1527796156356334,0.15526331404372815,0.40605040080589855,0.5107162805579055
10644,0.34965034965034963,0.6346153846153846,0.1276595744680851,0.4509803921568628,0.23776223776223776,0.576923076923077,0.06967850157268453,0.3344153861101143,0.2418228378535677,0.509431045145331
10645,0.5106382978723404,0.40223463687150834,0.17204301075268816,0.14689265536723164,0.3191489361702127,0.27932960893854747,0.027313732942117138,0.02363464053138601,0.3274361740381158,0.24289226668072336
10646,0.707182320441989,0.6705882352941176,0.5027932960893854,0.34523809523809523,0.6077348066298343,0.5529411764705883,0.4016792328551068,0.17643680009272575,0.5922801174253938,0.4076420697901643
10647,0.5614035087719297,0.48226950354609927,0.33136094674556216,0.2589928057553957,0.47953216374269003,0.425531914893617,0.23087951968044965,0.1348845085220622,0.560537768894885,0.3212341392318244
10648,0.5904761904761904,0.4383561643835616,0.3300970873786408,0.028169014084507043,0.5142857142857143,0.273972602739726,0.22921962305167218,0.012555488146907315,0.4689075630252101,0.17724885313476493
10649,0.39999999999999997,0.5000000000000001,0.163265306122449,0.26666666666666666,0.34,0.43478260869565216,0.06979764932727962,0.08791866703374213,0.35245160273165543,0.37610581758058187
10650,0.4642857142857143,0.4583333333333333,0.27710843373493976,0.29577464788732394,0.380952380952381,0.4027777777777778,0.19312709727673394,0.2239593805090609,0.4490228587218554,0.3802710843373494
10651,0.33587786259541985,0.32624113475177313,0.17054263565891475,0.12949640287769784,0.25954198473282447,0.1843971631205674,0.06749332099996024,0.037959454628892046,0.3502357402632717,0.3009555622803138
10652,0.3119266055045872,0.38095238095238093,0.07476635514018691,0.05825242718446602,0.1651376146788991,0.19047619047619047,0.013989518287167822,0.013868787330844939,0.17524059492563432,0.14910536779324057
10653,0.4297520661157025,0.6476190476190475,0.28571428571428575,0.46601941747572817,0.396694214876033,0.6095238095238094,0.18639950019674756,0.3180714086216111,0.40389180885638837,0.5205118436788703
10654,0.46428571428571425,0.3925233644859813,0.32727272727272727,0.2095238095238095,0.42857142857142855,0.31775700934579443,0.20712331065618433,0.13596634387289888,0.23605342679342653,0.19186390196212172
10655,0.611111111111111,0.4878048780487805,0.25842696629213485,0.20987654320987653,0.35555555555555557,0.3536585365853659,0.033284032959330155,0.09493796019422956,0.39763159764005884,0.3119533867258474
10656,0.5142857142857143,0.4418604651162791,0.2912621359223301,0.1904761904761905,0.4,0.3255813953488372,0.21393324713799852,0.1404627236898623,0.44999999999999996,0.327209029631175
10657,0.7555555555555556,0.7555555555555556,0.5714285714285715,0.5714285714285715,0.6518518518518519,0.6518518518518519,0.4352002966375611,0.4352002966375611,0.7611461890878802,0.7611461890878802
10658,0.5502645502645502,0.5732484076433121,0.2245989304812834,0.3354838709677419,0.33862433862433866,0.4458598726114649,0.12520407373162634,0.17732964342222762,0.3915721175452415,0.3590728100113766
10659,0.4216867469879518,0.3972602739726028,0.12195121951219513,0.1527777777777778,0.26506024096385544,0.24657534246575344,0.03001487961377406,0.07228459907608645,0.32191910183096367,0.28125916153620634
10660,0.43373493975903615,0.44303797468354433,0.18292682926829265,0.15384615384615385,0.2891566265060241,0.21518987341772153,0.10064318638206735,0.05351040493357524,0.26636076425455096,0.23309145673603504
10661,0.5562913907284769,0.6917293233082706,0.3758389261744966,0.48854961832061067,0.490066225165563,0.5563909774436091,0.2505344312007202,0.33302380147259203,0.5295219041756437,0.601475955431934
10662,0.535031847133758,0.4285714285714286,0.16774193548387098,0.09638554216867469,0.2929936305732484,0.16666666666666666,0.06721154670334972,0.04100462826661731,0.28781126938419493,0.27060285393618727
10663,0.6214689265536724,0.5481481481481482,0.37714285714285717,0.3157894736842105,0.4519774011299435,0.4296296296296296,0.21089534674665708,0.10030056810274089,0.47388962464141815,0.3454288035078269
10664,0.3418803418803419,0.46846846846846857,0.08695652173913042,0.12844036697247707,0.22222222222222224,0.32432432432432434,0.03007943980546829,0.03659077548575381,0.2525767357571639,0.3909016697588126
10665,0.3970588235294118,0.2962962962962963,0.0746268656716418,0.03773584905660377,0.1911764705882353,0.16666666666666666,0.025439646635901658,0.007009173297087488,0.25034460293237437,0.11251758087201126
10666,0.43548387096774194,0.5050505050505051,0.13114754098360656,0.2061855670103093,0.25806451612903225,0.4040404040404041,0.010965694141921554,0.01651483873087466,0.2504423486566344,0.32388136772860965
10667,0.6086956521739131,0.4657534246575342,0.5157232704402516,0.3055555555555556,0.5714285714285715,0.4109589041095891,0.397620389039159,0.18570260047176881,0.4488879582324968,0.3374900775868691
10668,0.4957264957264958,0.2626262626262626,0.1565217391304348,0.020618556701030927,0.2564102564102564,0.14141414141414144,0.07880037991443839,0.011898251016267512,0.3833415468460112,0.17489631084915958
10669,0.4297520661157025,0.38095238095238093,0.21848739495798317,0.1747572815533981,0.3140495867768595,0.3047619047619048,0.07234851425405495,0.03406049529459612,0.24300846393409678,0.24725175892568063
10670,0.35897435897435903,0.39999999999999997,0.10434782608695652,0.19469026548672566,0.25641025641025644,0.24347826086956523,0.056066095734374224,0.08712940230215024,0.20374970738166867,0.20406413594244283
10671,0.56,0.4788732394366197,0.4081632653061224,0.2898550724637681,0.42000000000000004,0.39436619718309857,0.26842095517558284,0.11455228805509624,0.5117686823992134,0.2863279745860608
10672,0.5185185185185185,0.44859813084112143,0.20754716981132076,0.22857142857142856,0.29629629629629634,0.31775700934579443,0.09560408787521255,0.15551762662068733,0.3918871750548501,0.38429406850459485
10673,0.37606837606837606,0.44680851063829785,0.1391304347826087,0.2173913043478261,0.3076923076923077,0.3404255319148936,0.12278459479590911,0.08244746532433792,0.24721228697664638,0.27141867827463395
10674,0.3783783783783784,0.3870967741935484,0.10958904109589042,0.14754098360655735,0.24324324324324323,0.27419354838709675,0.05371576412203498,0.026779835642457558,0.21721625260712307,0.1794174640261089
10675,0.2823529411764706,0.3333333333333333,0.03571428571428572,0.12307692307692308,0.15294117647058825,0.22727272727272727,0.006942281582340525,0.009674431199056503,0.16151884682158116,0.15987421383647799
10676,0.32857142857142857,0.33070866141732286,0.08695652173913045,0.112,0.18571428571428572,0.2362204724409449,0.04005076331592321,0.04974816422763832,0.2819330094205502,0.3070282101167316
10677,0.5684210526315789,0.5,0.3085106382978723,0.2758620689655172,0.41052631578947363,0.3068181818181818,0.23549049904954303,0.20406972911831098,0.40992626695078166,0.31549343034190147
10678,0.5671641791044776,0.6043165467625898,0.3333333333333333,0.3795620437956204,0.46268656716417905,0.5035971223021583,0.2537763212583648,0.2682334305420381,0.48040334855403344,0.5228409090909092
10679,0.3917525773195876,0.30769230769230765,0.1473684210526316,0.15730337078651685,0.26804123711340205,0.2417582417582418,0.010972040045171907,0.06043355220907111,0.2275178364028538,0.21824052748046788
10680,0.323943661971831,0.4,0.05714285714285715,0.18518518518518517,0.18309859154929578,0.30909090909090914,0.009145810321286417,0.15158332305835054,0.2576255311293956,0.32649181345542017
10681,0.5098039215686274,0.44680851063829785,0.26,0.1739130434782609,0.3333333333333333,0.2765957446808511,0.17112968951316174,0.08861775869786746,0.2709704100219323,0.31665512465373963
10682,0.7692307692307693,0.7258064516129032,0.7304347826086957,0.6885245901639344,0.7692307692307693,0.7258064516129032,0.4602499901959001,0.4202281847857123,0.8106834104890326,0.7443526109986744
10683,0.26415094339622647,0.2518518518518518,0.03846153846153846,0.07518796992481203,0.169811320754717,0.16296296296296295,0.011838429916826659,0.05357888034181754,0.13283885096791725,0.194579666729077
10684,0.8714285714285714,0.7272727272727273,0.7681159420289856,0.6218487394957983,0.8571428571428571,0.7107438016528925,0.5520699645999825,0.32974664071374626,0.7461947143765325,0.49296237649433744
10685,0.25396825396825395,0.3333333333333333,0.01612903225806452,0.11363636363636363,0.1111111111111111,0.22222222222222224,0.004369443554329883,0.06211826425948566,0.14124293785310735,0.20235555555555554
10686,0.41059602649006627,0.3787878787878788,0.1342281879194631,0.1076923076923077,0.25165562913907286,0.19696969696969693,0.07514015083804461,0.021788957531064832,0.36316126279863475,0.29068077601410935
10687,0.5263157894736842,0.4807692307692308,0.21428571428571427,0.19607843137254902,0.3508771929824562,0.3076923076923077,0.1164103744903396,0.1511905728527913,0.36714515972004363,0.3461040233527006
10688,0.4885496183206107,0.5546218487394958,0.23255813953488372,0.2564102564102564,0.33587786259541985,0.3697478991596639,0.12913656908873977,0.206772093343286,0.4344432882414152,0.4164179104477612
10689,0.6255924170616115,0.641860465116279,0.507177033492823,0.42253521126760557,0.6066350710900473,0.5488372093023256,0.31508309447977567,0.26813132708380283,0.45510204081632666,0.4425811469882274
10690,0.5631067961165048,0.5679012345679012,0.31683168316831684,0.25316455696202533,0.3495145631067961,0.29629629629629634,0.13184619645059445,0.043244583484724895,0.4766966921631776,0.3367082126968434
10691,0.4324324324324324,0.4239130434782608,0.17486338797814208,0.15384615384615383,0.29189189189189185,0.25,0.11310242824193593,0.028445673155441522,0.3091791383219955,0.2604016130586179
10692,0.23448275862068962,0.4247787610619469,0.05594405594405595,0.10810810810810811,0.12413793103448276,0.3185840707964602,0.018555707881976618,0.02323565501437383,0.18367052023121389,0.2495017104609393
10693,0.5583756345177665,0.6010362694300518,0.2871794871794872,0.35602094240837695,0.28426395939086296,0.43523316062176165,0.13963503422384335,0.17746998521645022,0.30757938980473326,0.35363713601606556
10694,0.29885057471264365,0.45,0.047058823529411764,0.1794871794871795,0.13793103448275862,0.32499999999999996,0.012660998324628945,0.1621452786919851,0.15587529976019182,0.3563309244203553
10695,0.4042553191489362,0.3291139240506329,0.2608695652173913,0.07792207792207792,0.3829787234042554,0.22784810126582278,0.20176902451940235,0.010051940481284754,0.2999979605849042,0.13902365577006726
10696,0.4041450777202072,0.4606060606060606,0.14659685863874344,0.147239263803681,0.2590673575129534,0.2787878787878788,0.07343771566357962,0.08207679194734901,0.28860446502586967,0.2220174341077878
10697,0.5937499999999999,0.46766169154228854,0.4526315789473684,0.2412060301507538,0.3541666666666667,0.3781094527363184,0.31382337746420885,0.2047168677650943,0.4527772507672444,0.3404069383986282
10698,0.3392857142857143,0.18390804597701146,0.16363636363636364,0.09411764705882353,0.19642857142857142,0.13793103448275862,0.09163508814485918,0.05141053307538998,0.29448375262054505,0.14104308390022674
10699,0.3275862068965517,0.38383838383838387,0.07017543859649124,0.1443298969072165,0.1896551724137931,0.26262626262626265,0.01045749469619056,0.09336541408321436,0.14524551618547682,0.23317677376449553
10700,0.5116279069767442,0.36363636363636365,0.18823529411764708,0.16923076923076924,0.3837209302325581,0.25757575757575757,0.12320095025014727,0.0800436875520292,0.35147071483552095,0.24435483870967742
10701,0.35789473684210527,0.5333333333333333,0.17204301075268816,0.3448275862068965,0.2736842105263158,0.5333333333333333,0.07576871174258419,0.10022276480658729,0.26811036028150276,0.27253289473684206
10702,0.34951456310679613,0.28571428571428575,0.1386138613861386,0.08,0.27184466019417475,0.15584415584415584,0.031500946511651716,0.03172629746109534,0.29419558731155787,0.2147205189727184
10703,0.2803738317757009,0.20454545454545456,0.0761904761904762,0.046511627906976744,0.14953271028037382,0.1590909090909091,0.01012090815331229,0.014216972595674,0.1818289504856669,0.13996674057649666
10704,0.4534883720930233,0.4113475177304965,0.11764705882352941,0.08633093525179857,0.2441860465116279,0.2695035460992907,0.02186090492650835,0.02425788920912181,0.34804533481998573,0.26100236012772454
10705,0.41221374045801523,0.45161290322580644,0.17054263565891473,0.16393442622950818,0.22900763358778625,0.2580645161290323,0.042765647569886045,0.03405225454853799,0.30015905844818314,0.2511966230731541
10706,0.37606837606837606,0.41463414634146345,0.10434782608695652,0.1,0.23931623931623927,0.2926829268292683,0.026282375342443712,0.014985712931911819,0.31823120740179767,0.25072771680942185
10707,0.4313725490196078,0.34838709677419355,0.13245033112582782,0.09150326797385622,0.20915032679738563,0.1935483870967742,0.061629379627650624,0.023356245375144375,0.22595048815211866,0.21887228799286704
10708,0.5211267605633803,0.4880952380952381,0.15714285714285714,0.18072289156626506,0.28169014084507044,0.36904761904761907,0.03501371943962619,0.10628301996110194,0.4200736742535058,0.44319835903820975
10709,0.2608695652173913,0.3516483516483516,0.035398230088495575,0.08988764044943821,0.15652173913043477,0.19780219780219782,0.021757005275562798,0.033800324146450546,0.13686131386861317,0.1927195767195767
10710,0.7384615384615384,0.4084507042253522,0.7031250000000001,0.3142857142857143,0.7384615384615384,0.39436619718309857,0.519083796763266,0.2098914598657358,0.7969403863748855,0.41889428643797944
10711,0.6511627906976744,0.7755102040816326,0.4881889763779528,0.6666666666666666,0.5426356589147286,0.7346938775510204,0.2740619685838667,0.4625938038826469,0.6051406597854685,0.6334584708287129
10712,0.6271186440677967,0.5102040816326531,0.3620689655172414,0.25,0.38983050847457623,0.2857142857142857,0.21682566388607546,0.09861091745696535,0.605160821795863,0.3620578442448444
10713,0.46846846846846846,0.49056603773584906,0.2568807339449541,0.17307692307692307,0.3243243243243243,0.32075471698113206,0.08342942240550497,0.0323818541022257,0.37799401197604793,0.3220807784590775
10714,0.40579710144927533,0.41509433962264153,0.25,0.19230769230769232,0.3478260869565218,0.3584905660377358,0.14445688074658256,0.08309195109495957,0.31339986855567076,0.2915082382762991
10715,0.4999999999999999,0.5263157894736843,0.2786885245901639,0.1935483870967742,0.33870967741935487,0.3157894736842105,0.16138963118345356,0.12395995232150722,0.44945750452079575,0.292951865788086
10716,0.6776859504132232,0.5319148936170213,0.4705882352941177,0.21739130434782608,0.5785123966942148,0.3829787234042554,0.3081596169302895,0.10000052828087369,0.67218891566747,0.33944760699978915
10717,0.4645161290322581,0.5529411764705883,0.19607843137254902,0.2380952380952381,0.3483870967741936,0.4117647058823529,0.0812831194991634,0.06790520409029689,0.3687901065523444,0.4544992051869866
10718,0.22857142857142862,0.2682926829268293,0.07766990291262135,0.09999999999999999,0.13333333333333333,0.24390243902439024,0.007735960759051276,0.011649284259158212,0.2549182599057911,0.2197612732095491
10719,0.5283018867924528,0.56,0.38461538461538464,0.42857142857142855,0.4528301886792452,0.48,0.3289948322338571,0.3347177881866451,0.44797541025250215,0.4523364485981308
10720,0.608695652173913,0.6017699115044248,0.336283185840708,0.3423423423423424,0.4347826086956522,0.44247787610619466,0.18456549451692036,0.20304503706447197,0.5092536830112528,0.4988465608465609
10721,0.3609022556390977,0.5161290322580646,0.0916030534351145,0.3006535947712418,0.13533834586466165,0.23225806451612904,0.012253825679459995,0.2012871112938962,0.2105350680267644,0.4586296202236965
10722,0.7037037037037037,0.5454545454545455,0.4528301886792453,0.27777777777777773,0.6296296296296297,0.2545454545454545,0.27053815979859025,0.18980227761722493,0.5658068286167459,0.3436932849364791
10723,0.32432432432432434,0.47619047619047616,0.11009174311926605,0.31707317073170727,0.2162162162162162,0.4523809523809524,0.02122863610573553,0.23020541859713559,0.1569887706855792,0.3552766213376865
10724,0.44047619047619047,0.47058823529411764,0.20481927710843373,0.25165562913907286,0.27380952380952384,0.33986928104575165,0.10054235536247244,0.12143724862715431,0.2879575829778929,0.28683722292744845
10725,0.4473684210526316,0.5352112676056338,0.27027027027027023,0.2898550724637681,0.368421052631579,0.39436619718309857,0.16625131470499446,0.19167437201601686,0.33783783783783783,0.3642920091365263
10726,0.4507042253521127,0.47058823529411764,0.1,0.11965811965811966,0.19718309859154928,0.2184873949579832,0.011972769861660584,0.014706082759860864,0.3279611270158139,0.2851487889273357
10727,0.19999999999999998,0.18918918918918917,0.022727272727272724,0.0,0.11111111111111112,0.13513513513513511,0.010968473790606286,0.006470374706946746,0.1243063668224299,0.07281553398058252
10728,0.3653846153846153,0.375,0.09803921568627451,0.1282051282051282,0.25,0.275,0.02926030824737281,0.014383491065219014,0.21070544554455445,0.17655854612376348
10729,0.5070422535211268,0.549618320610687,0.18571428571428575,0.20155038759689922,0.23943661971830985,0.33587786259541985,0.07871679817510426,0.016771482551597255,0.3248908296943231,0.2846242354508569
10730,0.6233766233766234,0.5064935064935066,0.46052631578947373,0.27631578947368424,0.5844155844155844,0.38961038961038963,0.32301426259869453,0.211325759297459,0.49848555524458116,0.3292035398230089
10731,0.5844155844155845,0.37209302325581395,0.4473684210526316,0.23622047244094488,0.4675324675324675,0.2635658914728682,0.22924325873828655,0.04332606595322011,0.36362325625429387,0.1872201872201872
10732,0.41221374045801523,0.42105263157894735,0.09302325581395349,0.13740458015267173,0.22900763358778625,0.3157894736842105,0.043116708195874265,0.010934119731218614,0.3369961685823755,0.2528366349726634
10733,0.43356643356643354,0.35897435897435903,0.14184397163120568,0.10434782608695652,0.2517482517482518,0.23931623931623933,0.03358427732949655,0.03007943980546829,0.36526273565984757,0.29945445920303604
10734,0.4817518248175182,0.4864864864864865,0.23703703703703705,0.2201834862385321,0.3795620437956204,0.39639639639639634,0.15250681907207134,0.17662305405772302,0.38337346530804434,0.3547070707070707
10735,0.3770491803278688,0.4752475247524752,0.13333333333333333,0.20202020202020204,0.26229508196721313,0.27722772277227725,0.022586776503664776,0.03905625129823135,0.21640625000000008,0.24214614932231907
10736,0.5048543689320388,0.5393258426966292,0.19801980198019803,0.2758620689655172,0.3300970873786408,0.49438202247191015,0.030769051937323887,0.10192489527979341,0.31106314129815676,0.37319819819819827
10737,0.48648648648648646,0.43809523809523804,0.23853211009174313,0.1553398058252427,0.34234234234234234,0.26666666666666666,0.10691977429258591,0.04126611567327133,0.30038430797192694,0.25634602538410156
10738,0.3103448275862069,0.32558139534883723,0.052631578947368425,0.09448818897637795,0.18965517241379312,0.21705426356589147,0.011382809806126881,0.022034247765221726,0.17663139329805996,0.28615384615384615
10739,0.2772277227722772,0.36781609195402304,0.08080808080808081,0.1411764705882353,0.17821782178217818,0.2758620689655173,0.01220026412293977,0.07094237342606405,0.171990171990172,0.3418466996173469
10740,0.43749999999999994,0.2318840579710145,0.09473684210526315,0.044117647058823525,0.19791666666666669,0.13043478260869565,0.019812247716702747,0.011064393815216081,0.22237374336271523,0.11252548024618143
10741,0.3285714285714286,0.3392857142857143,0.14492753623188406,0.1090909090909091,0.2714285714285714,0.2678571428571429,0.07536034107620121,0.024482899835578144,0.2986690328305235,0.21405821526508226
10742,0.5174825174825175,0.5174825174825175,0.2836879432624113,0.25531914893617025,0.37762237762237766,0.34965034965034975,0.13907765285070137,0.0391455151601023,0.5444511540526032,0.5657930805632502
10743,0.4133333333333334,0.3803680981595092,0.10810810810810811,0.14906832298136644,0.2266666666666667,0.19631901840490798,0.0201879611803106,0.047744840301863635,0.2923386848514849,0.2626560688137203
10744,0.7966101694915254,0.8703703703703703,0.7931034482758621,0.849056603773585,0.7966101694915254,0.8703703703703703,0.5393293362053513,0.6004377543887964,0.8032854754800107,0.801373923534551
10745,0.5547445255474452,0.5517241379310345,0.32592592592592595,0.31578947368421056,0.33576642335766427,0.3793103448275862,0.17064798435865816,0.214597417803676,0.5180376021179578,0.46836460976286254
10746,0.5517241379310346,0.5853658536585367,0.20930232558139536,0.2345679012345679,0.2758620689655173,0.3292682926829268,0.09202818040075951,0.04336750247365198,0.3911070370911678,0.39554024028237744
10747,0.4,0.46511627906976744,0.1836734693877551,0.21428571428571427,0.32,0.37209302325581395,0.10770692118674155,0.13849685756728744,0.36981620397517034,0.3670745703827781
10748,0.6206896551724138,0.6428571428571429,0.3999999999999999,0.3658536585365853,0.5057471264367817,0.5,0.2852158256303108,0.24532697009181154,0.5399515738498789,0.4847757223790281
10749,0.4275862068965517,0.34074074074074073,0.1118881118881119,0.09022556390977444,0.28965517241379307,0.23703703703703702,0.03192252797057072,0.019891950086361063,0.2671609579504316,0.18079558212507077
10750,0.524822695035461,0.5573770491803278,0.28776978417266186,0.24999999999999994,0.41134751773049644,0.3770491803278688,0.16493078494899857,0.1449328842679661,0.44838509357803014,0.4886090381426203
10751,0.5380710659898478,0.31840796019900497,0.24615384615384614,0.09045226130653267,0.36548223350253806,0.14925373134328357,0.18438247646527767,0.008815393276591317,0.4453525952140065,0.19473953013278855
10752,0.3904761904761905,0.49549549549549554,0.16346153846153844,0.24545454545454545,0.28571428571428564,0.34234234234234234,0.08891105809631356,0.15127687931735506,0.20117652806853753,0.2858350954196435
10753,0.5165562913907286,0.5324675324675324,0.3221476510067114,0.34210526315789475,0.3576158940397351,0.3636363636363636,0.21485790829301235,0.26055306399920797,0.4100282800330455,0.43186641262760045
10754,0.49397590361445787,0.49599999999999994,0.25609756097560976,0.30894308943089427,0.3132530120481928,0.432,0.09271272011547511,0.18758755920312414,0.40015790984783234,0.36368505722584415
10755,0.5321100917431193,0.5882352941176471,0.22429906542056074,0.3614457831325302,0.29357798165137616,0.4470588235294118,0.07333294653161439,0.11052446195113831,0.33542837424825,0.38001483293926736
10756,0.5225225225225224,0.4695652173913043,0.2201834862385321,0.17699115044247787,0.28828828828828834,0.24347826086956523,0.12068409730926198,0.03941408444044956,0.3800822429906542,0.3868165461724398
10757,0.3698630136986301,0.32835820895522394,0.16666666666666666,0.16666666666666669,0.2602739726027397,0.19402985074626866,0.08578557678955324,0.10100350241780195,0.293622446372546,0.2528603708618773
10758,0.4761904761904762,0.6326530612244898,0.23300970873786409,0.4583333333333333,0.34285714285714286,0.4897959183673469,0.13695856793847358,0.28243608179617385,0.2445825366475462,0.4321705426356589
10759,0.5605095541401274,0.5903614457831325,0.21935483870967742,0.32926829268292684,0.3694267515923567,0.39759036144578314,0.14077870995609212,0.25083917153962937,0.38512834821428577,0.43699605538929015
10760,0.2807017543859649,0.23076923076923078,0.05357142857142857,0.0196078431372549,0.15789473684210525,0.1346153846153846,0.012025643116608276,0.011189519908037444,0.1839238369144449,0.12287334593572778
10761,0.32758620689655177,0.33962264150943394,0.07017543859649121,0.07692307692307691,0.17241379310344826,0.20754716981132074,0.007838507152530063,0.0077003675971081135,0.10218978102189781,0.12419242845067018
10762,0.7752808988764045,0.5822784810126582,0.6818181818181819,0.39743589743589747,0.7078651685393259,0.48101265822784806,0.5673491746288565,0.3371933353968391,0.7062401677690366,0.482405180949302
10763,0.3247863247863248,0.44799999999999995,0.034782608695652174,0.0975609756097561,0.17094017094017094,0.144,0.010275470537696329,0.012067546575987607,0.16725352112676056,0.2753079917800014
10764,0.5780346820809249,0.5189873417721519,0.3625730994152047,0.3076923076923077,0.42774566473988435,0.3924050632911393,0.20279972604817992,0.1584214076790309,0.3958960384385798,0.3483201016649056
10765,0.5333333333333333,0.4054054054054054,0.4210526315789474,0.1780821917808219,0.4592592592592592,0.27027027027027023,0.23678452750038131,0.05604087970116237,0.43397871969300533,0.2828742037432681
10766,0.4968944099378882,0.549618320610687,0.27672955974842767,0.2790697674418604,0.34782608695652173,0.33587786259541985,0.1480436753811172,0.16574522972198538,0.45674337820234473,0.41682121661721067
10767,0.5255474452554745,0.5918367346938775,0.23703703703703702,0.20833333333333331,0.4233576642335767,0.3877551020408163,0.06627902535871802,0.036970697958811576,0.40998931623931617,0.35703678560821417
10768,0.4696969696969697,0.48598130841121495,0.2923076923076924,0.24761904761904763,0.3787878787878788,0.3925233644859813,0.1569330675304669,0.04851743808013065,0.3883007684089415,0.2894059168762726
10769,0.5483870967741935,0.5811965811965812,0.4918032786885246,0.5217391304347827,0.5322580645161291,0.5641025641025642,0.3959397947197094,0.38920082635093545,0.44167026231648354,0.454349779796023
10770,0.3300970873786408,0.25,0.07920792079207921,0.07692307692307691,0.19417475728155342,0.225,0.023686440265695587,0.016496625424967437,0.2821442018072289,0.1621173469387755
10771,0.45544554455445546,0.5116279069767442,0.22222222222222224,0.28571428571428575,0.3762376237623763,0.46511627906976744,0.039470999440359734,0.08861775869786746,0.3611650485436893,0.4162067217906261
10772,0.43283582089552236,0.4347826086956522,0.1515151515151515,0.19469026548672566,0.2835820895522388,0.2608695652173913,0.013689019768134556,0.032315261269887034,0.19156935654344254,0.28305203938115336
10773,0.3709677419354839,0.3025210084033613,0.14754098360655735,0.08547008547008547,0.25806451612903225,0.16806722689075632,0.11280819074594853,0.012679611007327772,0.25678918067870593,0.22380151882836977
10774,0.4444444444444444,0.38297872340425526,0.17218543046357615,0.12949640287769784,0.26143790849673204,0.2127659574468085,0.06587556193576805,0.024282444600540905,0.33055899838941655,0.24823414634146337
10775,0.5985401459854014,0.34042553191489366,0.3111111111111111,0.10071942446043165,0.3795620437956204,0.24113475177304963,0.1449047446910128,0.01990642256647946,0.5184115515067486,0.234870176351923
10776,0.5325443786982248,0.5454545454545455,0.22754491017964074,0.18487394957983191,0.31952662721893493,0.2809917355371901,0.12926571783564753,0.13260007795353695,0.44063400983662165,0.3237830963117123
10777,0.6764705882352942,0.44025157232704404,0.417910447761194,0.1019108280254777,0.5294117647058824,0.22641509433962267,0.21764640915012046,0.08120433427556893,0.46156685280387827,0.3219208665889456
10778,0.4950495049504951,0.3764705882352941,0.38383838383838387,0.21686746987951808,0.4554455445544554,0.3058823529411765,0.3100876158584685,0.13990687796683207,0.39318742237325666,0.21154324055666004
10779,0.5376344086021506,0.608695652173913,0.28571428571428564,0.38805970149253727,0.45161290322580644,0.5507246376811593,0.17253014547815174,0.27436232681096434,0.45868945868945865,0.4983885211379229
10780,0.6711409395973155,0.7575757575757576,0.5170068027210885,0.5846153846153845,0.5906040268456376,0.6666666666666666,0.4089970201008612,0.4239398647565971,0.5651175584646906,0.5758914702149954
10781,0.3793103448275862,0.3741007194244604,0.16279069767441862,0.20437956204379562,0.25287356321839083,0.27338129496402874,0.08416357064393418,0.14907131474904659,0.30798825608835123,0.31976069689696707
10782,0.48062015503875977,0.43564356435643564,0.23622047244094488,0.18181818181818182,0.41860465116279066,0.31683168316831684,0.11251428812028542,0.11813500400164395,0.48004107303298676,0.4104973337486944
10783,0.39024390243902435,0.3076923076923077,0.14814814814814814,0.06956521739130435,0.2926829268292683,0.2393162393162393,0.10452287239001964,0.024092326604676174,0.32425994475447045,0.2134863701578192
10784,0.490566037735849,0.7142857142857142,0.267515923566879,0.5942028985507247,0.4025157232704403,0.6857142857142857,0.17916560865357223,0.4792226102489249,0.44384765625,0.6855286371686167
10785,0.5,0.6307692307692309,0.28169014084507044,0.34375,0.38888888888888895,0.5076923076923078,0.10523603901278324,0.1601396584902072,0.5024869466801382,0.5362555513173309
10786,0.41958041958041953,0.46808510638297873,0.19858156028368792,0.23913043478260868,0.27972027972027974,0.2765957446808511,0.07999819990926477,0.10018355857129266,0.300832342449465,0.22203445524104587
10787,0.52,0.4358974358974359,0.2653061224489796,0.2368421052631579,0.26,0.20512820512820512,0.11177546548146051,0.13466542200058335,0.4549620101306319,0.34308325419436525
10788,0.411214953271028,0.32653061224489793,0.13333333333333333,0.08333333333333333,0.26168224299065423,0.20408163265306126,0.029772075064752827,0.027261958865662208,0.3037111523112214,0.20621366279069767
10789,0.8141592920353983,0.5871559633027523,0.6666666666666667,0.411214953271028,0.7787610619469026,0.5321100917431192,0.3931188991735745,0.24524543254041029,0.7734000416927248,0.5094310451453309
10790,0.4727272727272727,0.375,0.12962962962962962,0.12820512820512822,0.30909090909090914,0.27499999999999997,0.016462431985273782,0.017821116442017823,0.37686882542849626,0.22785064239828692
10791,0.5090909090909091,0.40490797546012275,0.20858895705521474,0.1987577639751553,0.3515151515151515,0.3067484662576687,0.07940056603425527,0.0746324240093555,0.3339718442907936,0.26162644428496146
10792,0.4615384615384615,0.6585365853658537,0.25906735751295334,0.5185185185185185,0.27692307692307694,0.4390243902439024,0.1872766892643869,0.3026793717604694,0.3532871245536652,0.4508457884370293
10793,0.35211267605633806,0.4251968503937008,0.11428571428571427,0.096,0.2112676056338028,0.23622047244094488,0.009578760063050567,0.01011510520463225,0.269625486381323,0.22852500000000003
10794,0.5045045045045046,0.5747126436781609,0.3119266055045872,0.32941176470588235,0.46846846846846846,0.36781609195402304,0.16350238611284704,0.11203687668291756,0.406450187762315,0.3566841932492902
10795,0.43410852713178294,0.4888888888888889,0.1732283464566929,0.28571428571428575,0.2635658914728682,0.34074074074074073,0.03900013621872708,0.1791036265898052,0.3020334928229665,0.4050008804366966
10796,0.5060240963855422,0.65,0.3658536585365854,0.5254237288135594,0.4578313253012048,0.6166666666666667,0.24010083403124302,0.4306980092692028,0.5689077661521462,0.5960819207335465
10797,0.3269230769230769,0.3448275862068966,0.13725490196078433,0.1647058823529412,0.19230769230769232,0.22988505747126436,0.02767269100179926,0.027464454185458665,0.16052405665899241,0.16853315766359245
10798,0.4415584415584416,0.4755244755244755,0.13157894736842105,0.14184397163120566,0.1558441558441558,0.2937062937062937,0.07079528865217818,0.05510505111203011,0.23928526645768028,0.35125198728139906
10799,0.3902439024390244,0.33766233766233766,0.21487603305785125,0.16,0.3252032520325203,0.28571428571428575,0.13634149384842567,0.014351288789032331,0.31142327060694414,0.11904761904761904
10800,0.47741935483870973,0.5081967213114755,0.26143790849673204,0.2833333333333333,0.3612903225806452,0.39344262295081966,0.1189766374074446,0.202935372032674,0.42941546989166035,0.4330097087378641
10801,0.4000000000000001,0.4492753623188406,0.13924050632911392,0.16176470588235295,0.21250000000000002,0.2463768115942029,0.08880793821477471,0.0342868075286492,0.277960927960928,0.3197382389491991
10802,0.3076923076923077,0.16,0.21568627450980393,0.027397260273972605,0.2884615384615385,0.13333333333333333,0.1280388989235196,0.009036923864070349,0.48082869511440934,0.13151041666666669
10803,0.6408839779005524,0.5671641791044777,0.44692737430167595,0.45454545454545453,0.44198895027624313,0.5373134328358209,0.3665990100445504,0.2348335086813188,0.536244470314319,0.36148351853304844
10804,0.49645390070921985,0.37593984962406013,0.24460431654676262,0.07633587786259542,0.29787234042553185,0.22556390977443613,0.1299203090678518,0.019886385725497058,0.43428048163789684,0.24048068161836406
10805,0.3086419753086419,0.20168067226890754,0.0875,0.017094017094017092,0.16049382716049382,0.11764705882352942,0.009167627028417393,0.007631882957615156,0.19678420043098344,0.10437338290336358
10806,0.3770491803278688,0.42857142857142855,0.1,0.1272727272727273,0.26229508196721313,0.28571428571428575,0.07664778899685128,0.07988279461366411,0.1898145227430446,0.27978305340223947
10807,0.47169811320754723,0.5042016806722689,0.23076923076923075,0.2393162393162393,0.3584905660377359,0.4033613445378151,0.07080547391830135,0.1426349570124933,0.342237308146399,0.422365112049286
10808,0.4947368421052632,0.41025641025641024,0.18085106382978722,0.12435233160621763,0.2842105263157894,0.24615384615384614,0.10362454709008091,0.019384908032265617,0.32073669243757225,0.24480608963842776
10809,0.611111111111111,0.6153846153846153,0.2830188679245283,0.3125,0.3518518518518519,0.3384615384615385,0.15339712627095095,0.10718776990962171,0.40143510659165815,0.5203652364040491
10810,0.30845771144278605,0.5643564356435642,0.03015075376884422,0.24,0.15920398009950248,0.32673267326732675,0.008626065721082429,0.1313078450360124,0.15672396359959556,0.3603940912935006
10811,0.5576923076923076,0.32183908045977017,0.2156862745098039,0.18823529411764706,0.42307692307692313,0.2528735632183908,0.15113428967535883,0.1002749390022684,0.4214045917262291,0.24476423633969718
10812,0.5,0.5918367346938775,0.3559322033898305,0.5208333333333334,0.4666666666666667,0.5714285714285715,0.311731084930335,0.34461362948368995,0.40324770478986127,0.46656256992479733
10813,0.5693430656934306,0.4714285714285714,0.3407407407407408,0.17391304347826086,0.4525547445255474,0.2571428571428572,0.22310715160405667,0.03586267119119653,0.39282624814631734,0.30067690275714054
10814,0.3888888888888889,0.4466019417475728,0.1408450704225352,0.21782178217821782,0.2638888888888889,0.34951456310679613,0.02629631402183425,0.12825284548108173,0.40514183710110335,0.3893827469638162
10815,0.18518518518518517,0.32941176470588235,0.03773584905660377,0.12048192771084339,0.16666666666666666,0.32941176470588235,0.01597834411462684,0.08298791202930149,0.17555248618784527,0.26497456659399976
10816,0.5116279069767442,0.49664429530201337,0.2677165354330709,0.20408163265306123,0.3100775193798449,0.2818791946308725,0.07502369613837892,0.02797320007454002,0.3842195659580978,0.5000542694555998
10817,0.5925925925925926,0.65,0.33082706766917297,0.3728813559322034,0.5037037037037037,0.5666666666666667,0.10686698794267112,0.21132346881137518,0.5261209860288201,0.5368755755064456
10818,0.6060606060606061,0.5540540540540541,0.5398773006134969,0.4109589041095891,0.5575757575757576,0.4054054054054054,0.38210399154501656,0.2305787802012373,0.42673098304888213,0.36995793120514725
10819,0.3013698630136986,0.32307692307692304,0.05555555555555556,0.03125,0.16438356164383564,0.16923076923076924,0.008581381895857706,0.017752302242193874,0.2017543859649123,0.1891891891891892
10820,0.4444444444444444,0.42016806722689076,0.19130434782608696,0.15384615384615383,0.34188034188034183,0.319327731092437,0.040314774243780174,0.030998711508753996,0.314255462668082,0.24491595580030956
10821,0.40404040404040403,0.32608695652173914,0.1443298969072165,0.1111111111111111,0.2626262626262626,0.2391304347826087,0.10637896949422279,0.10890204714944948,0.25430748840291584,0.23606823336693547
10822,0.49411764705882355,0.5432098765432098,0.24096385542168675,0.32911392405063294,0.4,0.5432098765432098,0.17217673889788723,0.22246523516369127,0.43448521818743147,0.46377369668246443
10823,0.3971631205673759,0.36170212765957444,0.07194244604316546,0.08695652173913045,0.1702127659574468,0.21276595744680848,0.01939260006958524,0.02051294130559129,0.2285447119814084,0.16328162482008635
10824,0.3857142857142857,0.2967741935483871,0.17391304347826086,0.130718954248366,0.21428571428571427,0.1935483870967742,0.06137836086893799,0.05469897454839731,0.2445213032581454,0.2148367649312829
10825,0.7582417582417583,0.7904191616766467,0.6666666666666666,0.7515151515151515,0.6703296703296703,0.7425149700598801,0.5557907318340561,0.5481625599311937,0.6661499555043588,0.6552313354363827
10826,0.47540983606557374,0.2931034482758621,0.2333333333333333,0.052631578947368425,0.3278688524590164,0.13793103448275862,0.11778354299939679,0.011656654419252335,0.4701436130007558,0.21911843050054433
10827,0.6911764705882353,0.6666666666666666,0.44776119402985076,0.38834951456310685,0.6029411764705882,0.5142857142857143,0.276099097561344,0.2002634526362318,0.6346578366445915,0.4459957339538491
10828,0.6136363636363636,0.7044025157232704,0.3333333333333333,0.5095541401273885,0.375,0.5031446540880503,0.23724147762315262,0.3759826176391234,0.47509160090191643,0.5384581494811471
10829,0.29999999999999993,0.3469387755102041,0.05084745762711865,0.14583333333333334,0.18333333333333335,0.26530612244897955,0.005235900491477762,0.02659764835827797,0.13816925734024177,0.22625448028673834
10830,0.30894308943089427,0.3225806451612903,0.06611570247933884,0.06593406593406594,0.13008130081300812,0.1935483870967742,0.010288252588200673,0.00470925613439449,0.16975162345357156,0.13294544544544545
10831,0.3508771929824562,0.3269230769230769,0.05357142857142857,0.0784313725490196,0.15789473684210525,0.21153846153846154,0.011807985614062265,0.013092090282206684,0.19547325102880656,0.22898192186855762
10832,0.375,0.24,0.07936507936507937,0.0945945945945946,0.23437500000000003,0.2,0.013853926276362795,0.03698334308594279,0.2401962454430854,0.15125728496784568
10833,0.6321243523316062,0.5454545454545454,0.3036649214659686,0.22988505747126436,0.3523316062176166,0.4204545454545454,0.16981235515124457,0.12318698068393281,0.37272740976444685,0.3357116510673614
10834,0.42038216560509556,0.38709677419354843,0.21935483870967742,0.24836601307189546,0.28025477707006374,0.2967741935483871,0.1591372606029558,0.19274881517088288,0.3806929154829545,0.3391380654648084
10835,0.5921052631578947,0.5125,0.36000000000000004,0.22784810126582278,0.4605263157894737,0.2625,0.16371163866282143,0.03722747081403873,0.49274671141993015,0.415768216892361
10836,0.5294117647058824,0.43200000000000005,0.2976190476190476,0.2601626016260163,0.3411764705882353,0.36800000000000005,0.20923696786092547,0.17842871969918978,0.4657466604293364,0.288382852826388
10837,0.5308641975308641,0.6107784431137725,0.22499999999999998,0.2545454545454545,0.3827160493827161,0.41916167664670656,0.0437482372785854,0.11833748989826179,0.28291253875739514,0.38988814836430324
10838,0.550561797752809,0.46540880503144655,0.23863636363636365,0.2038216560509554,0.33707865168539325,0.3270440251572327,0.12087469752090627,0.07128786430491803,0.3011243856669102,0.2518203151811968
10839,0.5988700564971752,0.4742268041237114,0.2742857142857143,0.2604166666666667,0.4067796610169492,0.37113402061855666,0.18396975884943872,0.11349027322803378,0.49710926604322264,0.4301293670673212
10840,0.6356589147286822,0.47457627118644063,0.4881889763779527,0.24137931034482757,0.6201550387596898,0.3559322033898305,0.2781265446651563,0.1434166634491756,0.6183785811700415,0.4080503164036818
10841,0.5081967213114754,0.5714285714285714,0.31666666666666665,0.36893203883495146,0.4098360655737705,0.4380952380952381,0.17784035648469415,0.22649632057640445,0.49139879335764736,0.5366393882166421
10842,0.425531914893617,0.3541666666666667,0.28260869565217395,0.10638297872340426,0.3829787234042553,0.18749999999999997,0.21788831777946033,0.011435972261401412,0.4175946547884188,0.2716761675323579
10843,0.36666666666666664,0.4130434782608696,0.10169491525423728,0.1333333333333333,0.23333333333333336,0.28260869565217384,0.02460136546259706,0.029862200503563273,0.2635119982058758,0.2264793882978723
10844,0.4530386740331492,0.43786982248520706,0.14525139664804468,0.11976047904191618,0.2209944751381215,0.20118343195266272,0.06609750478605357,0.0602892829644364,0.2300978863478864,0.20296066084836137
10845,0.4133333333333333,0.4133333333333333,0.12162162162162164,0.08108108108108109,0.24,0.24,0.04773148722290149,0.007971455903595638,0.34787447898329343,0.2473370514011429
10846,0.3826086956521739,0.41758241758241765,0.21238938053097345,0.22471910112359547,0.29565217391304355,0.3736263736263736,0.1258646065963102,0.06736851749769802,0.25145037369989026,0.2304918184055118
10847,0.3333333333333333,0.24242424242424243,0.1590909090909091,0.1443298969072165,0.3111111111111111,0.22222222222222224,0.11129804598200425,0.1461931997246341,0.2053460146900449,0.23062664860625937
10848,0.5847953216374269,0.5375000000000001,0.2958579881656805,0.27848101265822783,0.32748538011695905,0.33749999999999997,0.17350484272820277,0.17772414412998278,0.427010194436943,0.37180012567275905
10849,0.4833333333333334,0.4123711340206186,0.1864406779661017,0.10526315789473685,0.2833333333333333,0.288659793814433,0.08264916260364964,0.012310631850881902,0.32259468017021653,0.2067105134234764
10850,0.40707964601769914,0.3333333333333333,0.19819819819819823,0.1714285714285714,0.23008849557522124,0.2222222222222222,0.06759347728055816,0.0285132539073486,0.2734370147696359,0.16952502584686494
10851,0.4629629629629629,0.4367816091954023,0.15094339622641512,0.18823529411764706,0.25925925925925924,0.3908045977011494,0.012640956753821412,0.028436749913589243,0.19866723065508182,0.23249999999999998
10852,0.3816793893129771,0.35897435897435903,0.21705426356589147,0.10434782608695652,0.22900763358778625,0.2051282051282051,0.12144918799353353,0.027635413102805283,0.26453130929791274,0.3325066164412477
10853,0.2828282828282828,0.136986301369863,0.041237113402061855,0.0,0.20202020202020204,0.0821917808219178,0.01933989749128927,0.006414921514603761,0.2614412862474878,0.06906077348066299
10854,0.48618784530386744,0.4804469273743017,0.27932960893854747,0.23728813559322032,0.3646408839779005,0.3687150837988826,0.19872673861701318,0.16166407764436638,0.36239719768504414,0.3374792976442574
10855,0.4,0.4148148148148148,0.08588957055214724,0.07518796992481204,0.20606060606060608,0.2518518518518519,0.021993711520010856,0.009451471587200411,0.24260921927927714,0.18588220511297435
10856,0.39999999999999997,0.5523809523809523,0.19607843137254904,0.38834951456310685,0.3096774193548387,0.5142857142857142,0.06720739404538222,0.24591433414969532,0.3511454250574402,0.40398550724637683
10857,0.3709677419354839,0.47706422018348627,0.14754098360655737,0.24299065420560748,0.2258064516129032,0.4220183486238532,0.015012299196072753,0.037381647222345216,0.2112023741060885,0.2880658436213992
10858,0.4,0.4180790960451977,0.08588957055214724,0.18285714285714286,0.19393939393939394,0.1694915254237288,0.027583948107132213,0.10256920554208981,0.2693829113924051,0.3717104244501966
10859,0.39999999999999997,0.4444444444444445,0.18518518518518517,0.22857142857142856,0.29090909090909095,0.36111111111111116,0.03743158568348022,0.05859158181606169,0.4341963322545847,0.38766414561170215
10860,0.5616438356164384,0.5616438356164384,0.22222222222222224,0.22222222222222224,0.34246575342465757,0.34246575342465757,0.08961176668418909,0.08961176668418909,0.31281985069721585,0.31281985069721585
10861,0.3793103448275862,0.4173913043478261,0.08771929824561403,0.08849557522123895,0.2413793103448276,0.2434782608695652,0.013314476735202753,0.035405163495399156,0.19434942478879355,0.20331405693950186
10862,0.5,0.5135135135135135,0.20408163265306123,0.19444444444444445,0.3,0.32432432432432434,0.06812936608613405,0.03905410426314362,0.4476950354609929,0.322208228379513
10863,0.509090909090909,0.47058823529411764,0.2222222222222222,0.24,0.3818181818181819,0.39215686274509803,0.1771303234502426,0.16562070493433,0.34077586493324036,0.30680197658607766
10864,0.5,0.3166666666666667,0.18867924528301885,0.08474576271186442,0.35185185185185186,0.21666666666666662,0.04868885874411904,0.05382598430511782,0.3492667867249807,0.23490498462057052
10865,0.33043478260869563,0.48936170212765956,0.10619469026548672,0.21739130434782608,0.19130434782608696,0.3191489361702128,0.04629588336164947,0.08917631497150462,0.311435115356684,0.46832195989578446
10866,0.46399999999999997,0.5087719298245613,0.22764227642276424,0.21428571428571427,0.336,0.3157894736842105,0.0838367668991168,0.07774232092542353,0.2642117485367645,0.2923379174852652
10867,0.5,0.49350649350649345,0.24489795918367344,0.26666666666666666,0.37999999999999995,0.36363636363636365,0.15362208233245514,0.1587946509743497,0.4877015881775815,0.38271604938271603
10868,0.4492753623188406,0.4583333333333333,0.1764705882352941,0.10638297872340426,0.28985507246376807,0.22916666666666666,0.04929023982495219,0.02565954567470183,0.44290056448111154,0.23546201801643968
10869,0.6107784431137724,0.6266666666666667,0.43636363636363634,0.47297297297297297,0.5269461077844311,0.5466666666666666,0.3485807087173499,0.4052946528488073,0.5393740053050396,0.5670309066039622
10870,0.4545454545454546,0.5656565656565656,0.2222222222222222,0.32989690721649484,0.38181818181818183,0.4848484848484848,0.07661392126604186,0.14033062979943875,0.4426151904060593,0.5240745741690922
10871,0.5454545454545454,0.5882352941176471,0.5116279069767442,0.42424242424242425,0.45454545454545453,0.5,0.3068371639508497,0.28195906555384215,0.7515033028229509,0.6515444015444015
10872,0.3697478991596639,0.40366972477064217,0.2051282051282051,0.22429906542056074,0.3025210084033613,0.3119266055045872,0.09000036270365425,0.10513143322383932,0.27924921568309813,0.3308097250885654
10873,0.37254901960784315,0.268041237113402,0.060000000000000005,0.10526315789473684,0.196078431372549,0.1443298969072165,0.01064011414355274,0.012273047425875233,0.20799584631360332,0.2227941176470588
10874,0.574468085106383,0.34285714285714286,0.32608695652173914,0.058823529411764705,0.44680851063829785,0.20000000000000004,0.1678685826184981,0.015899116710070448,0.5253619866634883,0.2288711548935565
10875,0.4716981132075472,0.3584905660377358,0.1923076923076923,0.1346153846153846,0.28301886792452835,0.24528301886792456,0.04581888292502582,0.06087473628081748,0.4104837859107393,0.27209051724137934
10876,0.4273504273504274,0.43859649122807015,0.2608695652173913,0.2678571428571429,0.376068376068376,0.38596491228070173,0.16825232897071643,0.17633096721805683,0.34897970918657056,0.3158128725146115
10877,0.5436893203883495,0.5833333333333334,0.29702970297029707,0.3191489361702128,0.4077669902912622,0.43749999999999994,0.0856124790355322,0.0495667194437261,0.5561097256857855,0.5830054365782597
10878,0.4528301886792453,0.34965034965034963,0.15286624203821655,0.11347517730496454,0.2389937106918239,0.2517482517482518,0.06766556792443629,0.04884464429117202,0.2755175894241895,0.1942752208004197
10879,0.42105263157894735,0.37894736842105264,0.2137404580152672,0.1290322580645161,0.3007518796992481,0.23157894736842105,0.10489711017002548,0.06455672843053721,0.4491017964071856,0.28836206896551725
10880,0.6114649681528662,0.5757575757575757,0.38709677419354843,0.3538461538461538,0.5350318471337578,0.5,0.24591124640133327,0.20150832793077567,0.4997467863415475,0.3951218172329497
10881,0.457516339869281,0.4310344827586207,0.23841059602649003,0.2456140350877193,0.36601307189542487,0.3620689655172414,0.11511385959745848,0.09031159843293579,0.3627245385416989,0.30187022516526657
10882,0.3673469387755102,0.3333333333333333,0.1443298969072165,0.14285714285714285,0.20408163265306123,0.1794871794871795,0.06395048440711998,0.06578056067417361,0.25556434818825485,0.15332322014095656
10883,0.47328244274809167,0.4666666666666666,0.23255813953488372,0.27118644067796616,0.3206106870229007,0.3833333333333333,0.12859719171242373,0.1414928305670411,0.3378968137939698,0.3467473393812373
10884,0.8852459016393442,0.9411764705882353,0.85,0.9199999999999999,0.7868852459016393,0.9411764705882353,0.5847341521381545,0.6729514158244129,0.8202006347929743,0.7833193382537086
10885,0.6244725738396625,0.691358024691358,0.49361702127659574,0.5726141078838175,0.5485232067510548,0.5925925925925924,0.266059399842542,0.33137428680425735,0.41197566458051954,0.5024253621329958
10886,0.746987951807229,0.7368421052631577,0.5925925925925926,0.5675675675675675,0.7228915662650602,0.7105263157894737,0.3578447960903111,0.3766862662838105,0.7150918231250643,0.6676692097026604
10887,0.37037037037037035,0.32835820895522383,0.15037593984962405,0.09090909090909091,0.1925925925925926,0.2388059701492537,0.044477892435255344,0.023862492481936143,0.3532871245536651,0.3123422108384515
10888,0.5384615384615384,0.3191489361702127,0.171875,0.13043478260869565,0.2923076923076923,0.23404255319148934,0.03569269479754407,0.009094244137494925,0.3095659915161556,0.17037172011661805
10889,0.41666666666666663,0.5263157894736843,0.295774647887324,0.3905325443786982,0.34722222222222227,0.4210526315789474,0.1999356490355592,0.24996109948871212,0.30344008191787886,0.41621559949480474
10890,0.7380952380952381,0.65359477124183,0.6626506024096385,0.543046357615894,0.7261904761904762,0.6013071895424837,0.5329369773520392,0.4800616686983509,0.7751285358138188,0.6439565414214575
10891,0.5562130177514792,0.5714285714285714,0.2874251497005988,0.36477987421383656,0.26035502958579887,0.38509316770186336,0.11536669622226312,0.14631975950487408,0.3396524242095978,0.33974974605226704
10892,0.38759689922480617,0.36363636363636365,0.07874015748031496,0.06976744186046512,0.18604651162790697,0.13636363636363635,0.011749476294126029,0.01389006615285055,0.29502657116451014,0.22319999999999998
10893,0.4868421052631579,0.4423076923076923,0.17333333333333334,0.23529411764705885,0.27631578947368424,0.4038461538461538,0.04305431892267705,0.017629699024117523,0.2933219357156173,0.21415270018621976
10894,0.4507042253521127,0.4954128440366972,0.2142857142857143,0.24299065420560748,0.2535211267605634,0.33027522935779813,0.03953225506542063,0.09764443760379107,0.3726996498615123,0.3690056869651559
10895,0.41025641025641024,0.4201680672268907,0.11688311688311688,0.18803418803418803,0.20512820512820512,0.23529411764705882,0.08398936237949568,0.11298107997669576,0.35969966515770047,0.2958984375
10896,0.41758241758241754,0.48101265822784817,0.1797752808988764,0.20779220779220778,0.32967032967032966,0.379746835443038,0.07175919359392754,0.12298556284728235,0.38474428884581235,0.3972224819975685
10897,0.4833333333333333,0.41379310344827586,0.18644067796610173,0.10526315789473684,0.3333333333333333,0.2413793103448276,0.10332833235271642,0.056230631211310125,0.40561991329597974,0.31315544273898854
10898,0.38095238095238093,0.42424242424242425,0.14634146341463414,0.25,0.28571428571428575,0.393939393939394,0.087593103737711,0.17603761265626214,0.3292479269041769,0.31209013168249305
10899,0.36363636363636365,0.4383561643835616,0.16279069767441862,0.19718309859154928,0.3181818181818182,0.3561643835616438,0.07276375309803214,0.09058905115000351,0.2952495398609695,0.30545763565403494
10900,0.4806201550387596,0.45762711864406785,0.31496062992125984,0.2586206896551724,0.34108527131782945,0.3728813559322034,0.17565779619189817,0.1930207223278344,0.4895700297999148,0.45098039215686264
10901,0.3972602739726027,0.41221374045801523,0.1388888888888889,0.1550387596899225,0.24657534246575344,0.2595419847328244,0.08405462664062496,0.09219836880357996,0.2665000979815795,0.27273401840220124
10902,0.3880597014925373,0.33009708737864074,0.16666666666666669,0.09900990099009903,0.23880597014925375,0.2524271844660194,0.0365673527944127,0.034892557609346286,0.4094547985950701,0.22807239057239062
10903,0.5352112676056338,0.380952380952381,0.2571428571428571,0.11650485436893204,0.33802816901408445,0.1904761904761905,0.09996280343256907,0.028630686181976863,0.46732273427498966,0.2393596986817326
10904,0.6511627906976745,0.911764705882353,0.5196850393700788,0.8656716417910448,0.6201550387596899,0.911764705882353,0.40442781555097884,0.6839629793258237,0.5642438519311179,0.8736842105263157
10905,0.46017699115044247,0.5217391304347826,0.18018018018018017,0.26548672566371684,0.336283185840708,0.41739130434782606,0.10336578482908822,0.11638323563150785,0.3453997301399899,0.369882864388359
10906,0.4266666666666667,0.2982456140350877,0.17567567567567569,0.03571428571428571,0.22666666666666668,0.1754385964912281,0.0790928524345628,0.012025643116608276,0.38558027923211174,0.18771387342815915
10907,0.6514285714285715,0.6709677419354838,0.36994219653179194,0.4444444444444445,0.4,0.5032258064516129,0.24522367157900254,0.25796243609603103,0.4674199745575849,0.4792361262241566
10908,0.3711340206185567,0.4077669902912622,0.18947368421052632,0.2178217821782178,0.28865979381443296,0.33009708737864074,0.10941993099373984,0.12520650164254493,0.2669410709304868,0.3311095539789593
10909,0.3888888888888889,0.4067796610169491,0.16901408450704222,0.10344827586206895,0.3055555555555556,0.30508474576271183,0.07821024841007838,0.02330226249148618,0.3848485071568621,0.3093073639047599
10910,0.43410852713178294,0.3047619047619048,0.2204724409448819,0.0970873786407767,0.2325581395348837,0.17142857142857146,0.08917173339232727,0.010766864701312811,0.380289153547524,0.16501200762546112
10911,0.3103448275862069,0.33333333333333337,0.14035087719298245,0.0975609756097561,0.2586206896551724,0.2619047619047619,0.06242139254632317,0.06452732772852299,0.26345233408615293,0.2435953104646114
10912,0.36250000000000004,0.48333333333333334,0.1518987341772152,0.2542372881355932,0.2125,0.25,0.05067177650305914,0.07043234351129354,0.20301063829787233,0.27664108136434395
10913,0.5032258064516129,0.5217391304347827,0.22222222222222224,0.2138364779874214,0.36129032258064514,0.3850931677018633,0.09415887988341362,0.09003630243745792,0.37551530331912125,0.4201382565410064
10914,0.4672897196261682,0.4485981308411215,0.17142857142857143,0.1523809523809524,0.24299065420560748,0.22429906542056074,0.025334795699203185,0.025783373329453175,0.27227406679764243,0.20508287158549626
10915,0.3764705882352941,0.2153846153846154,0.07228915662650602,0.03174603174603175,0.16470588235294117,0.09230769230769231,0.015631555252668464,0.012617931623393959,0.2581065759637188,0.11492961964660077
10916,0.2782608695652174,0.6013986013986014,0.035398230088495575,0.5106382978723404,0.1391304347826087,0.5454545454545454,0.005521186807120846,0.35666516113315894,0.10942760942760944,0.583835685483871
10917,0.44067796610169496,0.44186046511627913,0.13793103448275865,0.09523809523809523,0.25423728813559326,0.27906976744186046,0.02634849504811973,0.031184107674780786,0.30815495662738795,0.2721631205673759
10918,0.7058823529411765,0.55,0.4599999999999999,0.3846153846153846,0.5490196078431373,0.5249999999999999,0.328699283351454,0.22706975718335867,0.6638771403933807,0.3860263157894738
10919,0.43859649122807015,0.19999999999999998,0.21428571428571427,0.04545454545454546,0.3333333333333333,0.15555555555555553,0.147851510586699,0.008589645312013951,0.3825126225536783,0.11208265206985617
10920,0.559322033898305,0.5982905982905983,0.36206896551724144,0.36521739130434777,0.5254237288135594,0.5299145299145298,0.2604796298396982,0.23213125048900804,0.5003273236825446,0.5216413419587784
10921,0.3454545454545454,0.3611111111111111,0.14814814814814814,0.1714285714285714,0.29090909090909084,0.3611111111111111,0.02389790307453075,0.028485903032799024,0.24807170286016947,0.1836230645008074
10922,0.32,0.2682926829268293,0.16326530612244897,0.075,0.23999999999999996,0.24390243902439024,0.08166132649722806,0.023409854415692218,0.2465310896520995,0.1559748427672956
10923,0.5270270270270272,0.7368421052631579,0.2876712328767123,0.4732824427480916,0.2567567567567568,0.40601503759398494,0.13621075088655973,0.23565541784142902,0.36796888962843816,0.5332675705941291
10924,0.35036496350364954,0.3269230769230769,0.1037037037037037,0.0392156862745098,0.18978102189781018,0.21153846153846154,0.04590350535783421,0.010239333824241435,0.22397280092592592,0.1742266223143863
10925,0.4672897196261682,0.23255813953488372,0.2285714285714286,0.07142857142857144,0.3177570093457944,0.18604651162790697,0.039329006888939616,0.022917378349969656,0.42056511976047906,0.1329497907949791
10926,0.5419354838709678,0.5294117647058825,0.3790849673202614,0.34523809523809523,0.4387096774193548,0.32941176470588235,0.21624459308565042,0.24029061058928236,0.3647316583240187,0.3874361319290155
10927,0.48214285714285715,0.4528301886792453,0.29090909090909084,0.19230769230769232,0.4107142857142857,0.28301886792452835,0.14875486526184192,0.14809362972567602,0.3516538832033259,0.3839150950308466
10928,0.4516129032258065,0.4028776978417266,0.13071895424836602,0.145985401459854,0.1935483870967742,0.1726618705035971,0.07244570223162261,0.08097704166100245,0.33438822130958207,0.3011029548583975
10929,0.4222222222222222,0.43478260869565216,0.06818181818181819,0.11940298507462688,0.2222222222222222,0.31884057971014496,0.024184136877418508,0.03760423120938688,0.28113097365187,0.26777120315581854
10930,0.365296803652968,0.27411167512690354,0.12903225806451613,0.13333333333333333,0.2191780821917808,0.18274111675126903,0.03255945335987503,0.019802504158684193,0.18685184527493937,0.1062393129862459
10931,0.4565217391304348,0.5277777777777778,0.26666666666666666,0.2857142857142857,0.32608695652173914,0.4444444444444444,0.1123092073723498,0.2053471463644057,0.3131102505543971,0.3316992740793201
10932,0.41509433962264153,0.5858585858585859,0.2692307692307692,0.4123711340206186,0.3584905660377358,0.505050505050505,0.15638350105502152,0.23768312579273104,0.3078982597054886,0.4351676105629112
10933,0.46153846153846156,0.5348837209302325,0.2696629213483146,0.28571428571428575,0.3076923076923077,0.46511627906976744,0.08715633776672768,0.1237322544316072,0.3078982597054887,0.32433056325023085
10934,0.6947368421052631,0.4848484848484848,0.45161290322580644,0.16494845360824742,0.5894736842105263,0.2828282828282829,0.32170914466498884,0.13134549472120788,0.4811715481171548,0.3194555945221429
10935,0.5658536585365854,0.47852760736196315,0.29556650246305416,0.19875776397515527,0.4682926829268293,0.3558282208588957,0.2633399201371907,0.088465237590307,0.40997401672319306,0.22610231528770855
10936,0.38554216867469876,0.42038216560509556,0.24390243902439024,0.2580645161290323,0.3373493975903615,0.34394904458598724,0.23820074425796872,0.24238378047755416,0.3188986807033376,0.3611687859336762
10937,0.6035502958579881,0.5494505494505495,0.35928143712574845,0.2777777777777778,0.4615384615384615,0.3626373626373626,0.1748011356301717,0.10178113596200135,0.4326468085106383,0.3555585457323425
10938,0.4460431654676259,0.3913043478260869,0.17518248175182483,0.11764705882352941,0.24460431654676257,0.24637681159420294,0.07336453014542815,0.032156330802644364,0.3132818858710397,0.2805555555555555
10939,0.6456692913385826,0.693069306930693,0.5439999999999999,0.5656565656565656,0.5984251968503936,0.6732673267326733,0.3565447678126726,0.425874468039002,0.6745732389311917,0.6611394557823128
10940,0.6495726495726495,0.5490196078431373,0.5565217391304348,0.4,0.6153846153846153,0.4509803921568628,0.3570925755762248,0.2839325789880347,0.6392045454545454,0.41233488258317025
10941,0.5585585585585585,0.4035087719298246,0.4036697247706423,0.25,0.4864864864864865,0.31578947368421056,0.28268410335074906,0.1795148480703023,0.3741396791316276,0.20639628400379761
10942,0.39999999999999997,0.4910179640718563,0.17486338797814205,0.2181818181818182,0.19459459459459458,0.26347305389221554,0.09209612463960862,0.11810740962464768,0.29623834613439604,0.3101010101010101
10943,0.42105263157894735,0.41441441441441446,0.23214285714285712,0.25688073394495414,0.3508771929824561,0.34234234234234234,0.17259078815284493,0.22305624059379706,0.27122591870238105,0.26345671206539484
10944,0.4464285714285714,0.49523809523809526,0.16363636363636366,0.2524271844660194,0.2678571428571429,0.34285714285714286,0.03736002721618697,0.22346802695293883,0.31237281237281234,0.39276266061980347
10945,0.3010752688172043,0.37037037037037035,0.02197802197802198,0.02531645569620253,0.17204301075268816,0.1728395061728395,0.010237869503610934,0.012916905368871115,0.20121362154329184,0.2601967141650547
10946,0.5714285714285715,0.5862068965517242,0.41666666666666663,0.4210526315789474,0.326530612244898,0.4827586206896552,0.251987958191743,0.19267381155803479,0.4349841872799435,0.5448969331322272
10947,0.4864864864864865,0.6203208556149733,0.22950819672131148,0.3135135135135135,0.29189189189189185,0.3957219251336898,0.033711081472659804,0.1462984985109648,0.3311425381022451,0.3916828021244875
10948,0.3709677419354839,0.3838383838383838,0.06557377049180328,0.18556701030927839,0.20967741935483875,0.22222222222222224,0.012326342189642448,0.041202413254096425,0.18518518518518523,0.24610136452241718
10949,0.32727272727272727,0.17283950617283952,0.20370370370370375,0.0,0.2909090909090909,0.09876543209876544,0.08700500849730863,0.006514424171411357,0.28721702168306434,0.10368663594470047
10950,0.4079601990049751,0.46632124352331605,0.1407035175879397,0.20942408376963353,0.21890547263681592,0.30051813471502586,0.052843334161199525,0.1333043196505381,0.24130211695383752,0.28807297918025093
10951,0.26506024096385544,0.21739130434782608,0.02469135802469136,0.0,0.19277108433734938,0.1739130434782609,0.01293165965304266,0.006141792667360454,0.14211886304909563,0.12658227848101264
10952,0.7464788732394366,0.7814569536423841,0.6714285714285715,0.6845637583892618,0.7464788732394366,0.7549668874172186,0.5554909075731771,0.6132557510098189,0.658625730994152,0.7197261219182082
10953,0.7157894736842104,0.4,0.5376344086021506,0.17204301075268816,0.6526315789473685,0.2526315789473684,0.35961580782857905,0.11315096739647224,0.7002843891359534,0.31938357537738815
10954,0.2708333333333333,0.2337662337662338,0.0425531914893617,0.08,0.18749999999999997,0.18181818181818182,0.024173969064838246,0.06360003209533147,0.1908047309833024,0.13903586125808348
10955,0.41584158415841577,0.5048543689320388,0.1818181818181818,0.17821782178217824,0.33663366336633666,0.3689320388349514,0.07354309549867266,0.07393853815512819,0.2917360073585316,0.31341581086364667
10956,0.6106870229007634,0.5669291338582677,0.3565891472868217,0.39999999999999997,0.33587786259541985,0.4409448818897638,0.12005003069152566,0.15985650285824662,0.3216753949175824,0.36273468759618344
10957,0.6346153846153846,0.5370370370370371,0.5098039215686274,0.4339622641509434,0.6153846153846153,0.5185185185185185,0.28358351552745614,0.24903286388467735,0.6265275427711976,0.5537063143971038
10958,0.4731182795698925,0.45360824742268047,0.3296703296703297,0.29473684210526313,0.40860215053763443,0.3711340206185567,0.16759110211422484,0.10905039213249462,0.4675355450236967,0.39519906323185017
10959,0.47297297297297297,0.48214285714285715,0.12328767123287672,0.14545454545454545,0.2702702702702703,0.2678571428571429,0.07237842567185965,0.024259956505680167,0.24513501799508428,0.2133389562374905
10960,0.44755244755244755,0.445859872611465,0.2269503546099291,0.2064516129032258,0.32167832167832167,0.22929936305732485,0.13607276512166316,0.10905064129627866,0.4191043385680064,0.4219994163505231
10961,0.40559440559440557,0.37410071942446044,0.09929078014184398,0.058394160583941604,0.2237762237762238,0.2302158273381295,0.018850900867613322,0.017332881547563125,0.3214997413741585,0.29721572805892327
10962,0.4848484848484849,0.49350649350649345,0.288659793814433,0.3466666666666667,0.4444444444444444,0.33766233766233766,0.17930149749272192,0.2555926579000335,0.4756742941998141,0.4327999618858345
10963,0.5925925925925926,0.6276595744680851,0.26737967914438504,0.2795698924731183,0.3492063492063492,0.3829787234042554,0.12623693518340012,0.13348343534183174,0.42101680511957823,0.3605046467353312
10964,0.47787610619469023,0.5593220338983051,0.21621621621621623,0.3448275862068965,0.3893805309734513,0.47457627118644075,0.10708676012084849,0.2546426664070875,0.3389066666666667,0.3603700262223308
10965,0.3432835820895522,0.37606837606837606,0.16666666666666669,0.191304347826087,0.2835820895522388,0.3247863247863248,0.09901206217454961,0.12638931972833928,0.32709239844639787,0.337220942660585
10966,0.4740740740740741,0.4742268041237113,0.24060150375939848,0.2736842105263158,0.3851851851851852,0.30927835051546393,0.15878795798060616,0.19319522417917576,0.47678275290215594,0.418468809073724
10967,0.606060606060606,0.656,0.41538461538461535,0.5528455284552846,0.5151515151515152,0.64,0.2413191657682518,0.3282354290841272,0.43039102980623445,0.4707994120307552
10968,0.38571428571428573,0.41739130434782606,0.11594202898550725,0.21238938053097345,0.24285714285714288,0.3304347826086957,0.03286348589095872,0.09793254827491725,0.2763704719808972,0.22892307692307692
10969,0.4647887323943662,0.46601941747572817,0.17142857142857146,0.1188118811881188,0.30985915492957744,0.2524271844660194,0.012997232922204557,0.01578831771339094,0.35485649741633096,0.24218600749212993
10970,0.38016528925619836,0.39999999999999997,0.18487394957983194,0.16666666666666666,0.23140495867768596,0.23636363636363636,0.05006200240097211,0.060537150687629784,0.33933628776545194,0.27332621082621084
10971,0.4878048780487805,0.5507246376811594,0.32499999999999996,0.3582089552238806,0.41463414634146345,0.4927536231884058,0.2003519753070495,0.18803269179857318,0.41682242990654206,0.40662650602409645
10972,0.4313725490196078,0.5,0.07920792079207921,0.12612612612612614,0.16666666666666666,0.17857142857142858,0.03519538727766123,0.027797328700380933,0.22149498153962438,0.2815648090209534
10973,0.3958333333333333,0.42666666666666664,0.19148936170212766,0.2465753424657534,0.2916666666666667,0.32,0.139050143368438,0.14806015541052223,0.3179083625580931,0.30938929244013996
10974,0.43564356435643564,0.5588235294117647,0.303030303030303,0.4545454545454546,0.3762376237623762,0.5588235294117647,0.15278826867290368,0.23624273960145709,0.43601382298894714,0.41989555256064687
10975,0.35294117647058826,0.3789473684210526,0.16,0.15053763440860216,0.19607843137254902,0.2526315789473684,0.0984683104204656,0.027713779000617004,0.30495169082125606,0.2605550819836534
10976,0.12844036697247707,0.14432989690721648,0.018691588785046728,0.021052631578947368,0.09174311926605504,0.10309278350515463,0.004591902841466034,0.0035758476280946727,0.05794701986754966,0.050847457627118633
10977,0.2222222222222222,0.1797752808988764,0.08064516129032258,0.04597701149425287,0.15873015873015875,0.15730337078651685,0.009997371727861804,0.01160713161991953,0.302757793764988,0.19578947368421057
10978,0.46153846153846156,0.5490196078431373,0.2608695652173913,0.22000000000000003,0.4102564102564103,0.41176470588235287,0.13817790393734294,0.11541982525233573,0.4279122807017544,0.43039772727272724
10979,0.4347826086956522,0.5833333333333334,0.16176470588235292,0.2553191489361702,0.24637681159420297,0.25,0.026918779045364282,0.09879940588369653,0.258835973786346,0.3305340223944875
10980,0.39999999999999997,0.4492753623188406,0.2162162162162162,0.25,0.24,0.2608695652173913,0.16517138483719818,0.17888506597292503,0.33320485060103466,0.3400645972674784
10981,0.36666666666666664,0.29885057471264365,0.13559322033898305,0.11764705882352941,0.19999999999999998,0.1839080459770115,0.07234851425405492,0.04830312527672994,0.2690777576853526,0.1839279199251281
10982,0.4233576642335767,0.39024390243902446,0.13333333333333333,0.1487603305785124,0.24817518248175183,0.2601626016260163,0.015036420633060453,0.01605645056335767,0.3104154283072453,0.29957455132280303
10983,0.36641221374045796,0.4132231404958678,0.15503875968992245,0.13445378151260504,0.24427480916030533,0.2809917355371901,0.08886238154087403,0.07217773592619955,0.2804246728779996,0.3313174382178907
10984,0.5166666666666666,0.5979381443298969,0.25423728813559326,0.3368421052631579,0.2833333333333334,0.3711340206185567,0.09415373483356212,0.14607240426522508,0.3595103672019429,0.376562962962963
10985,0.5038167938931298,0.4269662921348315,0.18604651162790697,0.1839080459770115,0.25954198473282447,0.3146067415730337,0.09267527988495768,0.0920176310748616,0.3861370848240386,0.31752673421502836
10986,0.5798816568047338,0.5609756097560975,0.33532934131736525,0.30864197530864196,0.37869822485207105,0.3658536585365854,0.1925103479293974,0.16700480041595767,0.4556852070296527,0.4291274850285385
10987,0.2469135802469136,0.3829787234042553,0.12658227848101267,0.21739130434782608,0.14814814814814814,0.21276595744680848,0.0911209149063426,0.09516807405336351,0.22238905572238907,0.3437229671280277
10988,0.5607476635514018,0.540983606557377,0.32380952380952377,0.2833333333333333,0.5046728971962617,0.4426229508196722,0.27334468314364796,0.20754747379061667,0.5119004969438286,0.49047761790567557
10989,0.5135135135135135,0.48648648648648646,0.19178082191780824,0.1780821917808219,0.24324324324324323,0.22972972972972971,0.032583859199539655,0.06791782965493835,0.2768534322820038,0.2522369999860919
10990,0.39062499999999994,0.2831858407079646,0.1587301587301587,0.036036036036036036,0.296875,0.1592920353982301,0.013246485696002319,0.005353859558398921,0.3368134440956626,0.12264150943396226
10991,0.32608695652173914,0.35294117647058826,0.17777777777777778,0.07228915662650602,0.28260869565217395,0.21176470588235297,0.11711735740891184,0.014422230040316385,0.2892999269670457,0.2453155175113524
10992,0.6727272727272727,0.4242424242424242,0.46296296296296297,0.10309278350515465,0.6181818181818182,0.2828282828282828,0.3059569721509415,0.07071793654356237,0.5552864063835851,0.24149880875027077
10993,0.7167630057803468,0.6052631578947367,0.456140350877193,0.25333333333333335,0.48554913294797686,0.3157894736842105,0.325515896226695,0.11321007554757385,0.5479379983973139,0.36688248188863437
10994,0.5544554455445544,0.4705882352941176,0.26,0.2376237623762376,0.3069306930693069,0.303921568627451,0.17727083087930762,0.2014401159257227,0.40500904120493386,0.34549192519167476
10995,0.6055045871559633,0.2926829268292683,0.4672897196261682,0.19999999999999998,0.40366972477064217,0.2682926829268293,0.2410539264509418,0.14562215828264896,0.677710843373494,0.2621082621082621
10996,0.49586776859504134,0.5142857142857142,0.20168067226890757,0.21359223300970875,0.3305785123966942,0.380952380952381,0.10113527767204981,0.08151562338923836,0.2587631605018328,0.24085122195057934
10997,0.4580152671755725,0.36974789915966383,0.20155038759689922,0.15384615384615385,0.35114503816793896,0.31932773109243695,0.10168724653018661,0.10009643741382573,0.2827111111111111,0.2714670773969966
10998,0.4328358208955224,0.5504587155963303,0.21212121212121213,0.29906542056074764,0.2686567164179105,0.4220183486238532,0.10385145932077872,0.22371478181546028,0.3270683913934426,0.3575184381778743
10999,0.3519999999999999,0.39655172413793105,0.16260162601626016,0.12280701754385967,0.17599999999999996,0.29310344827586204,0.05919235120019913,0.08970363701148239,0.33780598937875117,0.3443526170798898
11000,0.4632768361581921,0.4713375796178344,0.10285714285714286,0.167741935483871,0.23728813559322032,0.2802547770700637,0.011715337741401823,0.02614862568829326,0.26605694874925645,0.27820229187899287
11001,0.45333333333333337,0.49523809523809526,0.15246636771300448,0.22115384615384615,0.24888888888888888,0.2761904761904762,0.09092612653505154,0.11278835644448958,0.27083232941403235,0.32895550351288055
11002,0.3191489361702127,0.3236994219653179,0.07526881720430108,0.07017543859649122,0.13829787234042554,0.1271676300578035,0.011194759109832184,0.01696283997907419,0.20733521045411885,0.18794017094017096
11003,0.46153846153846156,0.3116883116883117,0.1797752808988764,0.13333333333333333,0.30769230769230765,0.2077922077922078,0.05150468142141068,0.04148681657262305,0.4394088669950739,0.2266402428740091
11004,0.4122137404580153,0.5137614678899083,0.23255813953488372,0.14953271028037382,0.33587786259541985,0.3119266055045872,0.09601253697586218,0.03823847788895741,0.28349800177619894,0.36068022181146026
11005,0.5820105820105819,0.6206896551724138,0.267379679144385,0.3084577114427861,0.29629629629629634,0.354679802955665,0.12988068493448165,0.1892345766404319,0.35430897390473204,0.40732546705998035
11006,0.6503067484662577,0.6631016042780749,0.40993788819875776,0.4000000000000001,0.4785276073619632,0.45989304812834225,0.3163594126839446,0.3236465161859398,0.47650305250305247,0.5286070882718467
11007,0.32075471698113206,0.3255813953488372,0.11538461538461538,0.11904761904761904,0.18867924528301885,0.186046511627907,0.010926333933084918,0.008073622660235754,0.1877555835168292,0.155573450976273
11008,0.3695652173913044,0.3714285714285714,0.08888888888888889,0.11764705882352941,0.21739130434782608,0.2571428571428572,0.06325187934030123,0.06929771045491613,0.2856082786878635,0.20850312415104588
11009,0.5030674846625766,0.5866666666666667,0.21118012422360247,0.2972972972972973,0.29447852760736193,0.3733333333333333,0.08597467794290539,0.13388646355998884,0.414966168747473,0.46035911840595084
11010,0.5380116959064328,0.578125,0.2366863905325444,0.3174603174603174,0.3508771929824561,0.421875,0.15225223391601095,0.1222559570716768,0.39814886526027565,0.35604525089802713
11011,0.40251572327044033,0.5042016806722689,0.16560509554140126,0.22222222222222224,0.23899371069182387,0.319327731092437,0.07227871153662713,0.10555265946688819,0.3,0.29801414427157
11012,0.4137931034482758,0.4880952380952381,0.11940298507462686,0.1566265060240964,0.17733990147783252,0.25,0.08029495733702705,0.07699524879474934,0.29213391111938936,0.2973095485694478
11013,0.608,0.4881889763779527,0.2764227642276423,0.192,0.448,0.3779527559055118,0.08018699704128505,0.15074387376108148,0.35322688717551265,0.3557525028721484
11014,0.5535714285714286,0.6170212765957447,0.3090909090909091,0.3913043478260869,0.35714285714285715,0.574468085106383,0.2306779369998678,0.2519788655988976,0.40471869328493654,0.4254626865671642
11015,0.4705882352941177,0.42857142857142855,0.18803418803418806,0.16129032258064516,0.2689075630252101,0.2698412698412698,0.013395668914682687,0.014025785941850012,0.24226641414141412,0.20037541310064103
11016,0.4,0.44705882352941173,0.06818181818181818,0.12048192771084337,0.2,0.23529411764705882,0.0636344281177244,0.06578793216385327,0.22372556617583744,0.19062574351653583
11017,0.5714285714285714,0.6046511627906976,0.2903225806451613,0.37795275590551175,0.33333333333333337,0.5271317829457365,0.16826003730794822,0.19944388736881988,0.4923999143652322,0.5385270327799063
11018,0.5274725274725275,0.4173913043478261,0.3146067415730337,0.19469026548672563,0.37362637362637363,0.2782608695652174,0.0848007939406595,0.0551574088691356,0.3794692961359628,0.30030870479679767
11019,0.25925925925925924,0.2471910112359551,0.05660377358490566,0.09195402298850576,0.16666666666666666,0.2247191011235955,0.010219275299875132,0.014000259727601263,0.20377204279770156,0.1883544303797468
11020,0.20689655172413793,0.4554455445544554,0.017543859649122806,0.1818181818181818,0.08620689655172414,0.31683168316831684,0.009893615743446084,0.13983810255456483,0.1327063349320544,0.31627015447062806
11021,0.5299145299145299,0.4883720930232558,0.2608695652173913,0.28571428571428575,0.358974358974359,0.372093023255814,0.17827531042796255,0.20662972102186042,0.3615311406726853,0.3148528405201917
11022,0.29850746268656714,0.3119266055045872,0.0303030303030303,0.056074766355140186,0.1791044776119403,0.14678899082568805,0.01752319227808165,0.025800258903416768,0.16047297297297294,0.14109347442680775
11023,0.5414364640883977,0.5227272727272727,0.3016759776536313,0.2873563218390805,0.430939226519337,0.4431818181818181,0.1869695259625796,0.1600536354622553,0.42070501629672946,0.4229053563401224
11024,0.5416666666666666,0.4696969696969697,0.2676056338028169,0.2,0.3194444444444444,0.24242424242424243,0.07953262524851432,0.03820094519833241,0.349521921641791,0.24709051208236282
11025,0.423841059602649,0.5142857142857143,0.09395973154362418,0.23188405797101447,0.2251655629139073,0.2857142857142857,0.024439726007957116,0.09910824104297136,0.28555810079133687,0.3880270391031196
11026,0.5046728971962617,0.4897959183673469,0.28571428571428575,0.20833333333333334,0.3925233644859813,0.40816326530612246,0.1937244214431722,0.1549348296558271,0.4334022247188426,0.39421979972113064
11027,0.6013071895424835,0.6707317073170732,0.4370860927152318,0.5308641975308642,0.5620915032679739,0.6585365853658536,0.2489668468748735,0.38286818767757463,0.3971746823047648,0.5451924254870402
11028,0.4266666666666667,0.4161073825503356,0.2027027027027027,0.163265306122449,0.3466666666666667,0.3087248322147651,0.0702704371095855,0.05828899770671428,0.39574468085106385,0.3498551508550852
11029,0.17054263565891475,0.48214285714285715,0.0,0.2727272727272727,0.10852713178294575,0.25,0.004245146097067122,0.17755452167304725,0.10344827586206898,0.3211033264136022
11030,0.3333333333333333,0.36000000000000004,0.1320754716981132,0.14285714285714285,0.24074074074074076,0.24,0.021122625521258823,0.025660839596410776,0.23255978291593646,0.25147520401757695
11031,0.37593984962406013,0.25,0.183206106870229,0.07272727272727272,0.2105263157894737,0.19642857142857145,0.06606220782003074,0.010875623584297113,0.3627733735812967,0.11316872427983539
11032,0.42780748663101603,0.37777777777777777,0.19459459459459458,0.07865168539325842,0.2887700534759358,0.14444444444444443,0.16552526503221052,0.010281224255575037,0.3158825492158825,0.15767518927159505
11033,0.3448275862068966,0.3252032520325203,0.055944055944055944,0.06611570247933884,0.16551724137931037,0.17886178861788618,0.0039878473144059345,0.01213165770427677,0.17942936865813072,0.16569516407599308
11034,0.39705882352941174,0.37499999999999994,0.23880597014925373,0.19718309859154928,0.3529411764705882,0.26388888888888884,0.08818151186132837,0.023862492481936143,0.3390935232913326,0.31219948991679797
11035,0.4027777777777778,0.42553191489361697,0.14084507042253522,0.15827338129496402,0.25,0.28368794326241137,0.027465520657265718,0.035111881682706715,0.30846883468834685,0.3269853442399455
11036,0.46938775510204084,0.372093023255814,0.31249999999999994,0.11904761904761904,0.2857142857142857,0.20930232558139533,0.11913648728109437,0.027142760758873147,0.49219519457614697,0.31441833478387005
11037,0.25000000000000006,0.4615384615384615,0.10256410256410255,0.15873015873015872,0.225,0.2153846153846154,0.010831815605992019,0.016373682488441264,0.21502890173410405,0.23829528593646648
11038,0.32989690721649484,0.3888888888888889,0.12631578947368421,0.169811320754717,0.16494845360824742,0.18518518518518515,0.11431164199686565,0.13184619645059445,0.28109243697478997,0.36808413351623226
11039,0.5631067961165048,0.5194805194805195,0.25742574257425743,0.13333333333333333,0.4077669902912621,0.33766233766233766,0.08235033082701372,0.03382224203513801,0.41977403652927253,0.27034750800182905
11040,0.4183006535947712,0.45945945945945943,0.10596026490066227,0.1095890410958904,0.22222222222222224,0.20270270270270274,0.04803591336025712,0.02813101725075048,0.32780615162884336,0.2998795978568419
11041,0.46315789473684216,0.47368421052631576,0.23655913978494625,0.2162162162162162,0.37894736842105264,0.4210526315789474,0.13166397580914366,0.11855723023081109,0.4625670241286864,0.29956474115069764
11042,0.22222222222222227,0.14285714285714288,0.056603773584905655,0.0,0.11111111111111113,0.08571428571428572,0.01768294453840758,0.007094069687750042,0.1597051597051597,0.06793478260869566
11043,0.5064935064935066,0.4806201550387597,0.15789473684210528,0.23622047244094488,0.28571428571428575,0.3720930232558139,0.036189212835929824,0.15337889705011615,0.3813055509642608,0.2818181818181818
11044,0.25263157894736843,0.35051546391752575,0.1075268817204301,0.10526315789473684,0.16842105263157894,0.20618556701030927,0.026580190098370173,0.02925410223359826,0.21356484424666242,0.26636992014270255
11045,0.46601941747572817,0.62,0.31683168316831684,0.4081632653061225,0.34951456310679613,0.42,0.21141555059982428,0.2516173741960751,0.36150527919501135,0.4518664047151277
11046,0.5606060606060607,0.46296296296296297,0.3384615384615385,0.11320754716981131,0.3636363636363636,0.24074074074074073,0.16380144881959025,0.060546529642814345,0.35334352528169405,0.2167150331970277
11047,0.31,0.3351351351351351,0.030303030303030304,0.04371584699453552,0.15999999999999998,0.16216216216216214,0.0330857105175234,0.034318646945319976,0.14608859566446747,0.14367816091954022
11048,0.4536082474226804,0.43589743589743596,0.2105263157894737,0.13157894736842102,0.24742268041237112,0.2564102564102564,0.1514486665529304,0.02894508153282998,0.3325066164412476,0.17133486047480218
11049,0.6055045871559633,0.6,0.39252336448598135,0.34090909090909094,0.4587155963302752,0.5333333333333333,0.2686424829558855,0.21029717904944664,0.6483203244566881,0.5270298944147084
11050,0.33333333333333326,0.3793103448275862,0.18309859154929578,0.2105263157894737,0.26388888888888884,0.32758620689655177,0.13305641716016933,0.1895882509406645,0.35150809061488664,0.36214796065489735
11051,0.5238095238095238,0.4571428571428572,0.25806451612903225,0.2524271844660194,0.3174603174603174,0.28571428571428564,0.13235812103168654,0.1501281751328752,0.453023800089616,0.32843983440521834
11052,0.535031847133758,0.5,0.12903225806451613,0.09090909090909091,0.35668789808917195,0.2692307692307692,0.014893548904508174,0.021492931432185454,0.3293355727218208,0.2257905987225097
11053,0.6382978723404256,0.6788990825688074,0.37410071942446044,0.411214953271028,0.46808510638297873,0.5504587155963302,0.2370702079692597,0.2825587591140268,0.45925925925925926,0.4377617280678504
11054,0.37804878048780494,0.36470588235294116,0.08641975308641975,0.05952380952380953,0.17073170731707316,0.1764705882352941,0.007485434263784796,0.004037167338162414,0.23158651905176186,0.21680216802168023
11055,0.5357142857142858,0.4545454545454545,0.2727272727272727,0.1851851851851852,0.32142857142857145,0.2727272727272727,0.10295397393703208,0.04245539111569049,0.403216419647707,0.3040178571428571
11056,0.42975206611570244,0.5365853658536586,0.23529411764705882,0.375,0.3471074380165289,0.5121951219512195,0.08994104132942932,0.218401866765107,0.34854346836595357,0.4018748392827921
11057,0.42028985507246375,0.45045045045045046,0.14705882352941177,0.12844036697247707,0.2608695652173913,0.27027027027027023,0.0559718644185165,0.016541728840812443,0.3595665832977491,0.27568863083985956
11058,0.6804123711340206,0.5747126436781609,0.4842105263157895,0.30588235294117644,0.6391752577319587,0.48275862068965514,0.2531391816788243,0.1026937645223988,0.5804858884240481,0.3958589672875387
11059,0.5546218487394957,0.42105263157894735,0.3418803418803419,0.25806451612903225,0.4873949579831933,0.33684210526315794,0.181984259179759,0.11069260141603962,0.5444439385661385,0.2623715158341197
11060,0.5833333333333334,0.5934065934065934,0.3191489361702128,0.3146067415730337,0.5,0.5274725274725274,0.180280887921759,0.1876076628123917,0.5862441130298273,0.5601912167145742
11061,0.4274809160305344,0.3829787234042553,0.15503875968992248,0.15217391304347824,0.25954198473282447,0.3191489361702127,0.0798028036623451,0.09821499358182034,0.4067744535508224,0.2719042215273614
11062,0.31404958677685957,0.5714285714285715,0.11764705882352942,0.38202247191011235,0.24793388429752067,0.46153846153846156,0.07577393481150407,0.1786366677473313,0.23629201783854936,0.41295106438213913
11063,0.5730337078651685,0.46478873239436624,0.3409090909090909,0.24285714285714283,0.43820224719101125,0.29577464788732394,0.18960404143039505,0.0917960176832129,0.4482951400476488,0.28157674136619065
11064,0.5647058823529412,0.5901639344262296,0.36904761904761907,0.3867403314917128,0.4352941176470589,0.2950819672131148,0.21167990228244593,0.2395270223875632,0.3856203995793902,0.3431275780258451
11065,0.5423728813559322,0.49090909090909096,0.37931034482758624,0.2962962962962963,0.4406779661016949,0.4181818181818182,0.18201036276130797,0.13154242003225933,0.5682738386308068,0.41321695760598504
11066,0.5391304347826087,0.5242718446601942,0.2831858407079646,0.21782178217821782,0.4,0.34951456310679613,0.13315038207149182,0.031318082845350245,0.34129170492806854,0.30955029853648586
11067,0.5737704918032787,0.6804123711340205,0.45,0.5684210526315789,0.5245901639344263,0.6391752577319587,0.3005617274625713,0.4268006216449991,0.5037740836466166,0.503603533878847
11068,0.5686274509803922,0.3956043956043956,0.37999999999999995,0.26966292134831465,0.45098039215686275,0.26373626373626374,0.26429090937853744,0.13927578635241414,0.4631131895399886,0.2882794366838965
11069,0.46153846153846156,0.38383838383838387,0.2745098039215686,0.16494845360824742,0.4423076923076923,0.3232323232323232,0.10315074848840573,0.02886030108828523,0.5918294833045482,0.3073224245406824
11070,0.7499999999999999,0.6851851851851852,0.5636363636363637,0.5660377358490566,0.6607142857142857,0.6296296296296297,0.28027336615840454,0.31842358443936375,0.6238241214624969,0.4980265227478274
11071,0.5040650406504065,0.4472049689440994,0.2809917355371901,0.21383647798742136,0.42276422764227645,0.24844720496894412,0.07056003621317013,0.09079201972343767,0.33452220726783305,0.3074306645735217
11072,0.273972602739726,0.38333333333333336,0.06944444444444445,0.06779661016949153,0.1917808219178082,0.26666666666666666,0.016356669383833455,0.011659816403652514,0.23600861008610086,0.23074865020153779
11073,0.6363636363636364,0.31007751937984496,0.36923076923076925,0.031496062992125984,0.5,0.1395348837209302,0.14160520594624496,0.010076197080528315,0.34709901290961315,0.14777602661763417
11074,0.323943661971831,0.3304347826086957,0.0857142857142857,0.07079646017699115,0.15492957746478875,0.22608695652173913,0.008314131939395305,0.012421030123109973,0.21966168267967176,0.18495326137478696
11075,0.45033112582781454,0.4302325581395348,0.2818791946308725,0.24705882352941178,0.3311258278145695,0.33720930232558144,0.19822950833231381,0.19775966555563138,0.3389261744966443,0.40976363034063734
11076,0.5825242718446602,0.5227272727272727,0.37623762376237624,0.3023255813953488,0.3495145631067961,0.4318181818181818,0.30070216641582925,0.19288135454752375,0.5097087378640778,0.39539823448549993
11077,0.48387096774193555,0.46296296296296297,0.21311475409836064,0.24528301886792453,0.3548387096774193,0.29629629629629634,0.10623326130292247,0.15081207805782876,0.3818949749711206,0.3560436893203884
11078,0.5376344086021505,0.5121951219512195,0.28571428571428575,0.275,0.4086021505376344,0.3902439024390244,0.2055202843308498,0.22490580636164012,0.44448291571753995,0.35966678823821685
11079,0.32982456140350874,0.2393162393162393,0.0989399293286219,0.10344827586206896,0.21754385964912282,0.11965811965811965,0.035813832992097935,0.005774969287677054,0.14882786729398195,0.09252717391304349
11080,0.4423076923076923,0.4247787610619469,0.11764705882352941,0.1081081081081081,0.3269230769230769,0.2654867256637168,0.019291932172337635,0.013536518410168837,0.31879556230205586,0.3117112164731212
11081,0.2994011976047904,0.38235294117647056,0.13333333333333333,0.16417910447761194,0.2155688622754491,0.2058823529411765,0.07659679924552232,0.09523983805462555,0.26801152737752165,0.2617921057695573
11082,0.4246575342465753,0.4403669724770642,0.11111111111111112,0.14953271028037385,0.2602739726027397,0.25688073394495414,0.05564622677613624,0.06646323451940706,0.33064633260711696,0.24776855428618397
11083,0.5987261146496815,0.5512820512820513,0.32258064516129026,0.2987012987012987,0.3694267515923567,0.3205128205128205,0.180212077216218,0.17776795797688436,0.475135803131671,0.47271702515302855
11084,0.3595505617977528,0.4931506849315069,0.18390804597701152,0.28169014084507044,0.29213483146067415,0.3561643835616438,0.13760850821382833,0.2098301036994052,0.3389330975537872,0.38721291123525764
11085,0.631578947368421,0.6722689075630253,0.44274809160305345,0.5299145299145299,0.5413533834586466,0.638655462184874,0.25155607753277937,0.3433949759408388,0.641031661741721,0.6320009206690196
11086,0.4297520661157025,0.4631578947368421,0.18487394957983194,0.2580645161290323,0.2644628099173553,0.3368421052631579,0.08100340560279688,0.08796622476127396,0.36999118807428344,0.3358528596623835
11087,0.5185185185185186,0.482051282051282,0.2459893048128342,0.11398963730569947,0.3280423280423281,0.22564102564102564,0.09566638783089566,0.021888098938416797,0.34156582798909196,0.25496489468405215
11088,0.6724137931034482,0.5747126436781609,0.3508771929824562,0.35294117647058826,0.4827586206896552,0.39080459770114945,0.16175756946535233,0.1389722305882722,0.551257620635611,0.38026367571822123
11089,0.3157894736842105,0.4054054054054054,0.06451612903225806,0.1388888888888889,0.18947368421052632,0.2972972972972973,0.01170925172080782,0.08197539732074254,0.2497874149659864,0.31727091438098665
11090,0.37606837606837606,0.4166666666666667,0.12173913043478261,0.14893617021276595,0.30769230769230765,0.375,0.03496819374664406,0.034564906560360695,0.22917428091976244,0.24802580358135914
11091,0.4297520661157025,0.5384615384615383,0.21848739495798322,0.3157894736842105,0.3305785123966942,0.41025641025641024,0.1265561579607215,0.10371101739161653,0.3948427184466019,0.3771670190274841
11092,0.6804123711340206,0.5365853658536586,0.5052631578947367,0.37499999999999994,0.6391752577319588,0.4878048780487805,0.3032719689262262,0.26019126665731623,0.7290644665774738,0.4748445273631841
11093,0.3770491803278689,0.35051546391752575,0.11666666666666667,0.1473684210526316,0.22950819672131148,0.26804123711340205,0.012332925950800438,0.1109078993347376,0.23820608317815023,0.2864957472497082
11094,0.3608247422680413,0.40223463687150846,0.125,0.1694915254237288,0.17525773195876287,0.17877094972067037,0.04710454562154115,0.04470101103863708,0.2364851265950167,0.23545305790636592
11095,0.26086956521739135,0.27499999999999997,0.06666666666666667,0.12820512820512822,0.15217391304347824,0.15,0.01947053359457094,0.023684092245087603,0.1661631419939577,0.1567398119122257
11096,0.6086956521739131,0.6041666666666666,0.5486725663716814,0.574468085106383,0.5739130434782609,0.5833333333333334,0.4287295830692778,0.5142711928662289,0.6560657898634439,0.5816752588300456
11097,0.4,0.617283950617284,0.2045454545454545,0.3037974683544304,0.2888888888888889,0.4197530864197531,0.03485328506338235,0.06127197792540559,0.30409652076318744,0.3987003931632946
11098,0.5934065934065934,0.5454545454545454,0.42696629213483145,0.375,0.4175824175824176,0.4848484848484848,0.25148648713327565,0.24939622168487866,0.5522499817371613,0.36772652553378926
11099,0.4,0.4654088050314465,0.19653179190751446,0.3057324840764331,0.27428571428571424,0.4025157232704402,0.12811384257539477,0.1619942239852289,0.23384915593632233,0.28259109965685075
11100,0.4727272727272727,0.3956043956043956,0.2037037037037037,0.0898876404494382,0.30909090909090914,0.24175824175824176,0.12073293004303572,0.06870045846796606,0.34122150759797387,0.23396226415094337
11101,0.5555555555555556,0.28571428571428575,0.26415094339622636,0.08,0.3703703703703703,0.2077922077922078,0.1504189966597981,0.032182419930186584,0.48843221920144997,0.17865550174872205
11102,0.3148148148148148,0.24657534246575344,0.05660377358490566,0.028169014084507043,0.20370370370370372,0.16438356164383564,0.011107376435668023,0.00820453883495139,0.27937041564792175,0.16812169312169314
11103,0.4489795918367347,0.6,0.2916666666666667,0.45454545454545453,0.38775510204081637,0.5555555555555556,0.18103725767504622,0.2712729059699874,0.5023962091432879,0.6808721032233369
11104,0.5106382978723405,0.529032258064516,0.23021582733812948,0.20915032679738563,0.3971631205673759,0.3225806451612903,0.10467082127145895,0.09883225633504206,0.3843944080244479,0.3724335516178736
11105,0.44776119402985076,0.613861386138614,0.18181818181818182,0.2828282828282829,0.3283582089552239,0.5148514851485149,0.08810528781344795,0.12288310372931706,0.3546348314606742,0.3881010031131096
11106,0.688,0.5470085470085471,0.5528455284552846,0.3652173913043478,0.6240000000000001,0.46153846153846156,0.2962207141608661,0.18563230746725778,0.5187213198164469,0.2783417721518987
11107,0.32608695652173914,0.4186046511627907,0.08888888888888888,0.2619047619047619,0.19565217391304346,0.3255813953488372,0.015032618275787689,0.15342226558316546,0.15011547344110854,0.2826699787875404
11108,0.5777777777777777,0.6902654867256637,0.4511278195488722,0.5225225225225225,0.5333333333333333,0.6548672566371682,0.2883744142592436,0.3572649007770338,0.518018018018018,0.5678998832457677
11109,0.39682539682539686,0.4722222222222222,0.12903225806451613,0.17142857142857143,0.2380952380952381,0.41666666666666663,0.011807190353971398,0.03876008835480792,0.2522350993377484,0.29199462281795513
11110,0.6153846153846153,0.5714285714285715,0.29411764705882354,0.29333333333333333,0.48076923076923084,0.49350649350649356,0.15422054353587814,0.1484039836613203,0.5370779521311765,0.42258151357955664
11111,0.52991452991453,0.5416666666666666,0.3130434782608696,0.28169014084507044,0.3418803418803419,0.4027777777777778,0.23103067908253813,0.164590064801235,0.38794150665192184,0.455699197412609
11112,0.44025157232704404,0.30882352941176466,0.19108280254777069,0.14925373134328357,0.31446540880503143,0.27941176470588236,0.04043312905640218,0.016779486431519882,0.19858248827826844,0.12761044176706823
11113,0.5084745762711864,0.38596491228070173,0.24137931034482757,0.14285714285714285,0.3050847457627119,0.2280701754385965,0.14659524910489996,0.05817245919652003,0.5227913257707684,0.3048955463728191
11114,0.42105263157894735,0.5538461538461538,0.21301775147928995,0.28125,0.2573099415204678,0.3384615384615384,0.05860986841607471,0.0846253910639289,0.33826609501951804,0.3591083073190624
11115,0.6788990825688073,0.7304347826086955,0.4485981308411215,0.3185840707964602,0.5688073394495413,0.5217391304347827,0.3143357411303237,0.21154089843792706,0.5134156378600824,0.49388502653808775
11116,0.26666666666666666,0.3559322033898305,0.06015037593984963,0.017241379310344827,0.11851851851851851,0.15254237288135594,0.018094082723425685,0.010787743000899542,0.20565380493033225,0.18151815181518152
11117,0.5428571428571429,0.4525547445255475,0.15942028985507245,0.11851851851851854,0.3,0.2773722627737226,0.06666885000085546,0.05298243991207079,0.19054803336188786,0.17061906432880936
11118,0.3670886075949367,0.27184466019417475,0.11538461538461539,0.1188118811881188,0.16455696202531644,0.17475728155339806,0.02551125076246385,0.025852641990875322,0.3158728162443977,0.18604547081990694
11119,0.3384615384615385,0.4727272727272727,0.171875,0.24074074074074076,0.2769230769230769,0.34545454545454546,0.03467024156949855,0.2213301188611798,0.28745182900342336,0.44719538378958673
11120,0.39999999999999997,0.4027777777777778,0.20338983050847456,0.21126760563380284,0.26666666666666666,0.2638888888888889,0.0833212572697262,0.027206721382486452,0.3769989270934451,0.3935666864843441
11121,0.6451612903225806,0.5584415584415584,0.45751633986928103,0.3157894736842105,0.5161290322580646,0.36363636363636365,0.29774186580318746,0.17693792527962077,0.6431775841757761,0.4723142237745393
11122,0.659217877094972,0.6338028169014086,0.4745762711864407,0.44285714285714284,0.5921787709497207,0.5492957746478874,0.31901535922109747,0.24497027294268955,0.5607632182396503,0.4233311706872223
11123,0.6034482758620688,0.449438202247191,0.43859649122807015,0.20689655172413796,0.3275862068965517,0.2247191011235955,0.2731225558922,0.11438183036431616,0.4840932429657014,0.24886511024643318
11124,0.4423076923076923,0.38235294117647056,0.2745098039215686,0.1515151515151515,0.30769230769230765,0.29411764705882354,0.15245993407856495,0.019471699714049804,0.4125589629791311,0.14705882352941177
11125,0.5543478260869564,0.4827586206896552,0.24175824175824176,0.26573426573426573,0.29347826086956524,0.38620689655172413,0.13781434840783027,0.0890257855666389,0.39111016087658246,0.22348507890711902
11126,0.3090909090909091,0.3294117647058824,0.07407407407407408,0.09638554216867469,0.14545454545454548,0.1647058823529412,0.01287112166295317,0.01737344452227641,0.3333034406480734,0.258134193273604
11127,0.608695652173913,0.6511627906976744,0.3777777777777777,0.380952380952381,0.4565217391304348,0.46511627906976744,0.23814509711845855,0.21140534985430715,0.47009980283350616,0.5590801978403295
11128,0.3801652892561983,0.2823529411764706,0.11764705882352941,0.07228915662650602,0.19834710743801653,0.11764705882352941,0.050518601010120616,0.013456312873838557,0.26397619047619053,0.14044516554276734
11129,0.36815920398009955,0.308641975308642,0.09045226130653267,0.0625,0.15920398009950248,0.16049382716049382,0.020575219021556266,0.011370424845123631,0.20090027951629524,0.11834319526627218
11130,0.336283185840708,0.40963855421686746,0.14414414414414414,0.2222222222222222,0.23008849557522124,0.3614457831325302,0.07394872640424692,0.039391125878293444,0.32237354085603115,0.3005396262886598
11131,0.2923976608187135,0.22784810126582278,0.05917159763313609,0.0,0.14035087719298245,0.11392405063291139,0.017409275080777234,0.0033661592272705167,0.16564982110549503,0.09803921568627452
11132,0.44859813084112143,0.33766233766233766,0.2285714285714286,0.13333333333333333,0.35514018691588783,0.3116883116883117,0.11159474465523882,0.032299035678773506,0.393110509763768,0.2410901467505241
11133,0.36538461538461536,0.3838383838383838,0.11764705882352941,0.12371134020618559,0.2692307692307693,0.30303030303030304,0.01476040573087342,0.016801271828100314,0.288460385413294,0.2925849481441048
11134,0.5312499999999999,0.32608695652173914,0.28571428571428575,0.15555555555555556,0.45312499999999994,0.21739130434782608,0.11112970159799576,0.0824739396017774,0.5703955135773318,0.24593591221823802
11135,0.6351351351351352,0.5522388059701493,0.3835616438356164,0.24242424242424246,0.2837837837837838,0.25373134328358204,0.23913758013108838,0.12737321854802067,0.5387709817654872,0.4304127666104034
11136,0.5833333333333334,0.3499999999999999,0.26506024096385544,0.0847457627118644,0.23809523809523814,0.23333333333333334,0.12559405328657103,0.007968689360200083,0.36876206659283683,0.09040333796940195
11137,0.5891472868217055,0.47058823529411764,0.31496062992125984,0.14925373134328357,0.46511627906976744,0.29411764705882354,0.16950449434822334,0.07158281374980237,0.3941166805733192,0.2942281206961313
11138,0.3619047619047619,0.6046511627906976,0.0970873786407767,0.35714285714285715,0.20952380952380953,0.5348837209302325,0.022899506146904156,0.2245620386611603,0.17034068136272548,0.46458333333333335
11139,0.5481481481481482,0.5225225225225225,0.2255639097744361,0.2201834862385321,0.2518518518518519,0.27027027027027023,0.03809485649741571,0.08006578801057032,0.3903986703966024,0.28349391586029327
11140,0.40875912408759124,0.3736263736263736,0.14814814814814814,0.20224719101123598,0.16058394160583941,0.28571428571428564,0.024643728038019938,0.08050029303898414,0.3222998992590667,0.22985232632933106
11141,0.3496503496503497,0.3225806451612903,0.09929078014184398,0.17582417582417584,0.15384615384615383,0.17204301075268819,0.01711282218800533,0.026324426642607514,0.19628592177611787,0.17310329067641678
11142,0.6046511627906977,0.5170068027210885,0.3647058823529412,0.30344827586206896,0.40697674418604646,0.3945578231292517,0.2784548858953083,0.17669228805063716,0.5006639504614042,0.3459559072967676
11143,0.35416666666666663,0.27586206896551724,0.0851063829787234,0.07142857142857142,0.16666666666666666,0.20689655172413796,0.013763718914373058,0.012007492640012189,0.25168601437258153,0.11681887366818873
11144,0.4833333333333334,0.5263157894736842,0.15254237288135591,0.2580645161290323,0.2833333333333333,0.4210526315789474,0.07682119635709625,0.17244815792402446,0.4889697139259985,0.4638403990024938
11145,0.6107784431137724,0.4084507042253521,0.3272727272727273,0.18571428571428572,0.4431137724550898,0.29577464788732394,0.2573668937596749,0.10500826953222588,0.4916078914919852,0.28915103496808947
11146,0.47513812154696133,0.4252873563218391,0.14525139664804468,0.13953488372093026,0.26519337016574585,0.24137931034482757,0.025639410915250033,0.04899020248211853,0.23278538503253798,0.2076797385620915
11147,0.5894736842105264,0.4533333333333333,0.3225806451612903,0.21917808219178084,0.4842105263157895,0.29333333333333333,0.12200232848751512,0.13018401384073014,0.5980247128437173,0.39048513302034427
11148,0.4186046511627907,0.47500000000000003,0.1904761904761905,0.2564102564102564,0.3255813953488372,0.425,0.05948614421102876,0.190180851167655,0.335437944908697,0.47804532577903686
11149,0.6356589147286822,0.39639639639639634,0.42519685039370075,0.12844036697247707,0.43410852713178294,0.19819819819819817,0.25445001135993867,0.02712462469780088,0.47693105235873506,0.18223684210526317
11150,0.4175824175824176,0.3902439024390244,0.16666666666666666,0.09876543209876541,0.1978021978021978,0.20731707317073175,0.08622841806878524,0.023054481145839165,0.23620923108759218,0.18785347674000458
11151,0.5898617511520737,0.5650224215246636,0.3627906976744186,0.3438914027149321,0.44239631336405527,0.4484304932735426,0.23847572138106965,0.2341757668238743,0.37259032655869945,0.41369929436073366
11152,0.5095541401273885,0.5271317829457364,0.21935483870967742,0.1889763779527559,0.356687898089172,0.3410852713178294,0.08398053484574416,0.01343280698352662,0.2888923891129032,0.2633268047211403
11153,0.4659090909090909,0.4430379746835443,0.14942528735632185,0.20512820512820512,0.22727272727272727,0.2658227848101266,0.029996836032405286,0.15641716693043017,0.2677234251161119,0.2449579885804158
11154,0.6946107784431138,0.5771812080536913,0.4242424242424242,0.35374149659863946,0.4191616766467066,0.3087248322147651,0.32646545289792117,0.23826338293804036,0.528575713760899,0.39263091184656185
11155,0.4666666666666667,0.47761194029850745,0.1923076923076923,0.1507537688442211,0.2571428571428572,0.2786069651741293,0.1421605991734763,0.11624120798284898,0.22241236564703798,0.2566971508370375
11156,0.3829787234042554,0.4485981308411215,0.10071942446043164,0.1523809523809524,0.19858156028368795,0.29906542056074764,0.009486712557352828,0.029681732746277948,0.2675660888567094,0.23321100917431192
11157,0.45614035087719296,0.5542168674698796,0.23214285714285712,0.24691358024691357,0.40350877192982454,0.4819277108433735,0.1197277807937216,0.14589684169262884,0.2855048471233583,0.3494873732968972
11158,0.4999999999999999,0.6142857142857143,0.22891566265060243,0.3043478260869565,0.29761904761904767,0.3142857142857143,0.1344219191719445,0.1425912418524361,0.3788293403998341,0.38410904255319145
11159,0.4166666666666667,0.33663366336633666,0.13559322033898308,0.0808080808080808,0.33333333333333337,0.21782178217821782,0.0557202829975756,0.02783436069081935,0.3182468830927587,0.2112468493373445
11160,0.20560747663551399,0.3870967741935484,0.07619047619047618,0.19999999999999998,0.14953271028037385,0.22580645161290322,0.015731750837144846,0.05218398759828462,0.17933238636363635,0.22583400321543406
11161,0.38333333333333336,0.29357798165137616,0.1016949152542373,0.056074766355140186,0.25,0.14678899082568808,0.030409669574877042,0.008101372288828172,0.17742624223602488,0.10236220472440943
11162,0.39436619718309857,0.4786324786324786,0.08571428571428572,0.19130434782608696,0.2112676056338028,0.3076923076923077,0.022256392703282078,0.04201815046496265,0.257248198424669,0.2958984375
11163,0.4065040650406504,0.28301886792452824,0.11570247933884298,0.03846153846153846,0.17886178861788615,0.1320754716981132,0.027561963677657828,0.010106261532565336,0.2308493645392041,0.1206896551724138
11164,0.5641025641025641,0.4,0.3304347826086957,0.17699115044247787,0.4957264957264957,0.31304347826086953,0.19954004796510477,0.014038465507597127,0.522301694638335,0.25579404618223
11165,0.3703703703703704,0.42222222222222217,0.21052631578947367,0.1590909090909091,0.34074074074074073,0.31111111111111106,0.1122819330716853,0.12805914639757984,0.44143356643356646,0.3784862150578903
11166,0.5512820512820512,0.5606060606060606,0.20779220779220778,0.26153846153846155,0.41025641025641024,0.393939393939394,0.07693916738728826,0.1382352034865267,0.35536639783744034,0.3875603292489422
11167,0.5272727272727273,0.54,0.2037037037037037,0.32653061224489793,0.30909090909090914,0.48,0.074473042608096,0.15888685370789354,0.3422937038295516,0.3814262023217247
11168,0.445859872611465,0.4102564102564103,0.19354838709677422,0.08695652173913045,0.34394904458598724,0.27350427350427353,0.12295442174057865,0.02404184569582505,0.3748329048500575,0.22857142857142854
11169,0.378698224852071,0.4925373134328358,0.0718562874251497,0.18181818181818182,0.20118343195266272,0.26865671641791045,0.01768229800942451,0.10675197405720756,0.27052881758764113,0.2966319394890824
11170,0.7254901960784315,0.6458333333333333,0.54,0.46808510638297873,0.5490196078431373,0.35416666666666663,0.3476967496747017,0.2758098567166028,0.4986200648885518,0.4050699085653368
11171,0.5765765765765766,0.7741935483870968,0.33027522935779813,0.5934065934065934,0.41441441441441446,0.5806451612903226,0.21362871505344744,0.3694923463996077,0.4394130503016705,0.574622394601583
11172,0.5174825174825175,0.4296296296296296,0.2836879432624113,0.2105263157894737,0.39160839160839167,0.28148148148148144,0.14750807800109167,0.09277438541849259,0.4747424107384,0.3288074766355141
11173,0.5531914893617021,0.5526315789473685,0.26086956521739135,0.2972972972972973,0.4042553191489362,0.4473684210526316,0.10683334564618199,0.050149439786248855,0.39786096256684494,0.35892634207240953
11174,0.43749999999999994,0.4462809917355372,0.1746031746031746,0.16806722689075632,0.28125,0.2644628099173554,0.06322790839113425,0.06927629749936867,0.2814592,0.2920065848615606
11175,0.36065573770491804,0.3777777777777778,0.18333333333333332,0.1818181818181818,0.2786885245901639,0.2888888888888889,0.08695585367072416,0.03309174328550828,0.40200441269959986,0.23059321384803924
11176,0.453125,0.44776119402985076,0.20634920634920634,0.196969696969697,0.28125000000000006,0.26865671641791045,0.1320637014059228,0.10026454812039078,0.3654985037563041,0.41067828154888086
11177,0.6141732283464566,0.6825396825396826,0.304,0.45161290322580644,0.3937007874015748,0.5396825396825397,0.1362750061842785,0.3399953051235036,0.448037676609105,0.6327421171171171
11178,0.38938053097345127,0.5192307692307692,0.09009009009009007,0.15686274509803924,0.23008849557522124,0.34615384615384615,0.014549786343353492,0.08315339223684555,0.2453312803167031,0.3836679245283019
11179,0.41772151898734183,0.2631578947368421,0.1794871794871795,0.07999999999999999,0.25316455696202533,0.14473684210526316,0.0836559239361185,0.05110312575014713,0.25612381134029044,0.12803234501347707
11180,0.38620689655172413,0.42857142857142855,0.1258741258741259,0.14583333333333334,0.12413793103448276,0.1836734693877551,0.020369606098638048,0.030230044853956882,0.3232079780412626,0.2170460390946502
11181,0.3564356435643564,0.34285714285714286,0.1414141414141414,0.17647058823529413,0.297029702970297,0.2571428571428572,0.10064933408903065,0.010666134141201922,0.2649091487556561,0.20109223300970872
11182,0.34285714285714286,0.25316455696202533,0.0970873786407767,0.07792207792207793,0.2285714285714286,0.20253164556962025,0.02179072589998992,0.014544013252405156,0.269930648342559,0.16636769723189482
11183,0.5357142857142858,0.48888888888888893,0.3272727272727273,0.3181818181818182,0.3392857142857143,0.37777777777777777,0.2135288520580869,0.197617347545107,0.4299065420560748,0.32371633917048703
11184,0.5,0.46296296296296297,0.2380952380952381,0.18867924528301888,0.375,0.2962962962962963,0.11326817769564851,0.04156760518942019,0.37752902155887236,0.38317251264200547
11185,0.42372881355932207,0.435483870967742,0.1896551724137931,0.21311475409836067,0.22033898305084745,0.2741935483870968,0.09857802458552503,0.12702942804866488,0.31224489795918364,0.33999102333931774
11186,0.2803738317757009,0.2752293577981651,0.07619047619047617,0.03738317757009345,0.14953271028037382,0.14678899082568808,0.013085607656744666,0.010606948946692587,0.2063012875042373,0.1289134438305709
11187,0.4794520547945205,0.3478260869565218,0.19444444444444448,0.1509433962264151,0.1643835616438356,0.1739130434782609,0.06482491239183016,0.057295474247668905,0.3301413746380753,0.28286776852280776
11188,0.4285714285714286,0.3902439024390244,0.17741935483870966,0.04958677685950414,0.20634920634920637,0.22764227642276422,0.07462790357451034,0.01262375428505653,0.26986970684039085,0.1636661211129296
11189,0.3508771929824562,0.3404255319148936,0.08928571428571427,0.13043478260869562,0.2631578947368421,0.2765957446808511,0.05135993615504826,0.12532443621763048,0.23404834360078186,0.20653114186851212
11190,0.7008547008547008,0.5,0.4,0.2558139534883721,0.41025641025641024,0.4318181818181818,0.2136583421287985,0.06466814292116395,0.5081588835212024,0.27252747252747245
11191,0.3851851851851852,0.42622950819672134,0.16541353383458646,0.19999999999999998,0.22222222222222224,0.26229508196721313,0.1300775731817516,0.16006506686818694,0.3009234869379281,0.30799215944989283
11192,0.2736842105263158,0.3050847457627119,0.06451612903225806,0.03508771929824562,0.14736842105263157,0.20338983050847456,0.019148595700498598,0.016143244255463658,0.18571428571428572,0.15225137674117264
11193,0.43200000000000005,0.4186046511627907,0.14634146341463414,0.2047244094488189,0.27199999999999996,0.29457364341085274,0.05348632714287755,0.12068316119089527,0.3709657794676806,0.36064308717502985
11194,0.40707964601769914,0.36521739130434777,0.12612612612612614,0.10619469026548674,0.24778761061946902,0.24347826086956523,0.02620275269318288,0.021037114792227918,0.25490186413777466,0.2160951526580131
11195,0.46774193548387094,0.3488372093023256,0.32786885245901637,0.14285714285714288,0.3548387096774193,0.2558139534883721,0.2125055402705882,0.0914940620167044,0.500922025787059,0.22231848714328495
11196,0.45502645502645506,0.5212765957446809,0.23529411764705885,0.22580645161290322,0.22222222222222224,0.32978723404255317,0.1342306223057429,0.15079181773141828,0.30918005894836287,0.36064524816018395
11197,0.4444444444444444,0.39316239316239315,0.16981132075471697,0.17391304347826086,0.2777777777777778,0.2735042735042735,0.028664222117602656,0.025841440319642913,0.3350583864118896,0.2676080892608089
11198,0.3829787234042553,0.4411764705882353,0.12949640287769784,0.14925373134328357,0.2553191489361702,0.3088235294117647,0.07667958986319486,0.076691372969996,0.30347963621984975,0.3588729374728615
11199,0.3096774193548387,0.1904761904761905,0.14379084967320263,0.016129032258064512,0.11612903225806451,0.12698412698412698,0.05669305384899576,0.003003245021845822,0.23391812865497078,0.07538552787663107
11200,0.6078431372549019,0.5476190476190477,0.3,0.4390243902439025,0.3921568627450981,0.5,0.1609089164298824,0.2550463806868497,0.4830917874396135,0.3853515625000001
11201,0.6298342541436464,0.6101694915254238,0.3687150837988827,0.35428571428571426,0.4088397790055248,0.44067796610169496,0.17091297696061247,0.1608028109596656,0.4087760774463124,0.39205431740964497
11202,0.3673469387755102,0.42276422764227645,0.05517241379310345,0.06611570247933884,0.1904761904761905,0.21138211382113822,0.009797738505943105,0.022547891181633868,0.21837102051005794,0.21381368245090535
11203,0.2745098039215686,0.16666666666666666,0.04,0.03773584905660377,0.17647058823529413,0.12962962962962962,0.020133740815265148,0.009063330633502413,0.1508120649651972,0.14509132420091325
11204,0.49090909090909096,0.4833333333333333,0.2777777777777778,0.288135593220339,0.3818181818181818,0.4333333333333333,0.19060593779599805,0.20689377284100188,0.5085895117540686,0.5517619782610111
11205,0.42528735632183906,0.4166666666666667,0.18604651162790697,0.2530120481927711,0.2528735632183908,0.2738095238095238,0.08976867880997959,0.11066263808354727,0.28340709058544306,0.28448742256988563
11206,0.48062015503875966,0.5,0.3149606299212599,0.2535211267605634,0.34108527131782945,0.2222222222222222,0.21659323387015786,0.07334979901985238,0.34212675019908667,0.36216887826670174
11207,0.3047619047619048,0.368421052631579,0.1359223300970874,0.18918918918918917,0.2857142857142857,0.3157894736842105,0.08755208448101752,0.10915306198049067,0.23420781893004114,0.21160738902674384
11208,0.5611510791366906,0.3211678832116788,0.4087591240875912,0.16296296296296298,0.4892086330935252,0.21897810218978103,0.2665405862188972,0.025674911498736463,0.5684092078189301,0.17480217913663107
11209,0.3673469387755103,0.46153846153846156,0.10416666666666667,0.23684210526315788,0.2040816326530612,0.358974358974359,0.058520616494745624,0.1359812072409119,0.2607674684994273,0.3472222222222223
11210,0.26771653543307083,0.3584905660377359,0.064,0.09615384615384615,0.20472440944881887,0.2075471698113208,0.003759614704253156,0.017657056896665725,0.24845851653354842,0.2676660787771899
11211,0.3055555555555555,0.34693877551020413,0.1267605633802817,0.16666666666666666,0.18055555555555552,0.20408163265306123,0.02492491077707466,0.08294250828930759,0.23037205590714804,0.2004648740403534
11212,0.3636363636363637,0.5982905982905983,0.1846153846153846,0.382608695652174,0.3030303030303031,0.4444444444444444,0.14120107254455677,0.26893863701721826,0.2910321898628966,0.4671947999187488
11213,0.5401459854014599,0.5663716814159292,0.32592592592592595,0.28828828828828823,0.4817518248175182,0.47787610619469023,0.21932786840580645,0.24713180993288986,0.4938271604938272,0.46935948485217316
11214,0.23357664233576644,0.2585034013605442,0.059259259259259255,0.027586206896551724,0.11678832116788322,0.10884353741496598,0.017853738103790047,0.006736265445287176,0.18977284238249595,0.1594896331738437
11215,0.4324324324324324,0.43636363636363634,0.1834862385321101,0.18518518518518517,0.34234234234234234,0.2545454545454545,0.12072517235398954,0.1292648558120588,0.3276384083044983,0.3229166666666667
11216,0.5507246376811594,0.4848484848484849,0.2941176470588235,0.29230769230769227,0.47826086956521735,0.45454545454545453,0.18139145680423394,0.20011001537940526,0.5147922478343855,0.45148761825983574
11217,0.2476190476190476,0.22580645161290322,0.019417475728155338,0.0,0.13333333333333333,0.12903225806451613,0.008349506699856634,0.008570369964672506,0.18518518518518517,0.11869436201780414
11218,0.8051948051948051,0.7611940298507462,0.7368421052631577,0.6818181818181819,0.7922077922077921,0.7313432835820897,0.5608711650822237,0.5418502649310878,0.7433920704845814,0.6651606425702812
11219,0.38095238095238093,0.36904761904761907,0.15172413793103448,0.12048192771084339,0.2585034013605442,0.17857142857142858,0.02337689986303481,0.04649552686863304,0.2631789392873137,0.2628854056359306
11220,0.5245901639344263,0.6545454545454547,0.26666666666666666,0.46296296296296297,0.36065573770491804,0.6181818181818183,0.1251020653782187,0.27675593706831103,0.43367346938775514,0.5638834951456311
11221,0.5181347150259067,0.5283018867924528,0.3036649214659686,0.3057324840764331,0.34196891191709844,0.4276729559748428,0.2375821773198504,0.20178221578424665,0.3453037876700647,0.32831691675006364
11222,0.35211267605633806,0.41860465116279066,0.14285714285714285,0.15748031496062992,0.2394366197183099,0.2945736434108527,0.03934354722901162,0.020704148455009935,0.22900900900900903,0.2659474140857822
11223,0.4795321637426901,0.38620689655172413,0.16568047337278105,0.1958041958041958,0.2923976608187135,0.33103448275862074,0.11693978787050296,0.14942643293814226,0.31108027670527666,0.2594787234042554
11224,0.5103448275862069,0.4246575342465753,0.27972027972027974,0.16666666666666663,0.3724137931034483,0.2876712328767123,0.10026930630350808,0.07264444873816003,0.24211734798474727,0.17754101779755282
11225,0.3260869565217391,0.3214285714285714,0.15555555555555559,0.11111111111111112,0.30434782608695654,0.25,0.022033800809477096,0.01810598279124149,0.2308555868724024,0.219895081449927
11226,0.576,0.3759398496240602,0.32520325203252026,0.13740458015267176,0.4799999999999999,0.27067669172932335,0.1605926209942974,0.07689763054094274,0.46192201539919153,0.3625755857898714
11227,0.44036697247706424,0.4509803921568628,0.16822429906542055,0.16,0.3119266055045871,0.23529411764705882,0.14183862599229705,0.11884708676116927,0.30150870354903286,0.3086472671549585
11228,0.38888888888888884,0.38016528925619836,0.15094339622641512,0.16806722689075632,0.2962962962962963,0.2975206611570248,0.08485106216464033,0.09913716957250986,0.22828245603259426,0.2561891233766234
11229,0.6481481481481481,0.631578947368421,0.2641509433962264,0.2678571428571429,0.35185185185185186,0.3508771929824561,0.19047975041284293,0.18667411416500088,0.4893410852713178,0.4992161308668582
11230,0.3917525773195876,0.2758620689655172,0.08421052631578947,0.0,0.26804123711340205,0.1379310344827586,0.01672191755429846,0.007108486297836999,0.2509581367924528,0.12048192771084336
11231,0.34722222222222227,0.4247787610619469,0.15492957746478875,0.2702702702702703,0.2222222222222222,0.3893805309734514,0.033205495631164046,0.08123105634870369,0.21866391184573003,0.23947642421537998
11232,0.5192307692307693,0.5252525252525252,0.3137254901960784,0.24742268041237112,0.2692307692307692,0.24242424242424243,0.2497555404354034,0.14463269489277442,0.45398511744665593,0.390907159549607
11233,0.5974025974025974,0.6833333333333332,0.42105263157894735,0.559322033898305,0.5454545454545454,0.6166666666666667,0.29726851134261406,0.4095905923222107,0.44283712495878674,0.4535597645609066
11234,0.40609137055837563,0.2916666666666667,0.1333333333333333,0.09859154929577464,0.23350253807106597,0.18055555555555558,0.022494305781680525,0.019174323496719676,0.18210903958125033,0.12401412100920389
11235,0.535031847133758,0.5492957746478874,0.2580645161290323,0.28571428571428575,0.35668789808917195,0.4084507042253521,0.11901621438656436,0.11176508689674575,0.32970357681045226,0.3231652402896642
11236,0.5714285714285714,0.628099173553719,0.4677419354838709,0.5546218487394957,0.5555555555555556,0.6115702479338843,0.23442313365214465,0.3554582038126649,0.6407064350886281,0.7333333333333332
11237,0.39999999999999997,0.54421768707483,0.17721518987341772,0.3172413793103448,0.21250000000000002,0.3401360544217687,0.038696088205284175,0.15107068324952722,0.28488955823293166,0.39087270844591915
11238,0.5029239766081871,0.46969696969696967,0.2011834319526627,0.2153846153846154,0.37426900584795314,0.30303030303030304,0.09672712043070834,0.08595509725463031,0.3364131730161675,0.2719219293609899
11239,0.5038167938931297,0.6446280991735537,0.3100775193798449,0.42016806722689076,0.4122137404580153,0.6115702479338843,0.16548932930135557,0.26332019392396333,0.409767507670044,0.5722735409953456
11240,0.4067796610169491,0.5148514851485149,0.25862068965517243,0.30303030303030304,0.15254237288135591,0.31683168316831684,0.09866822892797204,0.10883718972013477,0.5010170603674541,0.4408028649699271
11241,0.56,0.5154639175257731,0.35772357723577236,0.3368421052631579,0.464,0.4742268041237113,0.1933337571206485,0.1660662720526293,0.5449005466049495,0.36285778679287806
11242,0.6545454545454547,0.8148148148148148,0.5740740740740742,0.7358490566037734,0.6545454545454547,0.5555555555555556,0.45684082875350523,0.5747178668295896,0.6059885931558936,0.7420922920030594
11243,0.38341968911917096,0.4342857142857143,0.09424083769633508,0.11560693641618497,0.227979274611399,0.2057142857142857,0.021252844078784555,0.02080943298683293,0.20377173298434903,0.21841110852291845
11244,0.2708333333333333,0.4166666666666667,0.0851063829787234,0.17142857142857143,0.18750000000000003,0.22222222222222224,0.005212783368500717,0.041179031280730506,0.09408602150537634,0.23739255014326646
11245,0.5411764705882353,0.6176470588235295,0.2891566265060241,0.42424242424242425,0.3764705882352941,0.5,0.09880309634570861,0.05086392540306672,0.3780956712283458,0.364853896103896
11246,0.40601503759398494,0.4528301886792453,0.12213740458015267,0.1730769230769231,0.19548872180451127,0.26415094339622636,0.026207136651809536,0.026991222963715793,0.2879083469721768,0.24488008144517834
11247,0.5405405405405407,0.32608695652173914,0.25688073394495414,0.13333333333333333,0.5045045045045045,0.23913043478260868,0.07372315572460936,0.02963113348896942,0.5211101639673069,0.31128990057561484
11248,0.4195804195804196,0.36000000000000004,0.25531914893617014,0.1836734693877551,0.2517482517482517,0.21999999999999997,0.09566241508669616,0.0789499866668589,0.31412857142857153,0.18162554295366795
11249,0.43795620437956206,0.5,0.17777777777777776,0.2,0.20437956204379562,0.21428571428571427,0.07425686349230241,0.0972443175902227,0.3645826814360515,0.33133931179213133
11250,0.4752475247524752,0.25974025974025977,0.30303030303030304,0.08,0.4158415841584158,0.2077922077922078,0.18675697545099673,0.02272825478930971,0.3953535437163371,0.16994900650606642
11251,0.47058823529411764,0.5714285714285714,0.2119205298013245,0.2368421052631579,0.3790849673202614,0.45454545454545453,0.08781266504875444,0.10129816539521062,0.37577914312246635,0.4603899015457548
11252,0.4525547445255475,0.5,0.16296296296296298,0.18604651162790695,0.29197080291970806,0.3181818181818182,0.09910077911867768,0.1372812863018996,0.4440863582635402,0.38305971924815607
11253,0.36170212765957444,0.26666666666666666,0.08695652173913043,0.0273972602739726,0.2127659574468085,0.16,0.05963579607071745,0.014614318568355314,0.2498216735253773,0.15089163237311387
11254,0.3053435114503817,0.2696629213483146,0.06201550387596899,0.0689655172413793,0.16793893129770993,0.15730337078651685,0.013632348706471077,0.01017430108843132,0.21148086522462556,0.1421281727008029
11255,0.37795275590551186,0.36893203883495146,0.12799999999999997,0.1386138613861386,0.25196850393700787,0.29126213592233013,0.06041624551111179,0.09092617426809149,0.362787356321839,0.25686077643908967
11256,0.43609022556390975,0.4642857142857143,0.15267175572519084,0.09090909090909091,0.3458646616541353,0.2857142857142857,0.011977121656015003,0.013743242602310569,0.2835409923640135,0.2854713313896987
11257,0.5535714285714286,0.4680851063829788,0.2545454545454545,0.17391304347826086,0.17857142857142858,0.2765957446808511,0.13237618496917386,0.06706766081619427,0.3544612150276638,0.25294598713802463
11258,0.46357615894039733,0.4806201550387597,0.21476510067114093,0.2677165354330709,0.21192052980132453,0.3565891472868217,0.10119060817070083,0.14104406871319297,0.3618780670245033,0.39195637355146556
11259,0.4963503649635037,0.4444444444444444,0.16296296296296298,0.08695652173913043,0.30656934306569344,0.27350427350427353,0.09117705217713712,0.02726685048202572,0.3108380269670592,0.22613796621358057
11260,0.5647058823529412,0.417910447761194,0.2738095238095239,0.21212121212121213,0.4470588235294118,0.2537313432835821,0.21141248227065396,0.08241140240159571,0.42269830708952466,0.22627041641734816
11261,0.6242038216560509,0.5571428571428572,0.4000000000000001,0.37681159420289856,0.5222929936305732,0.4714285714285714,0.308706701942482,0.27876039441566947,0.4813836001389283,0.42557183574671653
11262,0.3756345177664975,0.25157232704402516,0.12307692307692307,0.03821656050955414,0.15228426395939085,0.1509433962264151,0.06893340542116445,0.0044170148687383915,0.17281268022249918,0.0897920604914934
11263,0.49689440993788825,0.6619718309859155,0.30188679245283023,0.3857142857142858,0.44720496894409945,0.5633802816901409,0.1677494475000209,0.22185624263130158,0.448053976820454,0.562031942997019
11264,0.481203007518797,0.4038461538461538,0.24427480916030533,0.15686274509803924,0.3157894736842105,0.25,0.08973766618783151,0.030891581672482227,0.4858766710884813,0.2786524716349278
11265,0.4477611940298507,0.4316546762589928,0.0909090909090909,0.07299270072992702,0.23880597014925375,0.2158273381294964,0.025147102761242154,0.012607618173288777,0.24927770740425825,0.21084740638362198
11266,0.5490196078431372,0.5918367346938775,0.36,0.3541666666666667,0.4705882352941176,0.5102040816326531,0.21877183137933082,0.22221818403858903,0.3907167361223033,0.38260392156862744
11267,0.49295774647887325,0.42028985507246375,0.3428571428571428,0.13235294117647062,0.4225352112676056,0.23188405797101452,0.18309278437166,0.02902690536324843,0.4551589480514992,0.37551824997160277
11268,0.44976076555023925,0.5209302325581395,0.17391304347826086,0.20657276995305165,0.23923444976076555,0.26976744186046514,0.07969403993180735,0.1252701809625764,0.23878801698282318,0.31937022652034514
11269,0.38596491228070173,0.3302752293577982,0.1964285714285714,0.09345794392523364,0.2631578947368421,0.2201834862385321,0.14256884307320591,0.01006279867010102,0.3480328577604842,0.1745533769063181
11270,0.36111111111111116,0.30075187969924816,0.11267605633802816,0.0916030534351145,0.19444444444444442,0.21052631578947367,0.048883189730914815,0.01095406308391926,0.2948693945170662,0.22869224422442244
11271,0.5192307692307692,0.4727272727272727,0.3333333333333333,0.3148148148148148,0.4615384615384615,0.43636363636363634,0.21246967203253972,0.19715604917105004,0.3148113905325443,0.40792934011557497
11272,0.5753424657534246,0.46766169154228854,0.3963133640552996,0.271356783919598,0.4018264840182649,0.29850746268656714,0.2295132202838756,0.12565552229194998,0.4026997438651575,0.2885504855288851
11273,0.44897959183673464,0.2857142857142857,0.22916666666666669,0.10256410256410256,0.2653061224489796,0.18487394957983191,0.07303863538896588,0.00794441302993671,0.36979644934190387,0.18573911865631204
11274,0.4761904761904762,0.4415584415584416,0.2206896551724138,0.21052631578947367,0.32653061224489793,0.2987012987012987,0.11743560874691704,0.10917272428983846,0.4480443666082896,0.40411807424494856
11275,0.5957446808510638,0.5393258426966293,0.4347826086956522,0.4367816091954023,0.5106382978723404,0.4943820224719101,0.2141001065785889,0.22682498879698562,0.5626753215654078,0.5127142067440574
11276,0.37398373983739835,0.379746835443038,0.19834710743801653,0.2077922077922078,0.2764227642276422,0.2531645569620253,0.1046001335247334,0.07178731993756468,0.3340537578764726,0.22865853658536586
11277,0.4216216216216216,0.33142857142857146,0.20765027322404372,0.06936416184971099,0.23783783783783785,0.16,0.08298943260453039,0.02011848217607358,0.31365769196016746,0.18279429813434622
11278,0.3008849557522124,0.4835164835164835,0.0900900900900901,0.29213483146067415,0.24778761061946908,0.3956043956043956,0.020700412312164875,0.17884848532688777,0.16733500417710945,0.34911937377690805
11279,0.3937007874015748,0.3304347826086957,0.128,0.08849557522123894,0.25196850393700787,0.15652173913043477,0.027624747736583435,0.012107432896043194,0.35199814126394047,0.17852377846299813
11280,0.30000000000000004,0.2782608695652174,0.08695652173913043,0.035398230088495575,0.12857142857142856,0.10434782608695653,0.04041718276738311,0.01006279867010102,0.2749605268772848,0.1512686155543298
11281,0.38759689922480617,0.4132231404958678,0.11023622047244094,0.06722689075630253,0.24806201550387594,0.23140495867768596,0.021111164134095715,0.011300620652754329,0.2679284004104435,0.22203445524104592
11282,0.5696202531645569,0.5734265734265734,0.28205128205128205,0.2411347517730496,0.3924050632911392,0.30769230769230765,0.12064266840629632,0.03503661462251314,0.45240040132472686,0.3841304620007511
11283,0.3655913978494624,0.3513513513513513,0.0879120879120879,0.19444444444444445,0.23655913978494625,0.2972972972972973,0.012394301594156368,0.01439877210924154,0.19255523310241526,0.16505314267104837
11284,0.6666666666666667,0.624113475177305,0.43661971830985913,0.41726618705035967,0.375,0.46808510638297873,0.22859027349111538,0.23816485345310504,0.48896666666666666,0.41746394627447936
11285,0.3709677419354839,0.2916666666666667,0.11475409836065575,0.0425531914893617,0.17741935483870966,0.16666666666666666,0.01945795639684254,0.009893615743446084,0.3561325520307133,0.20977590331109147
11286,0.2888888888888889,0.19753086419753088,0.022727272727272724,0.0,0.15555555555555556,0.12345679012345678,0.006205528271798499,0.005282713751009316,0.13212058212058211,0.0635593220338983
11287,0.49295774647887325,0.38848920863309355,0.3,0.11678832116788321,0.43661971830985913,0.2302158273381295,0.15150378665202124,0.026212940397543086,0.2713390872614958,0.22543697033898305
11288,0.4788732394366197,0.46666666666666673,0.27142857142857146,0.2162162162162162,0.323943661971831,0.29333333333333333,0.15246030181210168,0.12320658800047767,0.3531745526422652,0.36584442621916596
11289,0.3088235294117647,0.2644628099173554,0.07462686567164178,0.03361344537815126,0.16176470588235292,0.1487603305785124,0.061599223508298384,0.009954893279291863,0.19562834749881097,0.13793103448275862
11290,0.4225352112676056,0.42477876106194695,0.15714285714285714,0.19819819819819817,0.2535211267605634,0.2831858407079646,0.07765995718660522,0.06785622909910148,0.27980340264650283,0.2554528736702437
11291,0.5499999999999999,0.47887323943661975,0.2911392405063291,0.2857142857142857,0.2875,0.36619718309859156,0.13316031422535576,0.1414228802153936,0.4389380530973451,0.35962979147476665
11292,0.6176470588235293,0.4220183486238532,0.29850746268656714,0.22429906542056077,0.35294117647058826,0.3302752293577982,0.13978889760598925,0.07463763514731515,0.4146199727525142,0.2280527456647399
11293,0.32,0.3829787234042553,0.08130081300813008,0.13043478260869565,0.20800000000000002,0.3191489361702127,0.042710908430010866,0.01627046982252108,0.21984762396694219,0.1327433628318584
11294,0.4406779661016949,0.38383838383838387,0.1206896551724138,0.06185567010309279,0.2711864406779661,0.202020202020202,0.012363956000215491,0.00941475678741239,0.3893962455606291,0.2129718234981393
11295,0.26804123711340205,0.2388059701492537,0.14736842105263157,0.1846153846153846,0.24742268041237114,0.20895522388059704,0.04187054264089815,0.02833343843638212,0.2650721860796721,0.13312766967252018
11296,0.6153846153846153,0.5454545454545454,0.39062499999999994,0.3888888888888889,0.36923076923076925,0.3818181818181819,0.2419465740736621,0.28042331853110497,0.5490049081798726,0.42811836475140386
11297,0.4482758620689655,0.43010752688172044,0.2280701754385965,0.2857142857142857,0.25862068965517243,0.30107526881720426,0.16201719238466908,0.15766142210634718,0.3499156570133963,0.3057195571955719
11298,0.4444444444444445,0.5116279069767441,0.2706766917293233,0.22047244094488186,0.26666666666666666,0.3875968992248062,0.1722639983429996,0.15763232121165488,0.43683471918586325,0.5097964256725417
11299,0.519774011299435,0.5033112582781457,0.22857142857142856,0.20134228187919467,0.3502824858757062,0.27814569536423844,0.12087216510785435,0.028225552708642434,0.3548977921169304,0.28705071223498235
11300,0.21848739495798322,0.11235955056179775,0.0,0.0,0.13445378151260504,0.11235955056179775,0.004897385888293476,0.002416371119399008,0.109717868338558,0.04084967320261438
11301,0.5070422535211268,0.4035087719298246,0.24285714285714283,0.125,0.3380281690140845,0.21052631578947367,0.15279842009695666,0.02902349472164889,0.46514646705032237,0.2715328467153284
11302,0.6766917293233083,0.6466165413533834,0.5801526717557253,0.39694656488549623,0.6766917293233083,0.43609022556390975,0.47209032691601516,0.30840356277824926,0.5864319757065978,0.5115785900643116
11303,0.5901639344262295,0.5636363636363636,0.3833333333333333,0.3888888888888889,0.4098360655737705,0.49090909090909085,0.24338832269775687,0.2521847031375267,0.5147922478343855,0.48142361111111115
11304,0.546875,0.5426356589147286,0.1904761904761905,0.1889763779527559,0.375,0.2635658914728682,0.09479021417737041,0.08351779578526955,0.3359823350071736,0.29074074074074074
11305,0.5420560747663551,0.65,0.26666666666666666,0.43589743589743585,0.4672897196261682,0.625,0.14900635367482215,0.2520259751590215,0.3744692219573111,0.469501392052645
11306,0.4375,0.5272727272727273,0.2063492063492063,0.2037037037037037,0.296875,0.2363636363636364,0.09495146210251698,0.09960625045252035,0.43763399887062193,0.41770010275307384
11307,0.4767441860465116,0.4732824427480916,0.2,0.15503875968992245,0.2790697674418605,0.32061068702290074,0.10345676079290328,0.023421129330013522,0.29346116441794906,0.25476325988562754
11308,0.45999999999999996,0.5301204819277109,0.24489795918367346,0.19753086419753085,0.36000000000000004,0.40963855421686746,0.10382649644265278,0.1338963809038453,0.39452380952380955,0.3915942928039702
11309,0.4172661870503597,0.5319148936170212,0.13138686131386862,0.2608695652173913,0.2877697841726619,0.44680851063829785,0.052359103292999656,0.09489698659841958,0.3145343511450382,0.3331328541108843
11310,0.5957446808510639,0.6,0.3884892086330935,0.4406779661016949,0.524822695035461,0.5333333333333333,0.3086277013696852,0.18060255151127177,0.4360987570386738,0.33518498620096826
11311,0.48,0.42857142857142855,0.28571428571428575,0.1951219512195122,0.42000000000000004,0.30952380952380953,0.1559610939697738,0.1327251012503221,0.34260297119148797,0.28034290010460244
11312,0.6417112299465241,0.576923076923077,0.3351351351351351,0.24675324675324678,0.32085561497326204,0.24358974358974356,0.23414068417573508,0.12134657363754657,0.41861864880126687,0.38016697161289853
11313,0.5054945054945056,0.5319148936170213,0.2,0.26881720430107525,0.3516483516483517,0.425531914893617,0.14228866615678676,0.16759685447521452,0.3534337745922621,0.44981999331666983
11314,0.35593220338983045,0.3174603174603175,0.03448275862068965,0.03225806451612904,0.18644067796610167,0.15873015873015875,0.013368255124145662,0.011827626672112835,0.21677632801754587,0.17731229988847724
11315,0.3471074380165289,0.2978723404255319,0.2184873949579832,0.10869565217391305,0.18181818181818182,0.21276595744680848,0.1152148549108522,0.023859706305329374,0.29218390804597705,0.20850312415104588
11316,0.5226130653266332,0.4327485380116959,0.233502538071066,0.14201183431952663,0.271356783919598,0.22222222222222224,0.16039162901396523,0.07527943254691678,0.42021820016992556,0.2835437580604997
11317,0.654867256637168,0.6530612244897959,0.48648648648648646,0.4166666666666667,0.6017699115044247,0.5714285714285715,0.26349034944546634,0.18903355976633782,0.5328124115282261,0.48379439317268597
11318,0.5,0.4695652173913043,0.2909090909090909,0.24778761061946902,0.42857142857142855,0.34782608695652173,0.12634082046011216,0.11753835575173698,0.4326468085106383,0.458295358649789
11319,0.32989690721649484,0.5416666666666667,0.08421052631578947,0.2765957446808511,0.1443298969072165,0.3333333333333333,0.013218304078697111,0.19161654468054218,0.20591440459679017,0.43689320388349523
11320,0.38888888888888884,0.3829787234042553,0.07547169811320754,0.15217391304347827,0.20370370370370372,0.19148936170212766,0.04840317993719298,0.07833614957377547,0.2948955916473318,0.30675459632294166
11321,0.574712643678161,0.48101265822784806,0.3058823529411765,0.25974025974025977,0.4367816091954023,0.379746835443038,0.2950053371543651,0.12300303102554314,0.48132640401839755,0.28362897265336295
11322,0.4419889502762431,0.4155844155844156,0.18994413407821228,0.18421052631578946,0.23204419889502761,0.24675324675324675,0.11442782929398497,0.08825800372771488,0.3312772415940224,0.2747351088201604
11323,0.4114285714285714,0.576923076923077,0.16184971098265896,0.25974025974025977,0.18285714285714286,0.2692307692307692,0.06082077664554055,0.13826530029909906,0.3558426322198407,0.4132354615581681
11324,0.3157894736842105,0.25,0.17204301075268816,0.05128205128205128,0.27368421052631575,0.125,0.014552575255181806,0.00660405245154673,0.14185267857142855,0.091324200913242
11325,0.46994535519125685,0.5777777777777778,0.12154696132596686,0.26966292134831465,0.25136612021857924,0.4222222222222222,0.07674132376568688,0.11258792755050809,0.27368850741631806,0.4447032287057522
11326,0.5000000000000001,0.4269662921348315,0.3770491803278689,0.3218390804597701,0.46774193548387094,0.4269662921348315,0.14510798046739984,0.15847498563235266,0.5054945054945056,0.4036825810656673
11327,0.5856353591160222,0.5664739884393064,0.22346368715083798,0.2456140350877193,0.37569060773480667,0.30057803468208094,0.08030012705337489,0.10394687086603538,0.3285448576314771,0.30096797761366645
11328,0.48,0.4343891402714932,0.14349775784753366,0.1552511415525114,0.28444444444444444,0.2171945701357466,0.0779448307075305,0.05094493900555939,0.2682657355821594,0.23351334188979384
11329,0.4761904761904762,0.6021505376344085,0.2912621359223301,0.32967032967032966,0.3619047619047619,0.49462365591397844,0.22654436988156373,0.2512229217975982,0.36209369024856597,0.41395505893909634
11330,0.35526315789473684,0.35051546391752575,0.08,0.1263157894736842,0.2631578947368421,0.28865979381443296,0.01636440852457628,0.01704139062715393,0.2194991996546825,0.13945860736321106
11331,0.3191489361702128,0.25263157894736843,0.15217391304347827,0.15053763440860213,0.276595744680851,0.23157894736842105,0.02169547848686038,0.026447377251333906,0.22633350374914793,0.24352449103003423
11332,0.5739130434782608,0.5263157894736842,0.26548672566371684,0.23655913978494625,0.2956521739130435,0.3578947368421052,0.04115301035280269,0.03256102200562313,0.359098228663446,0.3307447333912362
11333,0.4285714285714286,0.37593984962406013,0.08433734939759037,0.12213740458015267,0.20238095238095238,0.1804511278195489,0.010530539509678126,0.011761420844436949,0.2640078511235308,0.17032529132298546
11334,0.6754966887417219,0.3185840707964602,0.40268456375838924,0.14414414414414414,0.5033112582781457,0.24778761061946908,0.22127171568721637,0.04896507465154899,0.44559135144009177,0.1762539321224767
11335,0.4347826086956522,0.4854368932038835,0.17647058823529407,0.21782178217821785,0.2608695652173913,0.31067961165048547,0.022291935222289092,0.11871841625118733,0.2892646800790574,0.27761194029850744
11336,0.5411764705882354,0.5573770491803279,0.3614457831325301,0.5000000000000001,0.4941176470588236,0.540983606557377,0.23823481180723635,0.26607458347909685,0.48375970106352406,0.6661980072708402
11337,0.32653061224489793,0.2909090909090909,0.1103448275862069,0.07407407407407407,0.1496598639455782,0.16363636363636364,0.015391696105813786,0.022769146665041463,0.19229643790722178,0.17034079281042844
11338,0.5473684210526316,0.7647058823529411,0.3870967741935483,0.6666666666666667,0.5052631578947369,0.7647058823529411,0.25770715564143387,0.38116506226548974,0.5408653846153846,0.5476005367640794
11339,0.38596491228070173,0.5454545454545454,0.05357142857142857,0.21848739495798322,0.19298245614035087,0.34710743801652894,0.005512091553028842,0.12223665093541702,0.21081642066420672,0.47602875792261845
11340,0.45751633986928103,0.35514018691588783,0.11920529801324502,0.11428571428571428,0.3137254901960784,0.20560747663551404,0.08845536998662136,0.05393985020607614,0.3339374149659864,0.18221747388414058
11341,0.3793103448275862,0.38461538461538464,0.08771929824561403,0.07894736842105264,0.24137931034482757,0.28205128205128205,0.01215283489678308,0.01537159072310266,0.21933073424301494,0.1908047309833024
11342,0.3835616438356164,0.25,0.2222222222222222,0.06779661016949154,0.3013698630136986,0.1,0.16159597882608745,0.017911180577131248,0.45942698706099816,0.21420345489443376
11343,0.6857142857142857,0.5393258426966292,0.5436893203883495,0.41379310344827586,0.6666666666666666,0.4943820224719101,0.36258116548810526,0.2630219486690425,0.5898646807737717,0.3891509433962264
11344,0.39306358381502887,0.33333333333333337,0.11695906432748537,0.10810810810810811,0.2658959537572254,0.2,0.008671485027717078,0.005514628101168671,0.23293728116344528,0.1430785123966942
11345,0.3851851851851852,0.33644859813084116,0.12030075187969924,0.09523809523809523,0.2518518518518519,0.205607476635514,0.02755552566021409,0.02675847043949086,0.3275828677839851,0.21884116968586745
11346,0.31666666666666665,0.39999999999999997,0.13559322033898302,0.1111111111111111,0.23333333333333334,0.2545454545454545,0.06796479415361237,0.011036824083343402,0.23757022826771038,0.18789393356867404
11347,0.47058823529411764,0.3209876543209877,0.3,0.1518987341772152,0.35294117647058826,0.2962962962962963,0.07739733556797766,0.05570330344055417,0.48242144730903114,0.298882970089569
11348,0.5780346820809248,0.47798742138364775,0.2923976608187135,0.17834394904458598,0.35838150289017345,0.25157232704402516,0.1320229696756816,0.07796337096389352,0.3565716713943555,0.234420252046574
11349,0.47058823529411764,0.4444444444444445,0.21686746987951808,0.17721518987341772,0.2823529411764706,0.24691358024691357,0.07401568312803569,0.07562263205281951,0.4155485341643582,0.3867692587871062
11350,0.5405405405405405,0.6666666666666667,0.40366972477064217,0.49056603773584906,0.48648648648648646,0.6296296296296297,0.3107986557726063,0.38912136626381544,0.4302940420657424,0.5406547149246439
11351,0.41379310344827586,0.4848484848484849,0.18823529411764706,0.25,0.20689655172413793,0.27272727272727276,0.032304477553855765,0.05084720690436295,0.4198741984358979,0.4119318181818182
11352,0.46153846153846156,0.527027027027027,0.18181818181818182,0.2191780821917808,0.34615384615384626,0.4324324324324324,0.08930556216166205,0.10887413800903745,0.3409877314483241,0.3832217945772059
11353,0.42682926829268286,0.43609022556390975,0.07407407407407407,0.10687022900763359,0.18292682926829268,0.2406015037593985,0.01867456819061916,0.02752769694450482,0.2795899888558692,0.2656365569526627
11354,0.42975206611570244,0.3762376237623762,0.16806722689075632,0.10101010101010102,0.3140495867768595,0.2376237623762376,0.1446432608554608,0.05408356415777542,0.29183358828638495,0.19226575328407222
11355,0.3225806451612903,0.3076923076923077,0.11475409836065575,0.0,0.24193548387096778,0.17094017094017092,0.06040234596299673,0.004879749350602119,0.2010850874176183,0.1646090534979424
11356,0.4161073825503355,0.5147058823529411,0.10884353741496598,0.16417910447761194,0.16107382550335567,0.23529411764705882,0.020878851510370097,0.07090251712658449,0.20561651917404133,0.2862612612612613
11357,0.48979591836734687,0.3703703703703704,0.26804123711340205,0.21390374331550804,0.39795918367346933,0.26455026455026454,0.18768341728759386,0.15516710040141657,0.31723686554563274,0.24566037735849058
11358,0.5255474452554745,0.5499999999999999,0.3851851851851852,0.3898305084745763,0.45255474452554745,0.45,0.21201311235328693,0.22562819232542763,0.5293994559531283,0.5073949939097678
11359,0.4753363228699552,0.4434782608695652,0.21719457013574658,0.16666666666666666,0.26905829596412556,0.26086956521739135,0.13035003253044797,0.09833669588555066,0.2544378698224851,0.2645521669341894
11360,0.6455026455026455,0.6235294117647059,0.3850267379679145,0.34523809523809523,0.3915343915343915,0.34117647058823536,0.24528550604144725,0.18960964402609556,0.45079139293410314,0.3705666263939314
11361,0.45045045045045046,0.5,0.27522935779816515,0.23404255319148934,0.3243243243243243,0.27083333333333337,0.18841840130198212,0.14066643279414878,0.4227366575544713,0.40976761488297236
11362,0.5,0.5416666666666666,0.2112676056338028,0.23943661971830985,0.3611111111111111,0.2916666666666667,0.11134464091704141,0.10854356017212526,0.34545249824067553,0.37381249911962433
11363,0.41481481481481475,0.6206896551724138,0.2556390977443609,0.47368421052631576,0.31111111111111106,0.5344827586206897,0.11556261507764262,0.2947261831096827,0.46393437813051447,0.7015623193432767
11364,0.4914285714285714,0.4503311258278146,0.2312138728323699,0.17449664429530198,0.28571428571428575,0.31788079470198677,0.11554142540876382,0.04957547756412067,0.2547996379661556,0.25593408469945356
11365,0.4444444444444445,0.42424242424242425,0.18556701030927836,0.20618556701030927,0.22222222222222224,0.36363636363636365,0.0585082044671965,0.05266039344377936,0.27221706473120094,0.31123276561232766
11366,0.45161290322580644,0.4468085106382979,0.21978021978021978,0.21739130434782608,0.3225806451612903,0.3191489361702128,0.08617671234210436,0.09725201580250237,0.30065359477124187,0.30006523157208087
11367,0.425,0.46153846153846156,0.2564102564102564,0.38095238095238093,0.325,0.43076923076923074,0.03246518844707061,0.19213739487725548,0.2970738429115668,0.3070746527777778
11368,0.5522388059701493,0.47692307692307695,0.27272727272727265,0.15625,0.44776119402985076,0.3384615384615384,0.12987642849256215,0.03297372313365317,0.43255813953488365,0.3296064169506759
11369,0.4428571428571429,0.4472049689440994,0.24637681159420288,0.21383647798742136,0.27142857142857146,0.24844720496894412,0.08879860423425881,0.06914588564035724,0.39959807073954984,0.42068833773759107
11370,0.5584415584415584,0.48407643312101906,0.35526315789473684,0.27096774193548384,0.4415584415584416,0.3694267515923567,0.21274778255709406,0.14918270619627869,0.49104442586159597,0.41088660643922187
11371,0.4736842105263158,0.5,0.25,0.19047619047619047,0.3333333333333333,0.328125,0.10779476235637198,0.08294948047241646,0.28589221014492755,0.27871286093629116
11372,0.5303030303030303,0.366412213740458,0.30769230769230765,0.17054263565891473,0.4090909090909091,0.24427480916030533,0.16147577459879545,0.08264916260364968,0.4300908508764908,0.2957416893301297
11373,0.3926380368098159,0.4857142857142857,0.11180124223602485,0.2318840579710145,0.18404907975460122,0.37142857142857144,0.012944755021367813,0.1361230670250025,0.22203445524104592,0.31319173529836736
11374,0.28571428571428575,0.44897959183673464,0.06451612903225806,0.22916666666666669,0.14285714285714288,0.32653061224489793,0.020008789648758813,0.16216391434486604,0.24197005672074923,0.31332471004930895
11375,0.4519774011299435,0.48554913294797686,0.17142857142857143,0.19883040935672514,0.23728813559322037,0.2774566473988439,0.057891086673042165,0.061639439425846064,0.26615628185386797,0.27850267379679144
11376,0.2857142857142857,0.17777777777777778,0.14583333333333334,0.022727272727272724,0.2653061224489796,0.08888888888888889,0.10136068105915273,0.01039590449594692,0.2871917997968418,0.13455083347556468
11377,0.393939393939394,0.46,0.16923076923076927,0.22448979591836732,0.3333333333333333,0.42,0.08374629830171944,0.09340150899597424,0.4052657716830605,0.40291598733157175
11378,0.5915492957746479,0.39285714285714285,0.35714285714285715,0.16363636363636364,0.39436619718309857,0.21428571428571427,0.19302077814641122,0.022619665999538557,0.507848568790397,0.18977284238249595
11379,0.8859060402684564,0.8165680473372781,0.8571428571428572,0.8143712574850299,0.8859060402684564,0.8165680473372781,0.7087235936303294,0.6244606424319629,0.8585914109111702,0.8799049250823087
11380,0.4900662251655629,0.4320987654320988,0.21476510067114093,0.17500000000000002,0.31788079470198677,0.271604938271605,0.06747738374178429,0.05284809110793664,0.37025212451288797,0.3154334612380726
11381,0.44247787610619466,0.4600000000000001,0.16216216216216217,0.22448979591836735,0.21238938053097345,0.30000000000000004,0.026282375342443712,0.03296853678701419,0.29993035518853844,0.3100754278039596
11382,0.556390977443609,0.4790419161676646,0.4274809160305344,0.19393939393939394,0.46616541353383467,0.33532934131736525,0.30580120997782795,0.09148364761144234,0.3499240472888185,0.30802198594991387
11383,0.5801526717557252,0.5739130434782609,0.31007751937984496,0.3185840707964602,0.3206106870229008,0.33043478260869563,0.14838662349971612,0.08807747009305393,0.40720152476712135,0.3502365612645072
11384,0.3827160493827161,0.31578947368421056,0.0625,0.030534351145038167,0.1975308641975309,0.15037593984962408,0.019844625198503295,0.009153527152271239,0.2650568416062005,0.15068493150684933
11385,0.28346456692913385,0.2978723404255319,0.08,0.08695652173913043,0.1732283464566929,0.23404255319148937,0.01758224838633992,0.02759321988923805,0.2607791620267261,0.25701992753623193
11386,0.544,0.6218487394957982,0.30894308943089427,0.42735042735042733,0.35200000000000004,0.3697478991596639,0.1782865861711465,0.23397290686475697,0.409797878440367,0.46793694520967244
11387,0.3488372093023256,0.32876712328767116,0.14285714285714285,0.11267605633802817,0.18604651162790697,0.19178082191780824,0.08120218167632487,0.017144775819146675,0.3263474856970793,0.2395443196004994
11388,0.47619047619047616,0.4819277108433735,0.3170731707317073,0.32098765432098764,0.42857142857142855,0.40963855421686746,0.21824997402576407,0.22578368361856788,0.42083333333333334,0.4709881938169376
11389,0.4736842105263158,0.5154639175257731,0.17857142857142855,0.23157894736842105,0.2807017543859649,0.43298969072164945,0.01730270944128539,0.08509138483916319,0.2923386848514849,0.3399320870965484
11390,0.5641025641025641,0.44961240310077516,0.2337662337662338,0.1574803149606299,0.38461538461538464,0.27906976744186046,0.08189646088128259,0.02831401600714671,0.3967853561302943,0.22254227405247815
11391,0.5240641711229946,0.5291005291005291,0.28108108108108115,0.2887700534759359,0.3850267379679145,0.3703703703703703,0.15560032619952865,0.15831954654244107,0.4013167997160196,0.37437793873905345
11392,0.4126984126984127,0.6846846846846848,0.16129032258064516,0.45871559633027525,0.31746031746031744,0.5405405405405406,0.0238837103212635,0.1878477242922932,0.24587279957108385,0.525480540202375
11393,0.4148148148148148,0.46846846846846846,0.1954887218045113,0.20183486238532108,0.3111111111111111,0.2882882882882883,0.09493610210165379,0.06616259609591664,0.3422937038295516,0.24876399592845716
11394,0.35526315789473684,0.34285714285714286,0.09333333333333334,0.10144927536231883,0.19736842105263158,0.2285714285714286,0.0701326269689719,0.07655926181807923,0.18193709969451155,0.18890508584386137
11395,0.36363636363636365,0.4511278195488722,0.10084033613445378,0.13740458015267176,0.19834710743801656,0.3007518796992481,0.02330226249148618,0.02426448065879916,0.27952364520687506,0.32078336911556793
11396,0.5806451612903225,0.5894736842105264,0.41758241758241754,0.4086021505376344,0.5161290322580646,0.505263157894737,0.32496103271756954,0.2696398422206727,0.475874984262873,0.4602372881355932
11397,0.5102040816326531,0.46153846153846156,0.3541666666666667,0.2921348314606742,0.3673469387755102,0.37362637362637363,0.21714954882464654,0.17841062385396647,0.5138248847926268,0.4324549134295463
11398,0.7226890756302522,0.4615384615384615,0.5128205128205128,0.23529411764705882,0.638655462184874,0.23076923076923075,0.36616974449275613,0.20556068723458867,0.648988505830019,0.3715700922942834
11399,0.5,0.48447204968944096,0.1978021978021978,0.13836477987421386,0.2391304347826087,0.22360248447204967,0.11533235271132915,0.0561488950610177,0.33151840931461996,0.22467273154376746
11400,0.45454545454545453,0.45454545454545453,0.037037037037037035,0.037037037037037035,0.18181818181818182,0.18181818181818182,0.006347633922899433,0.006347633922899433,0.2178030303030303,0.2178030303030303
11401,0.4197530864197531,0.3333333333333333,0.25316455696202533,0.20689655172413793,0.37037037037037035,0.26666666666666666,0.13596634387289888,0.07315986666459885,0.5089965397923875,0.2959854338751221
11402,0.29577464788732394,0.39999999999999997,0.07142857142857141,0.06504065040650406,0.18309859154929575,0.208,0.009117450878144072,0.02420158996859649,0.17121752693762662,0.22854642735476635
11403,0.5194805194805194,0.5750000000000001,0.15789473684210525,0.3164556962025316,0.2987012987012987,0.39999999999999997,0.11883584954409958,0.23317433413622474,0.31504011259676296,0.49002958121796386
11404,0.6231884057971014,0.6111111111111112,0.411764705882353,0.4225352112676056,0.5217391304347826,0.4305555555555555,0.34180218956634023,0.35322907591638236,0.5032127644213414,0.5434782608695652
11405,0.3857142857142857,0.35294117647058826,0.26086956521739135,0.11940298507462685,0.32857142857142857,0.23529411764705885,0.17496219550737,0.05295211895280049,0.3900035906642729,0.2875844594594595
11406,0.3697478991596639,0.5894736842105263,0.13675213675213674,0.3870967741935483,0.3025210084033614,0.5473684210526316,0.057674882851848734,0.17461391742177654,0.3966204250295159,0.5878654653350703
11407,0.4817518248175182,0.48598130841121495,0.1037037037037037,0.20952380952380953,0.2481751824817518,0.37383177570093457,0.024503568451429897,0.08889045182691084,0.3184242929507337,0.3546911042021864
11408,0.3366336633663366,0.3076923076923077,0.14141414141414144,0.052631578947368425,0.23762376237623764,0.1794871794871795,0.016131630585340586,0.007932801943720539,0.17427173418297678,0.08064516129032259
11409,0.5454545454545455,0.5217391304347826,0.35526315789473684,0.27941176470588236,0.38961038961038963,0.4057971014492754,0.18160889524643725,0.11018966226421736,0.3987601793871983,0.4240436318479939
11410,0.5217391304347826,0.3553299492385787,0.25365853658536586,0.05128205128205128,0.3285024154589372,0.18274111675126906,0.1571251510824975,0.007631498610459304,0.3057680906310581,0.14259429622815087
11411,0.43902439024390244,0.39766081871345027,0.18518518518518515,0.1420118343195266,0.25609756097560976,0.1871345029239766,0.06505572808570532,0.02722356503665757,0.24928521548941332,0.23095457658246565
11412,0.5370370370370371,0.5688073394495412,0.2641509433962264,0.3364485981308411,0.3518518518518519,0.40366972477064217,0.021603306171469477,0.1293019544290958,0.3375680580762251,0.385621521335807
11413,0.549618320610687,0.35593220338983045,0.2945736434108527,0.17241379310344826,0.47328244274809156,0.2711864406779661,0.14925966503303653,0.06083833947634497,0.2763798701298701,0.1970179154339116
11414,0.34523809523809523,0.5882352941176471,0.09638554216867469,0.27814569536423844,0.26190476190476186,0.43137254901960786,0.021509689703617805,0.09276118011852763,0.2842592592592592,0.41758336171635996
11415,0.256,0.24175824175824173,0.03252032520325203,0.02247191011235955,0.112,0.13186813186813184,0.006655509553196782,0.00572914229501893,0.16999081820036724,0.08139534883720928
11416,0.29473684210526313,0.3448275862068966,0.04301075268817204,0.11764705882352941,0.16842105263157894,0.25287356321839083,0.0105133490705884,0.06733493544110151,0.13574660633484162,0.23312852022529443
11417,0.3025210084033613,0.46464646464646464,0.08547008547008547,0.20618556701030927,0.1680672268907563,0.3838383838383838,0.02341375860866239,0.10455596122702471,0.2961033950617284,0.4331450094161958
11418,0.5873015873015873,0.5737704918032787,0.45161290322580644,0.45,0.5714285714285714,0.5573770491803278,0.307292497860619,0.29787878322697176,0.5734586068046645,0.5462313375777174
11419,0.38993710691823896,0.34074074074074073,0.12738853503184713,0.10526315789473684,0.2641509433962264,0.1925925925925926,0.04087329518565456,0.007893607104274392,0.3219229192722839,0.1486988847583643
11420,0.6491228070175439,0.4313725490196079,0.44642857142857145,0.1456953642384106,0.5789473684210525,0.2222222222222222,0.2448099252857383,0.06359576332347718,0.5912357844176027,0.3456503562211807
11421,0.4113475177304965,0.4583333333333333,0.2014388489208633,0.2676056338028169,0.31205673758865254,0.34722222222222227,0.05072908984638067,0.06517022317178747,0.3803568226645149,0.43932997269481194
11422,0.2833333333333333,0.2745098039215686,0.06779661016949153,0.039999999999999994,0.18333333333333332,0.17647058823529413,0.01778168688966928,0.006352348738099228,0.19799956512285283,0.15027438334464813
11423,0.2278481012658228,0.24242424242424243,0.025974025974025976,0.03125,0.17721518987341772,0.21212121212121213,0.012230008607350008,0.015365675989334644,0.14778645833333331,0.15332312680115273
11424,0.4666666666666667,0.46296296296296297,0.2711864406779661,0.2830188679245283,0.36666666666666664,0.37037037037037035,0.09953712925017032,0.09511954052721189,0.4142538975501113,0.365565368685818
11425,0.2857142857142857,0.2894736842105263,0.01941747572815534,0.0,0.19047619047619044,0.15789473684210525,0.004980736971397764,0.007985172874199252,0.14423076923076922,0.11597938144329897
11426,0.5241379310344828,0.46601941747572817,0.2937062937062937,0.2376237623762376,0.2620689655172414,0.33009708737864074,0.10544552234631084,0.03539689290857985,0.5150875228984327,0.3258169137508921
11427,0.32075471698113206,0.2696629213483146,0.1346153846153846,0.02298850574712644,0.22641509433962265,0.1348314606741573,0.02855945173349577,0.008958023082862091,0.1886938049241049,0.12773722627737225
11428,0.3225806451612903,0.3937007874015748,0.09150326797385622,0.064,0.19354838709677422,0.1889763779527559,0.010747526863892463,0.008804760693837633,0.16821090839621738,0.1291248206599713
11429,0.45999999999999996,0.5376344086021505,0.16326530612244897,0.2197802197802198,0.3,0.4086021505376344,0.01489712951622001,0.01823040657633391,0.27120841487279845,0.25268389662027835
11430,0.42222222222222217,0.36065573770491804,0.20454545454545453,0.2033898305084746,0.22222222222222224,0.3278688524590163,0.10176289493427026,0.048798321897813766,0.34598214285714285,0.1769602577873254
11431,0.38095238095238093,0.3652173913043478,0.16129032258064516,0.19469026548672566,0.19047619047619047,0.19130434782608696,0.011820602349243547,0.0353800688321307,0.26498565965583176,0.268332009722523
11432,0.7079646017699115,0.5499999999999999,0.3603603603603604,0.27118644067796616,0.6017699115044248,0.45,0.1754946322554962,0.13835820474741417,0.6001304631441617,0.4398162971263908
11433,0.5147058823529411,0.5862068965517242,0.3582089552238806,0.4035087719298246,0.48529411764705876,0.5689655172413793,0.20603613000118365,0.24539630056432718,0.42582250057392107,0.3971311155342326
11434,0.5857142857142857,0.5739130434782609,0.30434782608695654,0.23008849557522124,0.3,0.3652173913043478,0.1813068756704136,0.11750939704836799,0.5148858075040783,0.42942176870748294
11435,0.65625,0.7222222222222222,0.38095238095238093,0.5283018867924528,0.5,0.6296296296296297,0.2715924047696364,0.2795123460962282,0.49326317502044387,0.479314275867097
11436,0.393939393939394,0.3962264150943396,0.1846153846153846,0.17307692307692307,0.3181818181818182,0.28301886792452835,0.05487799808214924,0.030226742061070032,0.26496786559927843,0.21126571901605798
11437,0.5271317829457364,0.41025641025641024,0.2992125984251968,0.1391304347826087,0.4496124031007752,0.2735042735042735,0.1650850196183244,0.06957175523533424,0.3764048961387521,0.24074803381023477
11438,0.6850828729281768,0.6122448979591836,0.3128491620111732,0.2896551724137931,0.47513812154696133,0.4625850340136054,0.1445023093843616,0.13735370659351065,0.5442753057507156,0.4188651070184171
11439,0.2877697841726619,0.4044943820224719,0.043795620437956206,0.13793103448275865,0.14388489208633096,0.20224719101123595,0.0073120865637038455,0.005124144415973005,0.2207462079911224,0.13966480446927373
11440,0.347107438016529,0.4375,0.11764705882352942,0.21276595744680848,0.2644628099173554,0.3125,0.020731870502974602,0.17773447030616132,0.17970401691331925,0.38598993288590605
11441,0.5616438356164384,0.5255474452554744,0.27777777777777773,0.2814814814814815,0.3972602739726028,0.39416058394160586,0.2514240044757977,0.24984613769083877,0.37630057803468214,0.3736192332683561
11442,0.5040650406504066,0.43137254901960786,0.2809917355371901,0.24,0.3252032520325203,0.3529411764705882,0.13188660815842307,0.04001461788197062,0.3570503800564889,0.2443952802359882
11443,0.4358974358974359,0.410958904109589,0.19480519480519481,0.18055555555555555,0.32051282051282043,0.3561643835616438,0.15594032232664232,0.1075298566500143,0.3828326180257511,0.27154304015590336
11444,0.6621621621621622,0.5,0.4246575342465753,0.36231884057971014,0.527027027027027,0.44285714285714284,0.2547049649348077,0.21723803666352848,0.49402843187604495,0.3757340509132475
11445,0.45871559633027525,0.43373493975903615,0.14953271028037382,0.2716049382716049,0.3302752293577982,0.3855421686746988,0.01672108460283464,0.07640080356781791,0.2409743366681166,0.23038321167883213
11446,0.44776119402985076,0.3018867924528301,0.16666666666666666,0.07692307692307693,0.26865671641791045,0.20754716981132074,0.08246124602350843,0.009454314066463182,0.26275545435253456,0.1462167376060263
11447,0.5825242718446602,0.5170731707317073,0.2647058823529412,0.22660098522167488,0.33980582524271846,0.33170731707317075,0.12920348269313212,0.17537159196483681,0.4012113064985918,0.3971649387370405
11448,0.5517241379310345,0.6575342465753423,0.3764705882352941,0.4507042253521127,0.48275862068965514,0.5205479452054794,0.2948978498692003,0.27527549895118814,0.49932731116663465,0.532481243035222
11449,0.47619047619047616,0.3880597014925374,0.24096385542168675,0.07575757575757576,0.3333333333333333,0.22388059701492535,0.161796584979341,0.02322187291818458,0.353599249737326,0.17315948801767994
11450,0.39215686274509803,0.43410852713178294,0.14569536423841062,0.1732283464566929,0.26143790849673204,0.29457364341085274,0.06042911199360389,0.14077619091498128,0.3041682434292005,0.2967705722639933
11451,0.5528455284552846,0.3177570093457944,0.2975206611570248,0.05714285714285715,0.43902439024390244,0.16822429906542058,0.16978557081826431,0.011383253583580761,0.43177470302976373,0.14563106796116504
11452,0.5751633986928104,0.5818181818181818,0.3973509933774835,0.3680981595092025,0.4183006535947712,0.44848484848484854,0.26089101037181667,0.3209637218721035,0.4092912296037296,0.4538377755691107
11453,0.4200913242009132,0.37634408602150543,0.13824884792626727,0.10869565217391305,0.2374429223744292,0.21505376344086022,0.09916537939348496,0.07438425608495372,0.2702879192638765,0.22462473549014944
11454,0.5251396648044693,0.543046357615894,0.39548022598870053,0.4563758389261745,0.49162011173184356,0.5033112582781457,0.3917613467367497,0.34186937220475805,0.4728645127194509,0.4338203067932797
11455,0.5271317829457364,0.5123966942148761,0.2677165354330709,0.2689075630252101,0.43410852713178294,0.42975206611570244,0.10866241610873806,0.14766496358708675,0.4689622641509433,0.43977055449330793
11456,0.5599999999999999,0.5673758865248226,0.3378378378378379,0.28776978417266186,0.3733333333333333,0.4113475177304965,0.1524405173625514,0.13089091873312986,0.47243270967070994,0.4055212620027435
11457,0.5555555555555556,0.5862068965517241,0.3584905660377358,0.3859649122807018,0.5,0.4655172413793104,0.250655313615639,0.21763856889707553,0.447989071116728,0.49779035043025355
11458,0.2884615384615385,0.5411764705882353,0.11764705882352941,0.3132530120481928,0.23076923076923078,0.4235294117647059,0.07560369744522255,0.17160235015215244,0.23521030946360497,0.360768951455226
11459,0.464,0.4230769230769231,0.14634146341463414,0.13725490196078433,0.256,0.25,0.02777760767347321,0.0316045040346683,0.2595025841795187,0.22176106770833334
11460,0.6086956521739131,0.5974025974025974,0.5111111111111112,0.4,0.6086956521739131,0.4675324675324675,0.3147352342927371,0.23543360637366292,0.567164745145631,0.4884944788274541
11461,0.5369127516778522,0.5853658536585366,0.272108843537415,0.347107438016529,0.40268456375838924,0.40650406504065045,0.17708878177174642,0.21860385445318797,0.4076296618205616,0.404146420472951
11462,0.6060606060606061,0.4821428571428571,0.30769230769230765,0.21818181818181817,0.45454545454545453,0.3392857142857143,0.14840835618642995,0.12204033228063207,0.5043524812570315,0.33340669014084506
11463,0.537037037037037,0.5471698113207547,0.18867924528301885,0.2692307692307693,0.3333333333333333,0.32075471698113206,0.03151100728916365,0.08195622627235019,0.34972564612326046,0.37125748502994016
11464,0.4260355029585799,0.3770491803278689,0.16766467065868265,0.16666666666666666,0.2485207100591716,0.2622950819672131,0.11442782929398497,0.07372762750064944,0.30535977165469874,0.2593955480485009
11465,0.3185840707964602,0.39393939393939387,0.16216216216216217,0.125,0.24778761061946902,0.21212121212121213,0.03147529241048311,0.019454290935168924,0.3670781893004115,0.25686077643908967
11466,0.4615384615384615,0.6349206349206349,0.3421052631578947,0.4262295081967213,0.4615384615384615,0.6031746031746033,0.17242869929691285,0.2475916259281475,0.38027108433734946,0.46086964988121665
11467,0.44285714285714284,0.5660377358490566,0.18840579710144925,0.30769230769230765,0.24285714285714285,0.2641509433962264,0.10855045056479741,0.1345158337410565,0.37014925373134333,0.365852712376381
11468,0.4878048780487805,0.36800000000000005,0.1652892561983471,0.11382113821138212,0.2926829268292683,0.22400000000000003,0.09212773878152217,0.07997015095679194,0.38397752565007337,0.24363564544961944
11469,0.4035087719298246,0.3333333333333333,0.16071428571428573,0.19512195121951217,0.29824561403508776,0.23809523809523808,0.08962872923283614,0.10764387297193093,0.28626540288347874,0.1873405612244898
11470,0.594059405940594,0.5277777777777778,0.36363636363636365,0.3142857142857143,0.45544554455445546,0.2222222222222222,0.1366565287125155,0.1453500550371551,0.5863464414533298,0.4100301997763632
11471,0.5734265734265733,0.47328244274809156,0.3262411347517731,0.20155038759689922,0.4055944055944056,0.32061068702290074,0.21830539700207938,0.16528133057126462,0.5142758857929137,0.31089059516798767
11472,0.41441441441441446,0.47916666666666674,0.16513761467889906,0.2127659574468085,0.28828828828828823,0.3958333333333333,0.09084711516634654,0.1012175902793089,0.23075108282720733,0.30920698924731194
11473,0.6222222222222222,0.5178571428571428,0.37593984962406013,0.2909090909090909,0.39999999999999997,0.42857142857142855,0.245284855456132,0.14693223598130606,0.5838400863683434,0.39496296296296296
11474,0.37288135593220334,0.15384615384615383,0.18965517241379312,0.0,0.18644067796610167,0.15384615384615383,0.02547556595211481,0.007042764254735515,0.26382978723404255,0.06510416666666666
11475,0.2781456953642384,0.3851851851851852,0.06711409395973153,0.12030075187969924,0.1456953642384106,0.22222222222222224,0.02044821764953437,0.013805615693046391,0.2094287496658052,0.2534257883440647
11476,0.5899280575539569,0.45614035087719296,0.3941605839416058,0.25,0.5179856115107914,0.3508771929824561,0.22568892500155457,0.18145915196886414,0.5474121341993604,0.35047766891710486
11477,0.4482758620689655,0.47058823529411764,0.15789473684210525,0.16,0.27586206896551724,0.2941176470588235,0.08675967642762827,0.041031543649413006,0.3420437646059061,0.27174019607843136
11478,0.6,0.6373626373626374,0.288135593220339,0.38202247191011235,0.2833333333333333,0.43956043956043955,0.10930519388246808,0.24254052363831852,0.5363420500801777,0.4711653543307087
11479,0.5294117647058824,0.5106382978723404,0.19999999999999998,0.1956521739130435,0.411764705882353,0.29787234042553196,0.11330065075897523,0.11140985739847596,0.4750613938521466,0.4236886125883204
11480,0.5644171779141105,0.5733333333333334,0.19875776397515527,0.29729729729729726,0.3312883435582822,0.37333333333333335,0.06045752673437796,0.14592583908165116,0.25361974162369905,0.3174649115284567
11481,0.4950495049504951,0.475,0.30303030303030304,0.3333333333333333,0.37623762376237624,0.45,0.10919345369742826,0.19884875959516454,0.4758115757014031,0.38901032179720696
11482,0.3571428571428571,0.3157894736842105,0.16363636363636364,0.14285714285714288,0.14285714285714285,0.2280701754385965,0.07454259819046603,0.0540033037898075,0.3250668357966907,0.22203325774754343
11483,0.5102040816326531,0.4,0.14583333333333334,0.12048192771084337,0.22448979591836732,0.16470588235294117,0.028387481895773576,0.040218353376269056,0.41637411108110534,0.2876900337837838
11484,0.6915887850467289,0.7126436781609196,0.6476190476190475,0.6352941176470588,0.6915887850467289,0.4137931034482759,0.48470488850769167,0.5356884481160601,0.6965352449223416,0.5963868170586619
11485,0.3595505617977528,0.4693877551020408,0.11494252873563218,0.18750000000000003,0.2247191011235955,0.30612244897959184,0.0865148073201992,0.09633599896830657,0.17857142857142858,0.29627039627039625
11486,0.4744186046511628,0.4554455445544554,0.19718309859154928,0.12,0.2511627906976744,0.2277227722772277,0.08534471575170102,0.06253191621583667,0.3039654122375246,0.2627611274531159
11487,0.5617977528089888,0.6,0.22727272727272727,0.27380952380952384,0.21348314606741572,0.2117647058823529,0.10448355415111116,0.12178898100930324,0.4064225894069715,0.3262478635127307
11488,0.3043478260869565,0.28260869565217395,0.2222222222222222,0.2222222222222222,0.3043478260869565,0.26086956521739135,0.14821610514707026,0.15463313032122358,0.24456654456654456,0.2794966236955187
11489,0.4971751412429378,0.5256410256410255,0.26285714285714284,0.24675324675324675,0.21468926553672316,0.25641025641025644,0.13373335786424123,0.142335186157736,0.21641039977634885,0.26682719816898726
